"","logFC","logCPM","F","PValue","FDR"
"ENSG00000054598",-5.00976921971902,6.14088287166342,972.257443745089,1.48820470706016e-88,2.70674672120101e-84
"ENSG00000100219",3.10312398481419,10.4683925085974,612.86411900152,1.74187398980777e-69,1.58406020633119e-65
"ENSG00000120262",4.35317208453108,4.33444747001145,599.777723789285,1.19625400423837e-68,7.25248927636252e-65
"ENSG00000148468",-3.205172994111,5.61435655069053,562.164541914534,3.60325355657333e-66,1.63839939217389e-62
"ENSG00000173467",7.62634188205913,6.27044966590083,556.725680124595,8.40630359404465e-66,3.05787699536968e-62
"ENSG00000154548",-4.0433291866804,1.67680555607144,544.822827978882,5.47641087154051e-65,1.66008268219298e-61
"ENSG00000150667",5.76455468967597,3.83629567521559,508.268912421909,2.07180609717811e-62,5.38314418506793e-59
"ENSG00000182175",-3.64311547447974,5.13009791442014,506.237780276279,2.90542225376442e-62,6.60547749393342e-59
"ENSG00000171428",5.40809340635263,6.35018683496658,500.999702749384,6.97868305078388e-62,1.41031430364064e-58
"ENSG00000213064",-1.7641806911289,7.43197899038431,464.435394819593,3.77229826639474e-59,6.86105608691875e-56
"ENSG00000131844",1.9309089156719,7.4509672109916,454.495217537026,2.20666150776522e-58,3.64861450029398e-55
"ENSG00000134830",3.37190322459427,3.83675431343576,447.64785190067,7.55962311203635e-58,1.14578687634764e-54
"ENSG00000074410",4.40141397594116,8.31209947892317,446.427984531747,9.42583067496481e-58,1.31874621781738e-54
"ENSG00000178935",2.52889175403845,5.45425196236295,444.802601816751,1.26547360864509e-57,1.64403099957406e-54
"ENSG00000198729",-5.90545139819429,4.64540147496028,444.269916049842,1.39394541458578e-57,1.69020528003241e-54
"ENSG00000135912",-1.91186784673909,5.85977446401371,435.986824703939,6.32989226279222e-57,7.19550502972905e-54
"ENSG00000114547",-6.54803283402349,3.76557902658097,434.787683759368,7.89203037049666e-57,8.44354402227019e-54
"ENSG00000225362",5.64089295134777,2.0443885614923,424.252695081482,5.57250986061487e-56,5.63071163027018e-53
"ENSG00000144681",-4.24587555021042,2.92118369475606,420.766311808733,1.0712513010228e-55,1.02546940331593e-52
"ENSG00000167614",-5.68188985734305,4.62637187498264,416.444094182818,2.42011430999167e-55,2.20085195350643e-52
"ENSG00000163064",-5.27238790047843,5.26516638071185,412.757643967672,4.87008341499288e-55,4.21795605485193e-52
"ENSG00000231367",-4.87164768053698,2.81224679685909,411.390962076806,6.31767220682226e-55,5.22299191353106e-52
"ENSG00000109846",-4.47823389746686,7.14685880074638,409.963048355324,8.29642985291702e-55,6.56067244195021e-52
"ENSG00000245750",4.65526633289278,2.75467322352115,403.27727898832,2.99490442650502e-54,2.20270641459376e-51
"ENSG00000100139",-1.89726881018151,5.97432087940567,403.220860187236,3.02769190481879e-54,2.20270641459376e-51
"ENSG00000157368",-3.61746091850865,4.00857368103381,401.086138407825,4.57438840573562e-54,3.19996062782767e-51
"ENSG00000143412",2.96790635959115,5.0979076937255,400.48759321872,5.13676410898696e-54,3.43220971311963e-51
"ENSG00000254231",3.39448365297344,2.06268835382522,400.341984838595,5.28380646400647e-54,3.43220971311963e-51
"ENSG00000163879",4.09551333618438,4.93047934012263,397.365105466457,9.42200713818093e-54,5.90922295962878e-51
"ENSG00000146476",3.17831693794488,7.15765723313423,395.912019831371,1.2507725782971e-53,7.58301721802257e-51
"ENSG00000163661",-5.19603321099411,3.16299001073301,385.509649682775,9.6857322123718e-53,5.68271282189091e-50
"ENSG00000162482",4.98668573881742,4.43836368829893,384.526475015399,1.17734317076138e-52,6.69172424681501e-50
"ENSG00000187720",3.60164299951931,6.64797670465232,383.899062575439,1.33373054546524e-52,7.35087610937022e-50
"ENSG00000109436",3.65101061070793,8.48613454403166,380.95345395329,2.3992965027268e-52,1.28348249387044e-49
"ENSG00000115648",4.03196467814712,7.60624867519138,379.487129984498,3.21717828718871e-52,1.67182967678252e-49
"ENSG00000172425",3.71940769368487,-0.0801108675989538,376.938675447683,5.365220167722e-52,2.71062845584799e-49
"ENSG00000094755",-6.71741879056821,8.59178615617546,370.938153369347,1.80366148129322e-51,8.86621487074622e-49
"ENSG00000140511",-3.04274555534933,5.73119349858936,370.103049937431,2.13718260097195e-51,1.02292308280205e-48
"ENSG00000108932",4.13786805392979,5.02395614525839,369.683912052467,2.32735329401663e-51,1.08538209516858e-48
"ENSG00000134755",-2.85780302708177,7.59402691818798,369.357667796499,2.48711254707587e-51,1.1308900751554e-48
"ENSG00000154655",-3.30472672247704,3.20934409318452,366.877464473051,4.12469017390125e-51,1.82975280202234e-48
"ENSG00000214530",2.55607336713486,7.55104101397841,366.656953699869,4.31486179697034e-51,1.86854062769754e-48
"ENSG00000184384",-2.0503980213304,5.15030905913372,366.135212335899,4.80077890949981e-51,2.03061783269727e-48
"ENSG00000119866",-4.26286119613312,4.49376309762507,365.883609197502,5.0544620314292e-51,2.08933080517351e-48
"ENSG00000143178",-1.99208317836505,2.70572405452206,363.769452614123,7.79739141225561e-51,3.151532333469e-48
"ENSG00000091831",5.38238144254933,8.69813403672409,360.792664800195,1.4392874789063e-50,5.69081753616256e-48
"ENSG00000183323",1.62774968383293,4.98319445284777,359.244357434363,1.98206552561023e-50,7.67017186804231e-48
"ENSG00000100146",-7.29681647539309,6.17420189108118,359.090546171662,2.04617531301386e-50,7.75329929022833e-48
"ENSG00000176597",-2.88965711628636,4.02724380501414,353.360770345667,6.73674088569384e-50,2.50056822916326e-47
"ENSG00000141424",3.46442000017984,10.0851647754799,349.530174321551,1.50374812271835e-49,5.47003417120028e-47
"ENSG00000186832",-7.07315802408696,7.25140762156876,344.023674006726,4.81277462025451e-49,1.71636754496449e-46
"ENSG00000197375",1.70968447733367,4.8802483244507,343.133095757718,5.81494991159701e-49,2.03389055754089e-46
"ENSG00000224577",3.70018955115832,0.635218659209315,340.77336085534,9.61203955615699e-49,3.29856180089402e-46
"ENSG00000110171",1.84129033768863,4.68130387213304,340.406823080465,1.03943574300881e-48,3.50097357293412e-46
"ENSG00000075618",-2.62382652000068,7.14481636214259,337.808907281128,1.81242480487901e-48,5.99352406384355e-46
"ENSG00000197329",-1.76947112563735,5.49707704232645,337.283346351969,2.02879395362798e-48,6.58923293367602e-46
"ENSG00000107485",3.42123982508731,8.80272884848092,336.872859179378,2.21575879837264e-48,7.07021421487748e-46
"ENSG00000183044",3.3192366546294,5.38363375788931,334.655947433252,3.57066870390868e-48,1.11971245494295e-45
"ENSG00000073464",-2.96652883578636,3.63446532312056,332.850571249751,5.27339088214736e-48,1.6064905380336e-45
"ENSG00000047346",2.02835398346546,5.91266532123721,332.827637487692,5.29961690576292e-48,1.6064905380336e-45
"ENSG00000285043",2.10945297345398,1.25732535420238,330.933930354461,7.98807743439062e-48,2.38175659633929e-45
"ENSG00000196177",2.59655478905279,6.51024166464575,328.756214555991,1.28258288177601e-47,3.76251894415196e-45
"ENSG00000233622",5.63994779416359,6.11499779227002,328.336961275513,1.40528595633284e-47,4.05703824980661e-45
"ENSG00000123124",2.1143770159011,7.66555142955837,326.807814844987,1.96214768847162e-47,5.57617846217527e-45
"ENSG00000113719",1.52179927725399,8.28675782237603,326.070541737813,2.3054970866551e-47,6.45113554032044e-45
"ENSG00000149231",-1.57027515501064,4.14247274393221,325.992365020918,2.34528578711139e-47,6.46303907514877e-45
"ENSG00000206113",3.36808175890517,-0.0275307567455083,325.374971240847,2.68484038055936e-47,7.28833982710651e-45
"ENSG00000175356",5.4530364299724,7.56337190563618,320.830748263949,7.29604757959616e-47,1.95147813790728e-44
"ENSG00000071051",-1.43843819170188,5.78871931987997,319.783481668168,9.19681179755342e-47,2.42422627498408e-44
"ENSG00000064787",5.34061609090021,5.31344138565581,319.443515857158,9.9155705858008e-47,2.57634854020779e-44
"ENSG00000122863",-2.2605266519617,5.32286062934866,317.693591600751,1.46165534812037e-46,3.74430809459342e-44
"ENSG00000158186",-1.9868819536096,5.82393833061568,316.387406013942,1.95423649811414e-46,4.93661853162499e-44
"ENSG00000183888",6.88705151046831,2.29203746963764,315.537110255056,2.3617979183958e-46,5.88443569038122e-44
"ENSG00000254290",4.69209949843462,0.39344574187712,315.184501933756,2.55501652605686e-46,6.27981629404354e-44
"ENSG00000029725",1.68170013413699,6.58559162961017,313.29346287958,3.89861380298792e-46,9.45439837983257e-44
"ENSG00000129151",-5.18162390715519,3.66935673451744,312.313635868504,4.85557425647777e-46,1.16201558653707e-43
"ENSG00000183943",-2.01435983361562,5.84018729335303,311.165424424614,6.28297741743523e-46,1.48408822426379e-43
"ENSG00000171604",2.08614526752958,6.4936824861852,308.494609456539,1.14656763455455e-45,2.67356053042028e-43
"ENSG00000196208",3.57180687092184,6.39971786702898,307.948560891993,1.29706889103391e-45,2.98621379621832e-43
"ENSG00000168301",1.95904409908536,4.17568547640958,307.270584761807,1.51196113829593e-45,3.43744364791581e-43
"ENSG00000124126",2.80623844462806,7.55702260535672,306.835170388496,1.66855803248397e-45,3.74663376479239e-43
"ENSG00000005513",-5.85357431494364,4.04990679647362,306.468190954046,1.81318020206049e-45,4.0217221359849e-43
"ENSG00000204531",-2.68346072053006,0.597769692279258,304.537530697034,2.81030139776148e-45,6.158284556926e-43
"ENSG00000154645",-4.45523398442648,2.56423527158629,304.399703580566,2.89977541379882e-45,6.27870419359201e-43
"ENSG00000137699",-4.48945223306266,6.7080817210583,304.222080479678,3.01933275324335e-45,6.46066166070472e-43
"ENSG00000158458",-3.55936488718777,0.865491690981617,302.981595469631,4.00507200457231e-45,8.4702615836234e-43
"ENSG00000165533",1.34317981638424,4.6812348130635,301.335208824831,5.8329029978978e-45,1.21941195087086e-42
"ENSG00000119787",-1.43969457996779,6.73918664466712,300.934861211929,6.39236518524307e-45,1.32118565896819e-42
"ENSG00000239445",-2.76239663338151,0.487907236992984,299.508595453006,8.86349225146245e-45,1.81133929291684e-42
"ENSG00000230393",4.60123421862004,-0.0655400397599653,298.719419992213,1.06243650573293e-44,2.14706612958561e-42
"ENSG00000163975",-3.34583323682371,6.02141414857621,297.756725936713,1.32573992845249e-44,2.64973162842791e-42
"ENSG00000050438",3.22098381278482,4.49857216363942,297.695093169028,1.3446834968213e-44,2.65838080871586e-42
"ENSG00000197410",-4.64447247315992,2.48316740223041,297.126816034849,1.53273242990839e-44,2.99756316507245e-42
"ENSG00000160182",8.10872124388949,6.65311119362676,296.740477723679,1.67550825048579e-44,3.23813355189547e-42
"ENSG00000004838",3.23146370341619,2.94225836942377,296.699674247421,1.69134972195992e-44,3.23813355189547e-42
"ENSG00000092068",2.74852990852469,6.63377073123086,296.505077229546,1.76900195005856e-44,3.35152161121512e-42
"ENSG00000141294",2.66061602281725,2.14577990587045,295.622761466335,2.16873641316342e-44,4.06649256521818e-42
"ENSG00000198863",1.25628160685752,5.40456570852533,293.752024009132,3.34409771572703e-44,6.20637237282074e-42
"ENSG00000229124",-2.98472192839542,2.47650168024266,293.500194652237,3.54524113702289e-44,6.51321674749216e-42
"ENSG00000175040",-2.54031852281126,4.0204198307973,293.094443455929,3.89530935186553e-44,7.08478864917302e-42
"ENSG00000228649",-2.94681131677953,1.72026058234716,293.047087497,3.93837453246879e-44,7.092193663024e-42
"ENSG00000168306",3.9512304710491,4.38584220119683,292.977289382044,4.00272500205295e-44,7.13740807228814e-42
"ENSG00000046653",-2.33777875851041,4.55601928605789,292.104461765052,4.90288853941755e-44,8.65764434513848e-42
"ENSG00000222014",4.01631207557425,0.127796124624168,291.252392704264,5.97847251494676e-44,1.04554286636396e-41
"ENSG00000163704",2.12666756793658,3.73576916237287,291.181311279369,6.07830108115849e-44,1.0528775244201e-41
"ENSG00000278948",-2.093438305844,-0.472619249314039,290.654362885625,6.87271008887241e-44,1.1792533122303e-41
"ENSG00000073792",-3.81762381599982,4.14327268088317,290.075458341161,7.86672032055287e-44,1.33719541299267e-41
"ENSG00000147862",-2.33314362859125,7.45241421548384,289.870226247677,8.25290561222156e-44,1.38985043773228e-41
"ENSG00000141337",2.1635280181674,3.97394689946004,289.694373674137,8.59897906382826e-44,1.42275362094764e-41
"ENSG00000109654",-2.5713240777746,5.71971651801535,289.691510162976,8.60473379724217e-44,1.42275362094764e-41
"ENSG00000143867",-4.39012712163111,3.53749350311213,288.995364241414,1.01255379294712e-43,1.65912868343443e-41
"ENSG00000146648",-4.48426048893333,7.54106874803063,288.945909175269,1.0243369172105e-43,1.6634499866272e-41
"ENSG00000109062",2.14810733915163,8.43577099982615,288.661760707284,1.09476714143274e-43,1.76209068746715e-41
"ENSG00000176532",4.05877442864746,4.73811209937252,288.04589126153,1.26464018263527e-43,2.01765575805003e-41
"ENSG00000154928",-3.11117794591592,2.79682632189495,287.96299399736,1.28945037937053e-43,2.03934986956445e-41
"ENSG00000153551",-2.23400384465077,5.12542494001455,286.963070979516,1.63036198432228e-43,2.5562951526598e-41
"ENSG00000131759",1.83322359540192,6.21929359374962,286.544971460272,1.79861996206232e-43,2.79600853589653e-41
"ENSG00000231826",-5.86554678087412,3.55722624890631,284.460197761536,2.93853243531692e-43,4.5293244011478e-41
"ENSG00000129514",4.45841899942561,7.78651556438514,283.404100193003,3.77091051035846e-43,5.76347229936132e-41
"ENSG00000160191",-2.98685518061826,3.98510670674386,283.172159541549,3.98348653200382e-43,6.03763775367379e-41
"ENSG00000134324",-1.81364346016576,5.93298735727824,282.842444416173,4.30663882555061e-43,6.47348321976153e-41
"ENSG00000127663",1.64554621658765,6.68490437120413,282.666095832698,4.49019513057138e-43,6.69407123236329e-41
"ENSG00000163683",1.90928497845526,7.62193374784134,280.770618398876,7.03850928053786e-43,1.04078379507661e-40
"ENSG00000254615",-3.23908084069956,1.26322968044393,280.650577446956,7.24214521439128e-43,1.06225917063991e-40
"ENSG00000072858",3.129633018059,4.84526588332545,279.257603994475,1.00880725105098e-42,1.46785490256922e-40
"ENSG00000182253",-3.52486762184181,6.46620896035125,278.968792116721,1.08068636625722e-42,1.55996219281637e-40
"ENSG00000175985",4.00132089092042,2.26401264303381,278.864574529993,1.10787307768504e-42,1.58661382180595e-40
"ENSG00000152284",-2.58651802158881,5.81172596166058,278.563893992458,1.19023686834992e-42,1.69125220012097e-40
"ENSG00000166682",-4.01099829418579,0.893408431807576,278.050104514894,1.34552241636272e-42,1.89708230300815e-40
"ENSG00000109452",2.63425376272471,5.63298654240788,277.763417294576,1.44088878112638e-42,2.01591424239435e-40
"ENSG00000139644",1.04531734495557,10.1576624525653,276.533687198361,1.93366179311172e-42,2.68469012924549e-40
"ENSG00000089101",3.12125886987853,0.62639758422718,275.596013355964,2.42098149675085e-42,3.33581905022003e-40
"ENSG00000118849",-4.24400545087141,7.18831691614687,275.201592765071,2.66135265025559e-42,3.63944977465028e-40
"ENSG00000064225",-2.10559727451965,3.66645440282994,273.102518504266,4.40974381949224e-42,5.98540452156155e-40
"ENSG00000223813",3.65977934019053,0.180037193031575,271.894402006099,5.90251875757696e-42,7.95222304909701e-40
"ENSG00000175183",-2.45603400625141,4.58251743603852,271.644216534054,6.27041523755437e-42,8.3857582603411e-40
"ENSG00000173320",-2.60330962046665,3.04948042422206,271.136081788128,7.09035362357141e-42,9.41309136536619e-40
"ENSG00000109501",1.63494098927683,6.08192449902814,271.089422294583,7.1708618970702e-42,9.45098812926904e-40
"ENSG00000102316",1.8232502680426,9.17255840538164,270.578652721764,8.11478666248386e-42,1.06181107782199e-39
"ENSG00000180346",-1.36319316714756,4.08948212863089,270.261592995475,8.76277116072945e-42,1.13840915622391e-39
"ENSG00000124249",3.77193578906047,3.33062904705838,270.06372307185,9.19334918598067e-42,1.18587684393345e-39
"ENSG00000248429",3.32577852244297,2.61855602404485,270.022182578418,9.28641870998e-42,1.18944636265575e-39
"ENSG00000260810",2.94228195349948,-0.858820252080054,269.3914538492,1.08220985445524e-41,1.37644984844978e-39
"ENSG00000081923",1.76576110507903,6.31042280112788,268.95679674018,1.20270938368566e-41,1.51908876878297e-39
"ENSG00000138801",-1.40233047101449,7.33295824502167,268.466209214764,1.35505185767486e-41,1.69970228878555e-39
"ENSG00000139083",-1.60919050470617,7.03960328584874,267.951692142973,1.53578479613592e-41,1.91320916932329e-39
"ENSG00000165071",-3.00204695282536,2.20158289053869,267.640217276396,1.65681306989472e-41,2.04993987178539e-39
"ENSG00000104783",-2.9673227812244,5.71737940094318,266.741439473641,2.06273894319131e-41,2.53493891207862e-39
"ENSG00000062038",-3.16443143010829,7.11376488078324,266.660511361413,2.10388410229961e-41,2.56815060755875e-39
"ENSG00000065978",-1.4625754807614,8.98448161365679,266.195633622831,2.35678601224708e-41,2.85768159938333e-39
"ENSG00000134352",2.54189081661664,8.75312074228644,265.375966498528,2.87972438858071e-41,3.46863756155669e-39
"ENSG00000218416",4.47456450344067,2.66469762939596,264.188152396047,3.85227601864147e-41,4.60955238335862e-39
"ENSG00000119661",1.33315895129028,4.26993654300129,263.726374432633,4.31442565926582e-41,5.12880875102789e-39
"ENSG00000185133",2.97824967659157,4.60360675085415,262.922020118549,5.25700510584234e-41,6.20872784838055e-39
"ENSG00000198947",-2.51443448702765,4.41643489580809,262.75841735223,5.47279841857947e-41,6.42188758949183e-39
"ENSG00000120162",-2.23117203083193,4.35347987463168,262.659473332608,5.60761699665665e-41,6.53790627789687e-39
"ENSG00000160307",-4.37407126330753,3.97478592580424,261.997891665154,6.59931747963078e-41,7.60381724193357e-39
"ENSG00000165186",-4.940293345937,3.20536238651126,261.994107381948,6.60547132299045e-41,7.60381724193357e-39
"ENSG00000196196",-4.60116129615629,3.23823239800964,261.736131477826,7.03891192660961e-41,8.0518069258601e-39
"ENSG00000143878",1.7395683571482,8.25986371241629,261.103270986756,8.22766411687706e-41,9.35279718485999e-39
"ENSG00000196557",4.23262318604552,5.21952395671084,260.938896239356,8.56826098902884e-41,9.67947396698488e-39
"ENSG00000175895",1.83500657599768,6.72010184672725,259.584698664855,1.19740032502317e-40,1.3443405624396e-38
"ENSG00000227036",-3.14438350729437,3.76957501735774,258.973530626359,1.39303874436371e-40,1.55439194371086e-38
"ENSG00000259793",4.05242445369264,-0.25826965094922,258.803284644512,1.45306555399213e-40,1.61148514000054e-38
"ENSG00000234899",-2.82945672742676,1.60071087431834,258.586391746102,1.53333236975665e-40,1.69019691764448e-38
"ENSG00000184675",-1.48082923039859,4.30445955255083,258.474771907342,1.57636722507192e-40,1.72716669214506e-38
"ENSG00000120278",-1.787034953132,5.12024370005531,257.13550824813,2.19835785600891e-40,2.39423549012516e-38
"ENSG00000273472",3.53370452206619,2.14619063966905,257.052179684939,2.24438881840233e-40,2.42981808506557e-38
"ENSG00000267287",-3.42532659984946,0.592121171386874,256.876627043377,2.34456945498725e-40,2.52325616847977e-38
"ENSG00000082175",5.75753347823492,6.30540225890424,256.60005482282,2.51162414725658e-40,2.68714235237074e-38
"ENSG00000122694",-1.97151548696322,5.80309956748269,255.667633342892,3.16847430408949e-40,3.37007079782337e-38
"ENSG00000287914",5.43269701548457,1.7841057244967,255.595668830889,3.22585679282904e-40,3.41115600860318e-38
"ENSG00000104332",-4.84978761269696,8.30988021615481,254.781901016071,3.95245101537106e-40,4.15532826980167e-38
"ENSG00000185479",-6.40964410758785,7.01240432477494,253.468128860197,5.49029015442758e-40,5.73893088096142e-38
"ENSG00000141750",-6.51560601970119,6.28108180459212,253.422827604821,5.55294668818947e-40,5.77125682084515e-38
"ENSG00000134762",-5.2723550567431,6.06666497161112,252.374314426349,7.22292298626374e-40,7.46423427694118e-38
"ENSG00000172465",1.80354721847567,4.42471135295954,252.171127523663,7.60096824500912e-40,7.79249009870448e-38
"ENSG00000187699",-2.73043623913543,2.2388613102106,252.157902487794,7.62625487997249e-40,7.79249009870448e-38
"ENSG00000158887",-5.92064590398418,3.96480000515764,252.111085694071,7.71645322967562e-40,7.8406062201866e-38
"ENSG00000253125",5.57425245056686,2.24418767718415,251.078981036296,1.00026054698791e-39,1.01070771270089e-37
"ENSG00000162891",5.58129872951484,2.32904162338657,250.630285758742,1.11989872186812e-39,1.12534353333356e-37
"ENSG00000166535",-5.65195840576274,5.47107565485281,250.442556424095,1.17414130165799e-39,1.173367142558e-37
"ENSG00000162104",1.68906723589077,5.59322827499013,249.624289635628,1.44326688087353e-39,1.43443377209441e-37
"ENSG00000187045",4.0300976860646,2.25394783100295,248.982773883475,1.69713371905879e-39,1.67757978707833e-37
"ENSG00000128422",-5.03796714183639,8.00735175778368,248.657263781411,1.84270901294733e-39,1.81163197445871e-37
"ENSG00000111728",-2.60017129105737,3.70908541623799,247.58913616828,2.41490877434613e-39,2.36141724665631e-37
"ENSG00000147454",-1.89046117537703,5.87764155462675,247.563691883521,2.43053282323832e-39,2.36398561438816e-37
"ENSG00000163697",1.53663101804479,6.54162823821619,247.284786649089,2.60862228034252e-39,2.52370329972712e-37
"ENSG00000137502",2.43330850193638,6.05446750939254,247.257516999203,2.62672576503829e-39,2.52777186320192e-37
"ENSG00000120254",-1.74984721231955,5.2084639348425,246.302311681747,3.34755226964191e-39,3.20448845685511e-37
"ENSG00000117115",-3.14034838529361,7.44861906430972,245.881245905763,3.72576100384611e-39,3.54759772527717e-37
"ENSG00000092621",-2.94945290827906,7.54804963420198,245.861005267308,3.74498990132624e-39,3.54759772527717e-37
"ENSG00000187486",2.60668733567859,3.47922040914619,245.772275917271,3.83047151317167e-39,3.60156274764294e-37
"ENSG00000259725",4.29984197093782,0.289885356825086,245.759254151942,3.84318108866528e-39,3.60156274764294e-37
"ENSG00000283526",4.66127753163224,0.350758771720119,245.740700711647,3.86136318336471e-39,3.60156274764294e-37
"ENSG00000146281",-2.72217462722554,4.58734336145739,245.011640403478,4.64888653593675e-39,4.31397695487845e-37
"ENSG00000154127",-2.1842757202506,4.01307271419449,244.132699213095,5.81684159672908e-39,5.37039162240145e-37
"ENSG00000204434",5.66138252825022,3.03426148856483,244.08963816445,5.88112611115333e-39,5.4023192782655e-37
"ENSG00000114654",3.20998469514461,2.25746581972629,243.855646478386,6.24317384895614e-39,5.70607266154846e-37
"ENSG00000110169",3.94414694796346,3.71601124362114,243.771807849994,6.37829253869714e-39,5.80041923469118e-37
"ENSG00000128346",-1.90468137896247,1.13666713902578,242.946995845875,7.87541448443056e-39,7.12627057924493e-37
"ENSG00000143013",-2.38041086621558,6.98760012746004,242.654598863473,8.48734105942331e-39,7.64196827667282e-37
"ENSG00000006210",-2.55150267803869,6.44708650812276,242.393345971835,9.07454323723491e-39,8.130433123095e-37
"ENSG00000163739",-4.69628423230934,2.44099488989345,242.294627480199,9.30694131949496e-39,8.29777689798894e-37
"ENSG00000106541",5.34578486490229,8.64381397707367,242.19515019427,9.54719572690435e-39,8.47045833565543e-37
"ENSG00000177465",1.97013427625149,3.40556215738506,242.164536005737,9.62238484511252e-39,8.49572502732556e-37
"ENSG00000139865",4.53047235255086,3.48255070494165,241.921208912635,1.0241625968635e-38,8.99877744529151e-37
"ENSG00000121775",-1.10024641012303,4.2079617385564,241.58462609819,1.1164984181724e-38,9.76291982198056e-37
"ENSG00000175592",-3.08013196857559,2.8329776933206,240.069267279382,1.64801467312423e-38,1.43416702750161e-36
"ENSG00000090534",3.3915838351902,0.826395702735929,239.955077265929,1.69716900122031e-38,1.46990999019976e-36
"ENSG00000231609",-2.38651771551714,-0.296742227028287,239.1812545129,2.07157541559267e-38,1.78567837245495e-36
"ENSG00000111328",-1.42384293308077,7.89675936733042,238.893921283889,2.23091340172665e-38,1.91395532785869e-36
"ENSG00000178568",4.64227305940444,5.13475942712246,238.744549889184,2.31856961385774e-38,1.97981897356077e-36
"ENSG00000140545",-2.81070890700556,8.37074947931705,238.612576151963,2.39890134802836e-38,2.03884194943644e-36
"ENSG00000149043",-5.04376829442759,3.23962670144011,238.436200473745,2.51065870214148e-38,2.12390048718833e-36
"ENSG00000137501",2.55495650199243,6.49625390857704,238.271535048794,2.61972967928035e-38,2.20590941697921e-36
"ENSG00000124171",2.84833487297763,5.85814375715591,237.997886016713,2.81165908424413e-38,2.35661084904296e-36
"ENSG00000176678",-2.59654179197212,1.79519506345914,237.592292894561,3.12252621161999e-38,2.60516085949286e-36
"ENSG00000178187",-2.19160636829182,0.733227141686489,237.3080406455,3.36083354394919e-38,2.79117993138575e-36
"ENSG00000196754",-5.76584459879855,5.82254592604147,236.784187292551,3.84911119613564e-38,3.18216520160523e-36
"ENSG00000099769",3.22492128952382,0.585596280540132,235.382066628871,5.53807608665772e-38,4.55776144181586e-36
"ENSG00000164938",1.7260359373142,6.73669802725495,235.279784383253,5.68725296004789e-38,4.65944850618698e-36
"ENSG00000110693",-3.54748402337777,3.08840586825356,235.254353793152,5.7249676105665e-38,4.66931439017863e-36
"ENSG00000100583",2.10136378884772,1.50137388073256,234.96218914962,6.17677916233188e-38,5.01532408055769e-36
"ENSG00000117013",-3.199135490092,2.80214130793203,234.916192211306,6.25111546048606e-38,5.05312391090313e-36
"ENSG00000272269",-1.98126296184598,-0.449890938532392,234.819883863264,6.40969468424554e-38,5.15838614677247e-36
"ENSG00000167861",2.23878573919684,7.13371242844634,234.713651640022,6.58932256491599e-38,5.27958585069128e-36
"ENSG00000278385",1.82814775019808,0.529374628437358,234.64411572952,6.70964003020087e-38,5.35240933637252e-36
"ENSG00000108176",3.79890955418916,5.0904717955501,233.950886628238,8.03720336639934e-38,6.38343470864939e-36
"ENSG00000174827",4.38867108539256,3.26070282341993,233.904352813541,8.13527185307234e-38,6.43323149842086e-36
"ENSG00000169035",-6.24815947809709,4.47873964308236,233.848944457632,8.25361763790901e-38,6.4985626665926e-36
"ENSG00000204677",3.50865605944184,0.966218123661679,233.575598736167,8.86334957920548e-38,6.94856043735299e-36
"ENSG00000197943",-1.88591892715534,5.1906835182696,232.980948204177,1.03513382193564e-37,8.08026349929846e-36
"ENSG00000144857",-2.33714987930912,4.85773387394608,232.180421227267,1.27603065952569e-37,9.91813916045014e-36
"ENSG00000189157",2.14317711271962,0.967136812742491,231.8671608991,1.38503023441301e-37,1.07195446397889e-35
"ENSG00000265190",-4.69672582528638,2.42344616335078,231.59306712018,1.48807788646419e-37,1.14682883894113e-35
"ENSG00000186868",3.77041693694328,6.23665328990891,231.55708895778,1.50216610092476e-37,1.15280156302192e-35
"ENSG00000060138",-1.89114644447273,7.43791255243412,231.420217992134,1.55700135450819e-37,1.18986305192416e-35
"ENSG00000157303",3.16229867750984,5.04424932460691,231.348890468219,1.5863728889196e-37,1.20723640601128e-35
"ENSG00000259370",-2.89887848486421,0.541729140458267,231.24317216602,1.63093660941702e-37,1.23597812716987e-35
"ENSG00000148143",-2.0979152865769,5.12340940823587,230.935740614422,1.76783184191138e-37,1.33416288550557e-35
"ENSG00000168350",3.23096702398725,5.36869399179335,230.744152151626,1.85894438277473e-37,1.39712729065731e-35
"ENSG00000167754",-6.48221191917304,5.58776250784599,230.640910299515,1.90999028925916e-37,1.42394357885557e-35
"ENSG00000123191",2.45649480616094,4.4793352488944,230.640326763756,1.91028278667671e-37,1.42394357885557e-35
"ENSG00000197308",4.30763787755618,2.57378401816036,230.137340120465,2.17997285845269e-37,1.61834066732807e-35
"ENSG00000164331",1.04699894973812,3.76003844421147,230.078870191156,2.21371687407427e-37,1.6367106709619e-35
"ENSG00000065882",-1.17038883626394,6.44418317907499,230.018297487813,2.2492298348922e-37,1.65623450352305e-35
"ENSG00000138190",1.34938935687169,4.97171106553114,229.965205273525,2.28082907530006e-37,1.67273061377248e-35
"ENSG00000153944",1.4604025709572,7.07869790233341,229.43283878847,2.62351672207051e-37,1.91632619040235e-35
"ENSG00000112242",-1.31367436325003,5.68887432836797,229.41269975504,2.63745372803875e-37,1.91880033622275e-35
"ENSG00000115042",-1.18139268576604,4.07981045011541,229.290282824807,2.72379142009203e-37,1.97371786249537e-35
"ENSG00000012660",1.58335291964675,7.98576678944144,228.891464804924,3.02533187859583e-37,2.18352127809131e-35
"ENSG00000206432",-3.01838292678782,2.3339026413821,228.869207585305,3.04311905480823e-37,2.18767784066609e-35
"ENSG00000144218",3.93969434455727,6.79371005243867,228.619652900043,3.24992022918651e-37,2.32714760348206e-35
"ENSG00000100302",-2.94750364064583,5.31944190019224,228.25142725862,3.5812278772546e-37,2.55432833849046e-35
"ENSG00000140025",1.22934442824276,3.18631473515768,227.847992059431,3.98345467636742e-37,2.83012006460041e-35
"ENSG00000136457",4.77725823187267,3.59686213417076,227.670120787217,4.1749746036292e-37,2.95464739652949e-35
"ENSG00000169083",3.84783549430836,7.00836337514337,227.595407460398,4.25816436764836e-37,3.00184083406157e-35
"ENSG00000117472",4.01558655937256,6.01882880099994,226.895257194227,5.12372019222347e-37,3.59807810255446e-35
"ENSG00000006652",-1.44617660074631,3.60377923170003,226.816064667743,5.23217844861458e-37,3.66011006243854e-35
"ENSG00000135069",-3.43962177777409,5.3136424982546,226.677137555425,5.42806814720292e-37,3.78259400234968e-35
"ENSG00000186684",-3.87533732709737,1.63861099663433,225.914629965014,6.64264066688792e-37,4.61131100951746e-35
"ENSG00000106537",1.82594818165961,8.12083663102374,225.489355210566,7.43554156496625e-37,5.14211520850214e-35
"ENSG00000230873",4.56306952257559,3.58344719172302,225.383729680951,7.64684987656241e-37,5.26821611950444e-35
"ENSG00000137673",-4.47806771956838,7.83198523607941,225.073679051208,8.30274408729657e-37,5.69850224376415e-35
"ENSG00000164125",2.79134606944825,7.49984984211248,224.5498967682,9.54224370693619e-37,6.52459881735922e-35
"ENSG00000160345",2.08506319478843,2.58111859038884,224.309032229287,1.01732933359342e-36,6.93003217954948e-35
"ENSG00000261616",-3.21045556987282,0.586130640088798,223.930440672757,1.1251326944854e-36,7.63578859973901e-35
"ENSG00000143473",3.56564565643622,0.491059853100581,222.956435344101,1.45848175479368e-36,9.86128853389865e-35
"ENSG00000101222",2.71717932880592,0.542493226215437,222.232149649904,1.76952059703987e-36,1.19200150440597e-34
"ENSG00000164626",-3.18456488691202,5.12168556643171,222.167915126671,1.80014514147529e-36,1.20815645140784e-34
"ENSG00000155760",-2.01642243932613,6.17929587684858,221.355267505035,2.23702814172433e-36,1.49584808241479e-34
"ENSG00000148400",-1.54480851115021,6.33990580061465,221.218231953671,2.32059840359425e-36,1.54604555914184e-34
"ENSG00000124243",1.95857545299086,4.83776438684409,221.081873126845,2.40688027695903e-36,1.5976765867639e-34
"ENSG00000090539",2.65553047722014,3.48907160176817,220.912038247471,2.5188813288988e-36,1.66594231309132e-34
"ENSG00000168309",-3.89874291482082,4.21918430321833,219.991079661278,3.22439049518794e-36,2.12482660603182e-34
"ENSG00000137193",-1.64374969944959,5.5645354028053,219.933652070609,3.27447521244942e-36,2.15004170267257e-34
"ENSG00000152465",-1.44468377289942,4.33177380061588,219.919859615901,3.2866204538682e-36,2.15025369837967e-34
"ENSG00000163491",3.73650941485007,2.89295253562692,219.727017030021,3.4612663341054e-36,2.24896316789185e-34
"ENSG00000186081",-5.63062352481073,8.72677526147407,219.725984565106,3.46222612167208e-36,2.24896316789185e-34
"ENSG00000106714",-3.42754981043212,0.885370827292698,219.454096244476,3.72454698310563e-36,2.41074948500802e-34
"ENSG00000213866",-1.36449822050517,2.41842049065095,219.165089952172,4.02539655776149e-36,2.59623803519738e-34
"ENSG00000165140",2.85467521299894,5.04314441262766,219.045191514444,4.15729015742458e-36,2.67183015488474e-34
"ENSG00000163040",2.51200374109506,4.34605531024608,218.705138983562,4.55555217729507e-36,2.91747827467052e-34
"ENSG00000253276",-1.45996630286946,5.08230972468676,218.587084820656,4.70263074381015e-36,3.00110343748839e-34
"ENSG00000105889",-3.10106336208202,0.273145816968877,218.466028814668,4.85842224685393e-36,3.08968474915312e-34
"ENSG00000255774",6.75469873715323,3.75195850489594,218.375542198177,4.97826180417988e-36,3.15486500677434e-34
"ENSG00000174607",-4.27703937076205,4.25745181357154,218.231164223765,5.17567614108667e-36,3.26858325187793e-34
"ENSG00000083444",-1.60624715410078,8.18399197996604,218.149408409799,5.29094469999792e-36,3.32981668524437e-34
"ENSG00000176014",-1.622416062435,6.19203593730894,218.08983589841,5.37656341030824e-36,3.3720322519547e-34
"ENSG00000229891",-2.67151446582766,1.92677563487829,217.967053966412,5.55745937823615e-36,3.47350760039035e-34
"ENSG00000225556",-2.06911357759411,1.5534210849839,217.670087173449,6.02076504028209e-36,3.75019433399489e-34
"ENSG00000116711",-3.10509049515678,3.76139380642462,217.181241116763,6.8698115117028e-36,4.26444135750343e-34
"ENSG00000182600",-4.14605237538111,3.27936089449004,216.57331133786,8.09615333967739e-36,5.00859989598818e-34
"ENSG00000005302",-0.881568924951745,5.3415553413087,216.55003903037,8.14725539225786e-36,5.02312817201308e-34
"ENSG00000129680",-1.61889740367366,3.69747629476373,216.097620775669,9.20790723377319e-36,5.65788570161712e-34
"ENSG00000003989",4.22489594985288,7.44152401430712,215.696091092007,1.02653940675304e-35,6.28643054882974e-34
"ENSG00000204248",-4.65250864233244,3.61053627929692,215.149549144973,1.19044032145393e-35,7.26568072704837e-34
"ENSG00000084207",-2.31182579200448,8.01872206327811,214.888777156048,1.27770080244263e-35,7.7721813360624e-34
"ENSG00000086570",-3.61812759050448,3.74246049707348,214.85663370337,1.28889394916923e-35,7.81413438249665e-34
"ENSG00000248360",4.36078034837269,3.31451975467384,214.743005593325,1.32926035977185e-35,8.0320888450267e-34
"ENSG00000148154",2.25060423931714,7.16781438121685,213.871711084861,1.68428400931658e-35,1.01436283316059e-33
"ENSG00000138670",-1.44302333361841,4.55453310673509,213.794705692439,1.71992943026401e-35,1.03241176493867e-33
"ENSG00000256612",6.73927779559531,6.64419546655017,213.695078644617,1.76717713080616e-35,1.05728347549679e-33
"ENSG00000183779",2.80127668840673,7.29332332048751,213.446068401444,1.89107195444211e-35,1.12769890843912e-33
"ENSG00000171243",-4.76971355375743,3.57167071572375,213.124550609734,2.06408916054334e-35,1.22685142653472e-33
"ENSG00000075275",2.19591905631332,7.63867613940496,213.083060646588,2.08754906410932e-35,1.23675382338829e-33
"ENSG00000267480",-2.19457062316934,0.284562533524383,213.017778803268,2.1250071222669e-35,1.25485810194124e-33
"ENSG00000092295",-2.82753557123835,1.83992069517146,212.507505744525,2.44213747385195e-35,1.43746266583881e-33
"ENSG00000157827",-1.42013685736365,5.56071860700056,212.481022456977,2.4598420042059e-35,1.44321310879022e-33
"ENSG00000184454",-3.94847243073508,3.24157296311058,212.260023055744,2.61272058296181e-35,1.52797948433792e-33
"ENSG00000236404",-2.88135498013758,0.735189075876767,212.246827044326,2.62214637887746e-35,1.52857686984049e-33
"ENSG00000151116",1.07670805067967,5.32744809867427,211.928713180464,2.86004420135002e-35,1.66193239406244e-33
"ENSG00000166106",3.55121761865093,5.59018776452883,211.861769152828,2.91281566424793e-35,1.68720672934208e-33
"ENSG00000139629",2.36884816156679,7.35694051074563,211.789893792419,2.97056768444994e-35,1.71519635062779e-33
"ENSG00000092758",-4.33590858966665,4.47965537242181,211.477452520559,3.235335522467e-35,1.8621608380579e-33
"ENSG00000197168",2.21346458367226,2.10120931726067,211.247050439014,3.44571316434305e-35,1.97699151523884e-33
"ENSG00000243710",2.40577918861722,0.439665448353865,211.226390830668,3.4652381010102e-35,1.98194184217527e-33
"ENSG00000149573",-1.96982366361272,5.5581754162735,211.192969134335,3.49706062140606e-35,1.98961097794777e-33
"ENSG00000151967",-2.11357559165083,-0.410814095185088,211.189349030269,3.50052514263957e-35,1.98961097794777e-33
"ENSG00000263011",2.07540090268837,-1.39188314061696,211.083569498631,3.60330058824099e-35,2.04164582862701e-33
"ENSG00000033170",1.70700123061202,6.11537595345526,210.931575654797,3.75632719760292e-35,2.12174158602491e-33
"ENSG00000279930",3.6992276002947,-0.17703973109029,210.736407070016,3.96247005545609e-35,2.23125094020543e-33
"ENSG00000138131",-3.5444500622691,3.92740610306076,210.457431854166,4.2770965898326e-35,2.40098249308257e-33
"ENSG00000156140",-2.76829496995892,2.30715071654342,210.29406507034,4.47291153387566e-35,2.50317892240402e-33
"ENSG00000164124",1.65762637362524,4.57361821029046,209.665140197335,5.31495346103654e-35,2.96528753218811e-33
"ENSG00000268104",-5.68539934479706,4.96583398289861,209.484979125204,5.58440400795322e-35,3.10608991121264e-33
"ENSG00000215217",2.7900825056064,1.41469498980416,209.209448903573,6.02337238466058e-35,3.34003344305508e-33
"ENSG00000196405",1.83466594096758,7.27354790870478,209.037844389471,6.31418414246724e-35,3.49064988398766e-33
"ENSG00000119636",1.38946776062334,3.02311740288473,208.476783430357,7.36753579899702e-35,4.06062851855023e-33
"ENSG00000085831",2.19298075985846,6.65870632022636,208.404636282552,7.51526753329928e-35,4.12953733823708e-33
"ENSG00000128928",1.38340691716004,6.27497931184434,206.684114991315,1.20771990549634e-34,6.61626796420705e-33
"ENSG00000111057",1.86598062515093,9.06991322113612,206.558516362825,1.2503638751933e-34,6.82931476336809e-33
"ENSG00000166002",-1.60013646532612,4.25145059034195,206.101013220155,1.41894664359607e-34,7.72688669273211e-33
"ENSG00000068724",-1.17571823396796,5.58852899289343,205.766250638189,1.5566611491799e-34,8.45150835262211e-33
"ENSG00000164237",2.55150134438945,6.17692293301512,205.579296250181,1.63935533380026e-34,8.87398655094022e-33
"ENSG00000018408",-1.53270648016513,6.76840147083125,205.412698448793,1.71677068404162e-34,9.26546741879794e-33
"ENSG00000176692",-3.56212871052086,1.96496033200356,205.324823622091,1.75907868651727e-34,9.46571690839527e-33
"ENSG00000197496",2.12233377757275,6.29113767865788,205.248405763692,1.7967242330108e-34,9.63977001474941e-33
"ENSG00000140463",1.11665677535522,4.31943907120383,205.215278841204,1.813294798695e-34,9.68444446722638e-33
"ENSG00000170549",-4.55322097504772,3.66187917084973,205.210495435861,1.81570022175291e-34,9.68444446722638e-33
"ENSG00000064886",-3.98419704887666,6.42409992961312,205.062618429659,1.89167109402472e-34,1.00601502509127e-32
"ENSG00000287262",3.66923405318912,2.5049672351717,204.756547660503,2.05924965462463e-34,1.09194264484877e-32
"ENSG00000172771",2.45423285819579,1.07257838482655,204.481783472613,2.22240413958267e-34,1.17503158403284e-32
"ENSG00000111912",-1.72395001037848,6.16070428655031,202.36635163406,4.00356223856789e-34,2.11063159406008e-32
"ENSG00000166780",2.42758386819202,4.25012416067185,202.352133828948,4.01946906733971e-34,2.11289316175649e-32
"ENSG00000145949",-1.90087788905267,1.15312865407977,202.322300809262,4.05305352714707e-34,2.12440742224066e-32
"ENSG00000224559",5.95417679049162,2.83855712074716,201.514917998706,5.07774668986966e-34,2.65205677348158e-32
"ENSG00000134757",-6.24451358416199,6.10951018152646,201.507070853597,5.08889275316181e-34,2.65205677348158e-32
"ENSG00000167186",0.965044031590903,4.76356264760836,201.227796388489,5.50205143816563e-34,2.85918033021019e-32
"ENSG00000188910",-4.48943363113312,3.23381933935504,200.851188575831,6.11328698820889e-34,3.16776249975907e-32
"ENSG00000115138",-3.55122931607643,0.615126817738117,200.836787346446,6.13797339008977e-34,3.17151875053843e-32
"ENSG00000147041",4.75894536363058,3.34617227130186,200.480885311187,6.78104342638308e-34,3.49387019374095e-32
"ENSG00000126010",5.20256896843743,3.1956957572119,200.068508316364,7.61162584573366e-34,3.91074155034474e-32
"ENSG00000128283",-1.71451793196134,6.73073894150855,199.948094544576,7.87297620932772e-34,4.03362510690852e-32
"ENSG00000159110",-1.10822477467035,0.418510870222444,199.661593011583,8.53176835602286e-34,4.3588708668355e-32
"ENSG00000180537",-4.09693245599529,2.25008486871595,199.503500341716,8.91880462051658e-34,4.54384365372424e-32
"ENSG00000118495",-1.94922029547688,4.25592870960279,199.452089440465,9.04844265410868e-34,4.5970132679589e-32
"ENSG00000139531",1.03925496336432,4.99369198682544,199.408081745463,9.1609206110561e-34,4.64119287113895e-32
"ENSG00000007402",2.62342483897203,3.77625823825549,199.244113738023,9.59255373296267e-34,4.84637131375347e-32
"ENSG00000143147",-2.0691444611818,4.89088395034601,198.964797711896,1.03755805952136e-33,5.22745318187661e-32
"ENSG00000198838",-2.39123083403391,1.79457096967036,198.635050683884,1.1383371210531e-33,5.71935788887122e-32
"ENSG00000147065",-1.25970173447352,9.01085275455381,198.496738094523,1.18349439200132e-33,5.92986115749865e-32
"ENSG00000105880",-3.73302582845932,2.46346393221133,198.484828652036,1.18746611098508e-33,5.93341583148257e-32
"ENSG00000186951",-1.55027610096574,4.63367837607482,198.467974114491,1.19310995838754e-33,5.94528326661716e-32
"ENSG00000185634",-4.44719211162689,4.16697064418112,198.359036517336,1.23024633136577e-33,6.11358477455753e-32
"ENSG00000251141",4.70602713356372,5.0608429026621,197.586678745594,1.52919741978218e-33,7.57848574141643e-32
"ENSG00000130598",-3.14559886144382,1.16787613845807,197.464416803593,1.58282586362802e-33,7.82294478469197e-32
"ENSG00000260219",1.7114462842788,2.05488854004037,197.116326183111,1.74612529595709e-33,8.6066468517256e-32
"ENSG00000186910",5.26059426829642,3.00360457332923,196.855802634926,1.87936986850848e-33,9.23837274822493e-32
"ENSG00000132554",4.33049727875055,2.42102207000002,196.446258253856,2.10986679666966e-33,1.03434655789293e-31
"ENSG00000272620",-5.15513511299935,4.0544968651062,196.375141422838,2.15270416694455e-33,1.05251030613945e-31
"ENSG00000173598",1.18139668079183,5.56820218872557,196.256417830968,2.22618025581324e-33,1.08551652795526e-31
"ENSG00000076351",1.63416064526032,3.39311548572336,196.073604157325,2.34429585679989e-33,1.1400548942106e-31
"ENSG00000147036",-2.39400282667928,0.02247692682545,195.892517072379,2.46752515718453e-33,1.19678260156992e-31
"ENSG00000179627",1.5270474218097,4.79492571193084,195.544421635,2.72305044575941e-33,1.31720323158171e-31
"ENSG00000128510",-4.03273277691301,3.93698027668161,195.394506960827,2.84116353467253e-33,1.37069184001655e-31
"ENSG00000204385",4.02468698663821,6.28268212315148,195.11642155163,3.07410857770831e-33,1.47915044474494e-31
"ENSG00000089177",1.62493156494519,5.88960070619252,194.974581840521,3.20024470718002e-33,1.53577970274908e-31
"ENSG00000186260",1.33021984480857,6.703090592992,194.710952398873,3.44871565329916e-33,1.65066421847908e-31
"ENSG00000128602",-2.01436266051569,5.11167344587712,194.676655563323,3.48243916233239e-33,1.66243053765096e-31
"ENSG00000172159",-2.66706942519158,4.00325631976172,194.155899109914,4.03731732059023e-33,1.9222703514894e-31
"ENSG00000260807",-3.85982117915545,2.65221896018197,194.114893714129,4.08462387817493e-33,1.93971642548944e-31
"ENSG00000149970",-2.75077938039522,1.26428146652017,194.098057520919,4.10420866812677e-33,1.9439413347888e-31
"ENSG00000276644",3.65537350999114,4.77566157083543,193.954625097674,4.27494263953541e-33,2.01954952539922e-31
"ENSG00000131773",-2.31707425008646,4.56516248355126,193.72611356236,4.56186646359429e-33,2.14951365906355e-31
"ENSG00000178467",1.46421090032555,5.12267317080772,193.484836154675,4.88592503412898e-33,2.29625851474775e-31
"ENSG00000102554",-2.64062459661295,5.70551305487472,193.378202068901,5.0364458196536e-33,2.36089888061494e-31
"ENSG00000154678",-3.08624773809646,2.53103776840717,192.931719748979,5.71917138214069e-33,2.67404342155205e-31
"ENSG00000183340",-1.45497340588411,4.13489328641435,192.872828131487,5.81593338535664e-33,2.71231272853504e-31
"ENSG00000182580",-2.00105444116054,7.07178647203274,192.741274403819,6.03808624179683e-33,2.80871387636319e-31
"ENSG00000138166",1.88146160533,5.84349199894983,192.647493114976,6.20165780421858e-33,2.87744265671244e-31
"ENSG00000152700",0.984983021082491,6.19420374306126,192.613794689982,6.26151867642424e-33,2.89782447040214e-31
"ENSG00000248008",1.02136749124756,4.48046006910595,192.055194533209,7.3431303290381e-33,3.38976787879556e-31
"ENSG00000170935",3.66812852516046,-1.34258531362538,191.761798080637,7.98479137662159e-33,3.67664267235426e-31
"ENSG00000116191",2.00370583166931,6.01128923496598,191.743731642638,8.0261020763428e-33,3.68633193344754e-31
"ENSG00000141384",-1.81279184051965,4.07728674712564,191.550982379456,8.48048281326828e-33,3.88521464503082e-31
"ENSG00000276600",-2.03208541654195,3.86518793764444,191.310012120508,9.08519826669777e-33,4.15179864509294e-31
"ENSG00000077274",-5.63751215851086,5.24468158055926,191.100296352524,9.6467653191976e-33,4.39737763472596e-31
"ENSG00000134874",-1.78615505521982,4.01879115661718,190.727384473185,1.07332003477993e-32,4.88038619814436e-31
"ENSG00000165795",-2.2291250029918,6.78024831834399,190.664608109222,1.09278645903888e-32,4.95650875735638e-31
"ENSG00000280187",1.35643276742696,1.97771756814615,190.619943934029,1.10685276421418e-32,5.00782041679789e-31
"ENSG00000259459",4.25388173227211,2.86571167268177,190.281590595273,1.21951384648886e-32,5.50385058063014e-31
"ENSG00000166477",1.03897221555653,5.25551724829019,190.222754625744,1.24025289125584e-32,5.58359395697058e-31
"ENSG00000163872",-0.984251288756251,6.05072100585666,190.161881065228,1.26208447087065e-32,5.66784996449271e-31
"ENSG00000109814",1.97590470980972,7.08133919835151,189.870550478655,1.3720530237939e-32,6.14652719132105e-31
"ENSG00000084444",2.9879640141167,7.01626435459077,189.766390079142,1.41367297931947e-32,6.31741625254608e-31
"ENSG00000103005",-0.945248489886437,5.82680513481793,189.668763375703,1.45383710571842e-32,6.46798687220276e-31
"ENSG00000166225",1.57082889305942,6.20749610804195,189.66722499668,1.45447912399985e-32,6.46798687220276e-31
"ENSG00000228624",-1.56109770846542,-0.46377893699452,189.479563937574,1.53497955011359e-32,6.80931903840633e-31
"ENSG00000186665",1.66462618755605,5.10693674965367,189.251287801776,1.63898357551346e-32,7.2530007959705e-31
"ENSG00000173013",1.5209772804474,1.6228191562869,189.166297905983,1.67949559551093e-32,7.4142392939691e-31
"ENSG00000134802",-1.70781191345921,5.10060457666285,189.009480455885,1.75691418295865e-32,7.73722885221597e-31
"ENSG00000106123",-3.03353220391242,3.96446872663576,188.327181470381,2.13789900431116e-32,9.39229639865007e-31
"ENSG00000158806",-2.90944806450571,0.43866164015412,187.911986160319,2.40946761767635e-32,1.05598547060958e-30
"ENSG00000152049",3.6011874686541,5.72892767187029,187.890345630352,2.42453979414501e-32,1.06003677345936e-30
"ENSG00000117479",1.61179832938616,5.92145869005402,187.68433799908,2.57286538818715e-32,1.12218886523616e-30
"ENSG00000111716",-2.43206543775636,3.48236355217306,187.673669703393,2.5807910243095e-32,1.12295280263496e-30
"ENSG00000170871",1.13493783999355,6.15454218814458,187.446526084417,2.75550511942363e-32,1.19611281890399e-30
"ENSG00000196739",-2.1709598708582,5.38565747992322,187.435776773139,2.76406261949818e-32,1.19697073627221e-30
"ENSG00000158457",-1.54526549113618,5.16685538922078,187.384039729163,2.80562661457651e-32,1.21208401106693e-30
"ENSG00000206075",-4.587954683687,6.02565793022399,187.170971463996,2.98354613148059e-32,1.28589424263907e-30
"ENSG00000198246",1.21182654372191,4.61387776576916,187.121335694053,3.02660165678703e-32,1.30136716155183e-30
"ENSG00000100596",1.05460455316547,7.091786438632,186.590803755996,3.52784099448422e-32,1.51331066055847e-30
"ENSG00000165731",4.00271558262808,6.05368482501588,186.575555956353,3.54342299466745e-32,1.51641829240027e-30
"ENSG00000130045",3.32529508710491,0.812968965291407,186.509942202672,3.61127037026895e-32,1.54182595057398e-30
"ENSG00000225449",4.05612570290506,1.04755242035213,186.343168032412,3.78967594808008e-32,1.61420670125716e-30
"ENSG00000144749",1.39256080393749,6.67694038593909,185.98460731647,4.20391910292628e-32,1.78646917392578e-30
"ENSG00000232352",2.47696650463241,-0.488056483027756,185.526152506419,4.80078691285013e-32,2.0353546007207e-30
"ENSG00000148429",-1.16184578650563,5.57791947883817,185.030924872883,5.54196736767845e-32,2.34412331356594e-30
"ENSG00000228613",3.35024071800836,0.262710041945549,184.98533353999,5.6157494450349e-32,2.36982020664257e-30
"ENSG00000144228",1.22061307074521,5.86937379725723,184.772210029173,5.97400831305695e-32,2.51516812958055e-30
"ENSG00000139625",1.40994469472857,3.55890639525712,184.399385343273,6.65704598367534e-32,2.79626679794659e-30
"ENSG00000133627",-1.53701469299544,4.36086099769464,184.284866576506,6.88226370191954e-32,2.88420765462011e-30
"ENSG00000173960",-0.871138187088722,5.01936340573053,184.231554082991,6.98971523960203e-32,2.92250438569843e-30
"ENSG00000163017",-4.90212501925105,7.08317621705975,184.013328192016,7.44747104567706e-32,3.10675695822877e-30
"ENSG00000280594",-2.36665658322771,-0.3015494797133,183.584675730299,8.43652352254117e-32,3.51129267340913e-30
"ENSG00000174132",1.27735356210277,4.1257583626588,183.573179123763,8.46480019654523e-32,3.51501794462933e-30
"ENSG00000160209",-1.28359479936163,7.54432089442558,183.499121118621,8.6492548425945e-32,3.58343159628949e-30
"ENSG00000172201",-3.15653965553059,5.50812725285317,183.415343554656,8.86280729749579e-32,3.66356225288303e-30
"ENSG00000235387",-3.03239224504928,1.59795804909173,183.062409348534,9.82240909378926e-32,4.05101987750202e-30
"ENSG00000137309",-1.41768714487222,7.8648833027408,183.051600554204,9.85339572639813e-32,4.05460546316129e-30
"ENSG00000103187",-1.52501427417013,7.57630401834846,182.830361152435,1.05097511149107e-31,4.31492896790057e-30
"ENSG00000284052",-2.06151993980739,-0.190401443728822,182.511401137128,1.15343914263666e-31,4.72494394735938e-30
"ENSG00000074696",1.18034682010294,7.87523626473798,182.230137423468,1.25212271867292e-31,5.11766472072429e-30
"ENSG00000197594",2.35730452463123,6.53938493893487,182.104885400645,1.29876630653095e-31,5.29640394241814e-30
"ENSG00000276223",3.25718839697813,-0.39779864274088,181.971208483239,1.35048158997367e-31,5.49497967750361e-30
"ENSG00000164086",-1.03031683248983,4.80708489299104,181.876035684708,1.38856138435401e-31,5.63731126308721e-30
"ENSG00000145428",-1.98348361517466,0.700986565405912,181.838868413422,1.4037247011478e-31,5.68617925712165e-30
"ENSG00000165695",1.71907693023438,1.66368566541068,181.607820574518,1.50180362794039e-31,6.0699565299955e-30
"ENSG00000213463",1.08543165303264,5.49170697247476,181.206895215222,1.68868099496867e-31,6.81013967549672e-30
"ENSG00000006282",1.62525374157648,5.81305339592299,181.107006196355,1.73878211225441e-31,6.99667457028389e-30
"ENSG00000142910",-2.13261568824763,5.294162863382,181.039285720525,1.77359821321856e-31,7.12101640221174e-30
"ENSG00000133019",-3.86419534076013,3.42310775479899,181.017519694247,1.78493701501479e-31,7.15075648217819e-30
"ENSG00000164303",-2.39253480563929,0.23098627151559,180.945119624184,1.82318156127527e-31,7.28791785417026e-30
"ENSG00000168589",2.61776841970876,0.309587994297461,180.800908772177,1.90183866041709e-31,7.58566700782149e-30
"ENSG00000168806",0.882643473816929,4.0437945597679,180.579781592259,2.02914584726243e-31,8.0757340634593e-30
"ENSG00000141401",-1.83561738381047,5.60149991498429,180.33867742187,2.17776804803142e-31,8.6483068248025e-30
"ENSG00000102362",2.28439022205672,3.77782440243234,180.101073150698,2.33497001703435e-31,9.25238228100671e-30
"ENSG00000198515",-3.03604422563294,1.32103735464497,179.85088652956,2.51288223077105e-31,9.93571782897042e-30
"ENSG00000132681",4.21425630910138,1.43004028852512,179.489205132127,2.79452537113349e-31,1.10253421800815e-29
"ENSG00000149633",-1.99957387826552,3.80153250291242,179.228744818111,3.01686935040273e-31,1.18768008106331e-29
"ENSG00000007516",2.6996444348731,3.43246153259563,179.063006111399,3.16755428577087e-31,1.24430836608208e-29
"ENSG00000244265",2.36512261930138,0.0952305090095712,179.054748384614,3.17525734807491e-31,1.24464613462902e-29
"ENSG00000101311",-3.79241718432051,3.72565549567509,178.963372930492,3.26176620820736e-31,1.27532268838031e-29
"ENSG00000090530",-2.72732692806762,4.01772616157726,178.957360444352,3.26754108634938e-31,1.27532268838031e-29
"ENSG00000286379",3.97746403777795,2.24796473169887,178.832005847614,3.39031732099976e-31,1.32040881015725e-29
"ENSG00000268204",2.1121407703357,0.034597302550895,178.655971071801,3.57062396642262e-31,1.38766044233536e-29
"ENSG00000163032",-2.9845830149666,3.35756724202298,178.568468658823,3.6638157905746e-31,1.42084182513797e-29
"ENSG00000164252",0.780211713961547,4.29289440511029,178.496778394832,3.74199200351079e-31,1.44807128850754e-29
"ENSG00000105926",-1.99091328858967,3.66761911815007,178.389723706814,3.86187388097126e-31,1.48966188012882e-29
"ENSG00000147889",-2.72965051563545,5.0797248276129,178.386232564927,3.86584785254456e-31,1.48966188012882e-29
"ENSG00000177981",0.717829996866726,5.22857493046694,177.805449241599,4.5877909696767e-31,1.76411717032727e-29
"ENSG00000166446",1.99057560181274,5.2623299965844,177.460118151324,5.0800183604513e-31,1.9492694924027e-29
"ENSG00000169347",6.95188740993154,4.20990027607163,177.153745548345,5.56113876279738e-31,2.1293893014265e-29
"ENSG00000101871",-2.27787507671276,4.48343193765333,176.946477602568,5.91243148967866e-31,2.25914504063604e-29
"ENSG00000125845",-2.66694745199076,1.86511861240771,176.703298503198,6.35322477488489e-31,2.42248327475066e-29
"ENSG00000173660",-1.11539964019155,7.06962920770464,176.630824960389,6.49089307179525e-31,2.4697983930923e-29
"ENSG00000186847",-5.51224475788942,7.79410040612242,176.580045093225,6.58914074091448e-31,2.50194763665454e-29
"ENSG00000080608",-1.21429630464349,5.87906326273245,176.460386036352,6.82662402668396e-31,2.58672162077766e-29
"ENSG00000148484",-1.22705957633556,7.12950256713092,176.134302170489,7.51852404482318e-31,2.84297121262462e-29
"ENSG00000029364",0.921280512316231,7.13517356129445,176.114208041602,7.56340359880539e-31,2.85400798039569e-29
"ENSG00000198589",1.4347022395165,7.48721000324571,176.061476360674,7.6824664195883e-31,2.89293373166609e-29
"ENSG00000112130",-0.919845142748698,4.77995023543018,175.515049813668,9.03322294697231e-31,3.39455080494901e-29
"ENSG00000172548",-3.90547042092327,1.41812525408078,175.394241503102,9.36282256872814e-31,3.51115498721706e-29
"ENSG00000197872",-1.36905624750161,4.10286620687295,175.299198175692,9.63062815597088e-31,3.60415359878186e-29
"ENSG00000160678",-3.04073272925571,1.91110466315096,174.970158728204,1.06188579787856e-30,3.96042968535062e-29
"ENSG00000050130",0.94313614748627,5.47249868956044,174.967837680846,1.06261803741538e-30,3.96042968535062e-29
"ENSG00000204160",-0.813831323626486,5.71513122944039,174.852509130273,1.09964994941124e-30,4.09006815539706e-29
"ENSG00000178149",1.22848379959633,4.31520210597081,174.701697390212,1.15004589686304e-30,4.2687826065602e-29
"ENSG00000227471",-3.96021293905487,1.99446892155672,174.412102023602,1.25344137836801e-30,4.64309405086709e-29
"ENSG00000169436",-3.50917233924208,4.32685726738776,174.251811065582,1.31464896066319e-30,4.85992587328093e-29
"ENSG00000188001",3.91395650833524,5.11428924435333,174.076340942193,1.38511363431333e-30,5.11002977300017e-29
"ENSG00000100532",0.932330634741737,3.44059176203513,174.044554070336,1.39828004657243e-30,5.1481614346274e-29
"ENSG00000163235",-2.42623869249134,4.1645088422846,173.753057687523,1.52506138677109e-30,5.60359929345305e-29
"ENSG00000115419",-1.35737421462038,6.64898058139772,173.38168405331,1.70351994326648e-30,6.24669772744572e-29
"ENSG00000171492",-1.30866886481649,5.92397345911333,173.347232539524,1.72110666398676e-30,6.29848853211092e-29
"ENSG00000225177",-1.60762842169269,1.22163467488349,173.094507348492,1.8558387253935e-30,6.77791058985079e-29
"ENSG00000141642",-1.15137496083701,2.25555231691732,173.013074775684,1.90147845802192e-30,6.93067939769591e-29
"ENSG00000122420",-3.48333214313745,2.65632331208229,172.890555993069,1.97228632290189e-30,7.17438872818792e-29
"ENSG00000179082",2.77737939969132,-0.503780232177132,172.840712912324,2.00184755330385e-30,7.26738588812185e-29
"ENSG00000069764",2.36865205101026,-0.974050577256301,172.571370502936,2.16949421189789e-30,7.86031090159338e-29
"ENSG00000135046",-1.73740407844001,7.60857335847079,172.334031505547,2.32891955671163e-30,8.42115087424875e-29
"ENSG00000168268",-1.5422740133741,6.22216935383544,172.040087460568,2.54284256634734e-30,9.17643265808044e-29
"ENSG00000152990",-1.3381648838084,5.5969360382656,171.933923365303,2.62488419827149e-30,9.45374134617066e-29
"ENSG00000129625",1.0692585063859,7.89946826394168,171.523897582603,2.96759889641613e-30,1.06669345312286e-28
"ENSG00000155906",1.86741082157938,5.90758286446265,171.390502723668,3.08855328553567e-30,1.1079804173042e-28
"ENSG00000137054",-1.25921390298653,5.16388821912143,171.260389447973,3.21131948022687e-30,1.14975351784186e-28
"ENSG00000181773",-1.95449305777806,0.446566459884982,171.166003282409,3.30344396608629e-30,1.18041333703689e-28
"ENSG00000147697",-3.26874662805666,3.16587778889701,171.146381776864,3.32292729315739e-30,1.18504709035189e-28
"ENSG00000083857",-2.01666024004725,7.90517787737285,170.956151692153,3.5179285163183e-30,1.25213471340112e-28
"ENSG00000099256",-2.24025596699572,3.69002139732054,170.939219887667,3.53583441997881e-30,1.25604993028466e-28
"ENSG00000174514",-2.66177026458688,3.03286672186045,170.845166278173,3.63698476046129e-30,1.28946352482008e-28
"ENSG00000164825",-4.69315930820112,3.17446101483891,170.71098236973,3.78636432884915e-30,1.33981312087759e-28
"ENSG00000142864",-0.817380353379168,8.59666149311625,170.202059055751,4.41137445897009e-30,1.55794327494656e-28
"ENSG00000165030",-1.43198735165333,5.02959031097558,170.005750886038,4.67939283471024e-30,1.64645033911505e-28
"ENSG00000145936",-2.32254646491922,3.09061938508428,170.005254954216,4.68009030856873e-30,1.64645033911505e-28
"ENSG00000145491",2.91534874818573,-0.409040183955233,169.885658478045,4.85138682358172e-30,1.70341744299815e-28
"ENSG00000244627",-1.63081957304469,0.881829298710079,169.823448720918,4.94297373535158e-30,1.73223133523265e-28
"ENSG00000185904",-3.29920321970903,2.79976592944857,169.35700898018,5.68758047432806e-30,1.98934064744382e-28
"ENSG00000270362",-1.31792968888653,1.0698357806709,169.260189617191,5.85578793248971e-30,2.04424320376435e-28
"ENSG00000205426",-5.50766732353432,7.39592275446693,168.983990120987,6.36371596116634e-30,2.21730394447689e-28
"ENSG00000041353",1.91788632759004,5.63663344649416,168.963739601148,6.40265931434537e-30,2.22660741126794e-28
"ENSG00000107130",-1.43423006403998,5.38837528953907,168.897703819038,6.53132816934293e-30,2.26701902183224e-28
"ENSG00000105810",-2.16583949778598,5.98537100430084,168.850276794591,6.62534375037365e-30,2.29527146917707e-28
"ENSG00000204850",-2.20538031129389,-0.0815078806894706,168.842501752455,6.64088601236838e-30,2.29628203028434e-28
"ENSG00000224687",-1.24926243656577,0.434553495812669,168.514799886253,7.33049810382606e-30,2.52992598695234e-28
"ENSG00000167693",-1.71118270953257,5.54855173641293,168.146781682812,8.1914379511125e-30,2.8217021487658e-28
"ENSG00000111540",0.638077118657594,7.79811905431173,168.078656377719,8.36165545319353e-30,2.874892048822e-28
"ENSG00000145723",0.817240482127584,2.78415410087504,167.968402181344,8.64472439122945e-30,2.96660843825814e-28
"ENSG00000115825",-1.39517072628269,5.75383199303613,167.957171611046,8.67409470814353e-30,2.97108162997579e-28
"ENSG00000096063",-1.03844334680252,5.93085321004553,167.939687621141,8.7200193584323e-30,2.98119759569862e-28
"ENSG00000109586",1.77700567180715,6.34642517062492,167.923694967845,8.76224135985401e-30,2.99001211731754e-28
"ENSG00000261664",2.41694185393408,-0.413255512820414,167.88357135738,8.86908053150701e-30,3.02080218552527e-28
"ENSG00000224861",-1.3250737826127,0.138808229309427,167.814976607988,9.05478179184624e-30,3.07828731271214e-28
"ENSG00000172137",-3.81328198279011,4.91414615264214,167.734316061028,9.27816893850502e-30,3.14834583308823e-28
"ENSG00000124795",-1.18749614809284,7.8517038269995,167.605070692507,9.6477527967125e-30,3.26765973680832e-28
"ENSG00000169570",1.13998768070606,3.74032339450619,167.103479417786,1.1228245490676e-29,3.79589830826049e-28
"ENSG00000135773",3.17394076302401,2.66820554358125,166.932887882991,1.18232777458383e-29,3.98964333286283e-28
"ENSG00000171867",-1.3668591519938,6.90489762092117,166.839190082815,1.21635223756862e-29,4.0968545364626e-28
"ENSG00000145916",0.990451649304902,5.73907222982935,166.75250025011,1.24871046010883e-29,4.19806762448416e-28
"ENSG00000203635",3.3738828088222,0.534966602009246,166.524921048218,1.33784818066309e-29,4.48944330440963e-28
"ENSG00000100599",-1.09887390877256,4.69870145587456,166.421242166461,1.38055739774972e-29,4.62423166671673e-28
"ENSG00000164687",-2.52511854969268,4.23958295112225,166.285809327656,1.43842478180344e-29,4.80920403151489e-28
"ENSG00000066697",-1.01336912233204,4.30198149246271,166.205589076997,1.47384788729503e-29,4.91859548149028e-28
"ENSG00000101098",4.56948743230745,5.07029442313719,166.184633789715,1.48324517208326e-29,4.94089069411178e-28
"ENSG00000177359",-4.62304508967908,3.8961613365999,166.07857945793,1.5317391826597e-29,5.09310278870467e-28
"ENSG00000203760",-1.80742644133933,4.42495149844857,165.91682295592,1.60879967857762e-29,5.33957090400909e-28
"ENSG00000118242",1.310848731883,5.37072813957019,165.795950934571,1.66892415634693e-29,5.52903325239307e-28
"ENSG00000138449",2.72743733571372,7.58563643786561,165.758194413035,1.68816550923692e-29,5.58260986945476e-28
"ENSG00000153250",-1.0984112331212,6.20056643688566,165.426090357922,1.86734506129496e-29,6.16393320777363e-28
"ENSG00000105088",-2.21235794225983,5.11955903638036,165.40170506869,1.88123373642053e-29,6.19852884022041e-28
"ENSG00000231167",-1.36972341305644,-0.664125481796021,165.36677998224,1.90130693329741e-29,6.25334005475827e-28
"ENSG00000160180",4.98022113641788,6.97236112790467,165.088025252203,2.06945879585557e-29,6.79410046552727e-28
"ENSG00000169891",2.34716912151234,6.09152521582646,165.059527415171,2.0874727532809e-29,6.84089269129244e-28
"ENSG00000231106",-3.64059421200321,2.61345968337191,164.904649114478,2.18817425892199e-29,7.15800601102037e-28
"ENSG00000143401",-1.34616211715949,7.19550480705752,164.833882703154,2.23580268545756e-29,7.30067849965928e-28
"ENSG00000164574",1.41476553925723,6.44876620742857,164.732532581299,2.3058411788041e-29,7.5158851899801e-28
"ENSG00000172602",2.29117910516925,3.66322522266954,164.569661780417,2.4230573968974e-29,7.88382252858137e-28
"ENSG00000166578",1.36664462370508,1.52892380160342,164.477983893577,2.49166036463118e-29,8.09255691284141e-28
"ENSG00000156050",1.29312308096769,3.09468854494543,164.407187545984,2.54597470795145e-29,8.24655118330541e-28
"ENSG00000112079",-0.913291029353089,6.54783376464578,164.404393481091,2.54814260227493e-29,8.24655118330541e-28
"ENSG00000197296",1.3531299368608,4.706998394198,163.947938865117,2.92849624792172e-29,9.46065537428068e-28
"ENSG00000171119",-2.74636446969535,1.4293021492415,163.941917069431,2.9338791906046e-29,9.461240198354e-28
"ENSG00000146233",-2.67699516588399,2.72117747284341,163.838270948949,3.02810855117924e-29,9.74782979271646e-28
"ENSG00000075651",-1.61972155013589,4.60149433043476,163.748454545466,3.11222897033005e-29,1.00009223520076e-27
"ENSG00000139160",1.0770009177994,2.39008096858747,163.719827801566,3.13953226032329e-29,1.00708664463422e-27
"ENSG00000106927",3.83798250482956,1.05164357728239,163.690455876921,3.16779727009268e-29,1.01436437937404e-27
"ENSG00000131019",-2.54186994524786,2.21628917035093,163.445972556448,3.41324651797591e-29,1.09103915059659e-27
"ENSG00000145555",-1.67242127293484,6.86666612465588,163.36328887297,3.50052441106427e-29,1.11697435067433e-27
"ENSG00000169026",2.00827645118827,3.44381152073321,163.344796086325,3.52035057030304e-29,1.12133338305905e-27
"ENSG00000235978",3.81584775772289,1.63168949173229,163.079868380514,3.81712997188893e-29,1.21217515299499e-27
"ENSG00000146072",-1.70632685033091,6.34040704373426,163.078375770547,3.81887157832708e-29,1.21217515299499e-27
"ENSG00000136002",-2.42917804085274,3.24633345815042,162.999924687258,3.91154628032304e-29,1.23942863669888e-27
"ENSG00000158258",4.13323032878974,7.43864344016987,162.946246925533,3.97625920548604e-29,1.25774265094574e-27
"ENSG00000213639",-0.83763553769926,8.39467145277171,162.843176917563,4.10356007660848e-29,1.29575608807908e-27
"ENSG00000269867",1.35831827843458,2.2231517458426,162.722926076578,4.25728390057949e-29,1.34196671722253e-27
"ENSG00000100221",-0.715731772356358,6.52565106422586,162.602089474701,4.41760581421818e-29,1.39009367731834e-27
"ENSG00000181617",-8.03753368909335,9.11520157193653,162.559773232938,4.47517700583033e-29,1.40577753682283e-27
"ENSG00000169991",-1.57223853145888,5.42344509075501,162.390555257475,4.71305836947886e-29,1.47795009696692e-27
"ENSG00000161642",1.45570386836979,5.78052105523431,162.27696170321,4.8798558991807e-29,1.52762167115832e-27
"ENSG00000138101",-1.11682339335908,5.09359538218585,162.159102603432,5.0592110020757e-29,1.5810469021607e-27
"ENSG00000263639",5.93723216782244,5.21776932057036,161.97426375882,5.35397464436235e-29,1.67029315320176e-27
"ENSG00000168994",-1.53986870309091,5.09091933233986,161.80330808555,5.64199286165266e-29,1.75713298232429e-27
"ENSG00000115109",1.13628495032238,5.45281216258388,161.745209129034,5.74339070848166e-29,1.78565453343358e-27
"ENSG00000020633",-1.93979191879474,4.94497709747557,161.654168800747,5.90598749196612e-29,1.83307338743822e-27
"ENSG00000029153",-2.25085147720406,4.82638905531418,161.47875201164,6.23248191925048e-29,1.93111381852347e-27
"ENSG00000101670",-2.81066690532057,3.102933862146,161.411895377896,6.36165504189825e-29,1.96487757597451e-27
"ENSG00000069482",-3.4121208205028,2.84508914723561,161.41117705205,6.36305746783035e-29,1.96487757597451e-27
"ENSG00000105976",-2.98879934494694,6.14635511358399,161.176990387974,6.8372954953119e-29,2.1077411943853e-27
"ENSG00000152642",1.48836630015483,6.11114712905199,161.115409484146,6.9678122164648e-29,2.14434126214994e-27
"ENSG00000164219",0.859363607409964,5.12007373601884,160.987244099163,7.24756042617472e-29,2.22666603093354e-27
"ENSG00000133048",-3.39759446750062,7.87005004017416,160.910021432208,7.42155360601619e-29,2.27627684631067e-27
"ENSG00000136636",1.20318710670697,7.54755528922962,160.754218907198,7.78552353258334e-29,2.38389060623949e-27
"ENSG00000170035",-1.46389414387686,5.65961640336488,160.568613002306,8.24268470320465e-29,2.51962940137624e-27
"ENSG00000119638",0.82468483857355,6.30312123566737,160.257994057727,9.06913298213876e-29,2.76760722616006e-27
"ENSG00000227038",2.93449160485214,0.391134927112123,160.248102685225,9.09678074310016e-29,2.77139444146576e-27
"ENSG00000162458",-1.39821861710079,6.23419337608978,160.008108417763,9.79427338900722e-29,2.97890040801444e-27
"ENSG00000079739",-1.21598387816121,6.40200124436944,159.630853368856,1.10013316909482e-28,3.34043774282079e-27
"ENSG00000237989",-2.08832783803281,0.847161152962426,159.614762928225,1.10560258566201e-28,3.35144997133678e-27
"ENSG00000165568",-2.28099351645988,2.08866954261819,159.583733709926,1.11622746602466e-28,3.37802747954352e-27
"ENSG00000235049",3.43263615526868,-0.170598494467168,159.492728394042,1.14798646005979e-28,3.46836839461253e-27
"ENSG00000146278",-0.991592023982889,6.47868459518595,159.460836345282,1.15933037449189e-28,3.4968326453165e-27
"ENSG00000117632",-1.20513863023144,8.41370335475093,159.314016235227,1.2130291442742e-28,3.65274405232768e-27
"ENSG00000172292",1.72963239442749,6.49792240897773,159.19505679228,1.25837193287833e-28,3.78301962234562e-27
"ENSG00000115590",-3.31037069837564,2.22355986523347,159.168182969018,1.26884956638805e-28,3.80822374809667e-27
"ENSG00000100034",-0.889295935968607,5.00771705971295,159.154604977947,1.27417678284238e-28,3.81791224486609e-27
"ENSG00000112874",1.60635779757,4.37142560988279,159.04912434046,1.31633659158965e-28,3.93775163286719e-27
"ENSG00000286208",5.90013991467922,2.91835842540579,158.91990445572,1.36990654462531e-28,4.09127425839823e-27
"ENSG00000111845",-0.988939237955104,4.9353922977435,158.629607290561,1.49840795062221e-28,4.46771209933061e-27
"ENSG00000200087",-6.26948084180971,4.88960362881943,158.591827879091,1.51600166811322e-28,4.5127722323475e-27
"ENSG00000013619",-2.06725667261401,3.50608077151623,158.512087589382,1.55382306491085e-28,4.61779965761415e-27
"ENSG00000124702",-1.05277334216969,7.10852050420138,158.379873081265,1.61864131940639e-28,4.80258536987984e-27
"ENSG00000103591",0.801794977500658,6.33808925967868,157.951112379685,1.84820138234078e-28,5.47476982768961e-27
"ENSG00000268355",2.42823486143481,-0.680020390089908,157.699542000403,1.99789703524142e-28,5.90857744340992e-27
"ENSG00000005469",1.7925641485916,4.63331946610262,157.636653434508,2.03719126894827e-28,6.01500564929077e-27
"ENSG00000160188",2.13210144317752,2.28179851779094,157.624648560075,2.04478028017134e-28,6.02762783399617e-27
"ENSG00000152104",-1.4318193409444,6.23991136709695,157.556586055092,2.08834871651066e-28,6.14609813202198e-27
"ENSG00000105131",-3.47778752357889,1.73410405146633,157.474531858477,2.14211967757578e-28,6.29416360189794e-27
"ENSG00000249042",1.1566244391287,1.02779959229013,157.464591348032,2.14872787276712e-28,6.30339718546586e-27
"ENSG00000134453",-0.872057193219768,6.79231120392247,157.003806808001,2.47870606621662e-28,7.25969499715748e-27
"ENSG00000121380",-3.41290625243152,2.53315345571789,156.944062796063,2.52507697587293e-28,7.38361736932103e-27
"ENSG00000074800",-1.22099488688234,10.4041317218262,156.837812107139,2.60971587207393e-28,7.61886232444313e-27
"ENSG00000107614",-1.23364500429966,3.11905188184864,156.668150419175,2.75083844899652e-28,8.0179887356328e-27
"ENSG00000140859",-1.43954357806375,4.36936734813359,156.379315218887,3.00901767260593e-28,8.75648214869706e-27
"ENSG00000151413",0.978854970343896,4.02148846470059,156.358421587906,3.02861499906236e-28,8.79943284392111e-27
"ENSG00000196230",-0.783540227277644,9.88050982056251,156.228642428638,3.15325722290754e-28,9.14696050562078e-27
"ENSG00000111846",-2.34708397421344,5.25908267299266,156.21773868645,3.16396196267055e-28,9.16339811736495e-27
"ENSG00000152380",1.25886361927756,0.987274905179438,156.194179638467,3.18721628634315e-28,9.2046126223031e-27
"ENSG00000124784",-1.10314552215658,5.36998411362147,156.193071578067,3.18831424678412e-28,9.2046126223031e-27
"ENSG00000135916",-1.78442803053727,6.42620578147476,156.076757981063,3.30571413646553e-28,9.52841976450635e-27
"ENSG00000146411",-2.89308566010465,2.10143505307421,155.987117896213,3.39915700036379e-28,9.78225751940135e-27
"ENSG00000105388",6.11818794445947,5.77223742815946,155.890213544233,3.50317015860683e-28,1.00656649043825e-26
"ENSG00000173890",1.99059748530022,5.42063331195337,155.858743023602,3.53763485648489e-28,1.01486597428623e-26
"ENSG00000115556",2.98019265761003,1.30962490284598,155.718530850002,3.69538916784155e-28,1.05845256983783e-26
"ENSG00000166275",1.07229541305936,4.3133152725107,155.676570490767,3.74396398277091e-28,1.07067951129933e-26
"ENSG00000177076",1.80819283614701,2.53806611860906,155.485150735861,3.97385499785628e-28,1.13463853533768e-26
"ENSG00000112039",-1.22701367400887,3.56378941296536,155.172962224096,4.37972706368931e-28,1.24856545194955e-26
"ENSG00000211454",1.89463854313381,0.546031203741856,155.142044678303,4.42213071713258e-28,1.25868096217852e-26
"ENSG00000181929",0.660629781676197,6.09179322286059,154.918799993889,4.74084941312529e-28,1.34729014259254e-26
"ENSG00000177614",-3.22112757919934,4.39418432150471,154.828811769779,4.8757813284117e-28,1.38347442747507e-26
"ENSG00000165138",-1.90237759071244,4.11077071026992,154.32599836287,5.70421621688419e-28,1.61492080776018e-26
"ENSG00000205683",-2.17578586400647,0.631066857787458,154.323187121199,5.70922629970198e-28,1.61492080776018e-26
"ENSG00000140950",-1.30396738126987,5.18924772540915,154.23724312453,5.8645518418078e-28,1.65628057296274e-26
"ENSG00000141837",-2.13338467056998,1.69285934895647,154.203024926793,5.92757331303201e-28,1.67148377391358e-26
"ENSG00000113739",3.25555772928627,8.2042864282929,154.194678502593,5.94304865460319e-28,1.67325338900809e-26
"ENSG00000067715",4.00003356845519,4.94180413457903,154.055614906414,6.20696636277138e-28,1.74485787026408e-26
"ENSG00000154654",3.01387361379366,3.95020687676836,153.894104882033,6.52835229053035e-28,1.83237147315071e-26
"ENSG00000161031",4.4815706817104,1.93139785133341,153.840700623223,6.63826974686782e-28,1.86035208252746e-26
"ENSG00000065491",-0.792165021821238,4.73719122545949,153.619778629335,7.11315589298872e-28,1.99037045202583e-26
"ENSG00000145781",0.889096482879554,4.53250152602263,153.486132583893,7.41691465921758e-28,2.07217886055068e-26
"ENSG00000237523",-2.52648103008381,0.658112507347863,153.19142701794,8.13376937640678e-28,2.26897235303814e-26
"ENSG00000140263",1.543169538951,5.71211447057756,152.943356852505,8.7910906636905e-28,2.44858127092194e-26
"ENSG00000196503",-2.59533316049005,2.26996054749437,152.858743323465,9.02733499105432e-28,2.51053774949994e-26
"ENSG00000164919",2.23210978958062,8.82263271524353,152.710389230843,9.45710099435442e-28,2.62604202878348e-26
"ENSG00000153574",-0.799211404911546,4.9691094218134,152.358573160913,1.05605855157468e-27,2.92798672805492e-26
"ENSG00000260912",1.5719053516635,2.91765927838446,152.260095382812,1.08921042793149e-27,3.01530582392966e-26
"ENSG00000267272",-1.78506063720234,0.619826713192561,152.228058166098,1.10022014565538e-27,3.0390399168882e-26
"ENSG00000186834",1.09273097636836,5.75483964638188,152.221945186311,1.10233360570376e-27,3.0390399168882e-26
"ENSG00000156650",1.58297093831131,6.36047635096342,152.22060777362,1.10279653900716e-27,3.0390399168882e-26
"ENSG00000101134",-2.11067303985677,2.26707732258938,151.93633570989,1.2057793269977e-27,3.31780853244086e-26
"ENSG00000136436",1.09046361117631,7.07703934501442,151.828124482455,1.24748193057733e-27,3.42737180564056e-26
"ENSG00000140987",0.677589659345302,4.1314939981116,151.7997826943,1.25864260600495e-27,3.45281926365278e-26
"ENSG00000260618",2.12490246268124,-0.380662358751144,151.572955379971,1.351669090504e-27,3.70243334609741e-26
"ENSG00000128268",-2.65958879745623,3.45215402733052,151.505805646886,1.38051616531433e-27,3.77576361123865e-26
"ENSG00000163694",1.24351645678508,7.03972133915575,151.493387153407,1.38591867784372e-27,3.78484818507832e-26
"ENSG00000158220",-2.43171716265938,2.17246883891421,151.381199931708,1.43570062015724e-27,3.91492097142726e-26
"ENSG00000196507",1.47687967965401,5.07136434150654,151.349924968774,1.4498971639762e-27,3.94771401473041e-26
"ENSG00000217128",0.997318080074892,5.47122866651576,151.253663231352,1.49448724683563e-27,4.06303946867659e-26
"ENSG00000168824",-3.31713654115686,1.7630568399331,151.131807386647,1.55292135272449e-27,4.21560202438106e-26
"ENSG00000148396",0.948794600224469,7.81411673348739,151.111424041782,1.56291834765306e-27,4.23641712475618e-26
"ENSG00000173917",2.58626483784221,4.79046502765536,151.039864128202,1.59853133669649e-27,4.32650118330889e-26
"ENSG00000136943",-2.31224694713374,4.1944954378135,150.970984061322,1.63358317895014e-27,4.41480101913005e-26
"ENSG00000198732",-3.79268528307505,4.48185414072072,150.830283729618,1.70760979711954e-27,4.6080129065297e-26
"ENSG00000163364",2.24739116320993,3.18537175692608,150.803966544718,1.72182697820351e-27,4.63949467845414e-26
"ENSG00000140284",3.6686989130876,4.52082465045612,150.588613639936,1.84274112562041e-27,4.95795496934674e-26
"ENSG00000055147",0.836823977340056,4.62200305523322,150.517556141162,1.88448770001959e-27,5.06278615774834e-26
"ENSG00000119471",1.10804103751245,5.90988483356611,150.410959663267,1.94890849404863e-27,5.22813387754521e-26
"ENSG00000214313",2.85847480671351,1.85296145509618,150.239396469025,2.05728700492115e-27,5.51074168564152e-26
"ENSG00000136935",0.792585620589204,5.19554703781953,150.234303616292,2.06059545615019e-27,5.51148678771464e-26
"ENSG00000131437",1.01174854393818,4.65912099203803,150.197146462301,2.08489658749446e-27,5.5682964953523e-26
"ENSG00000141232",1.63383085446191,7.38834531973785,149.502462306315,2.59637681665664e-27,6.92417911163505e-26
"ENSG00000185104",-0.722416996701267,6.22722364184815,149.369411355977,2.70792209030653e-27,7.211081548828e-26
"ENSG00000174788",2.52053595523845,0.168140917869076,149.20584730745,2.85169198595649e-27,7.58283243283285e-26
"ENSG00000124664",3.14986799927601,6.93297749923042,149.178580566521,2.8763965669364e-27,7.63735777510062e-26
"ENSG00000144063",-2.21978051525738,1.48780095852288,149.157867084746,2.89530777388776e-27,7.67636410954381e-26
"ENSG00000187193",-1.91757390553706,3.15803059286613,148.874376449135,3.16709123140428e-27,8.38472420913844e-26
"ENSG00000143369",2.73407192547217,6.84021070217977,148.86907525709,3.17241131581369e-27,8.38660130988653e-26
"ENSG00000137571",-2.81152602883625,1.93581912640611,148.795929118907,3.24674454526275e-27,8.57065163849621e-26
"ENSG00000103056",2.21763785313403,3.0111635580106,148.79008886045,3.25275473827481e-27,8.57407292460032e-26
"ENSG00000169621",-1.34668133081854,2.23114666075099,148.603577611818,3.45070695894291e-27,9.07990394342893e-26
"ENSG00000136944",2.22171382500805,5.7479486840351,148.599985005439,3.45463686433518e-27,9.07990394342893e-26
"ENSG00000156966",-2.32926491931241,3.87186486929994,148.46565488224,3.60486281206714e-27,9.46107428944837e-26
"ENSG00000175727",-1.05256535325984,6.77626156196851,148.390140604626,3.69218698103873e-27,9.67629637048017e-26
"ENSG00000154640",-1.66130241226294,5.04005943960407,148.320993889668,3.77401698188503e-27,9.87652098798919e-26
"ENSG00000135925",-2.50491493849013,1.52700924926399,148.311433556755,3.78547388285875e-27,9.89226996859698e-26
"ENSG00000156853",2.00554015258745,4.8625488533802,148.266427226395,3.83988132703723e-27,1.00200518760621e-25
"ENSG00000158571",2.32092423333957,0.619446775531423,147.961469776301,4.22990201602451e-27,1.102198536783e-25
"ENSG00000068650",-1.49234163647798,5.7276818955463,147.924744188848,4.27948993318027e-27,1.11352450507415e-25
"ENSG00000165359",-1.36007728611432,3.52966947879937,147.829121804127,4.41136888074795e-27,1.1461996743292e-25
"ENSG00000167191",-1.62000928592221,5.63204172195797,147.789720925576,4.4668939763394e-27,1.15897100772698e-25
"ENSG00000258545",-3.00936010641395,0.610069655689774,147.689926714696,4.61070020521629e-27,1.19457856598966e-25
"ENSG00000144815",1.41927654512912,5.20115867819355,147.635646179323,4.69087034654111e-27,1.21362090843371e-25
"ENSG00000109819",-3.78013254458684,2.79684652641178,147.561463761751,4.80271235927633e-27,1.2407916532744e-25
"ENSG00000121270",4.66951265465362,5.3317440176236,147.430443347544,5.00685485236584e-27,1.29169753269262e-25
"ENSG00000169764",-0.822392866277382,7.24147969244109,147.393460109131,5.06604570789991e-27,1.30511670446577e-25
"ENSG00000141744",6.63688903367455,4.19209880828648,147.291419275994,5.2330438863993e-27,1.34623199725361e-25
"ENSG00000262919",-1.00234574120785,4.48971363488612,147.283333878344,5.24651122656006e-27,1.34779020040501e-25
"ENSG00000013288",1.00776158778745,6.18241749896186,147.230279655746,5.33575128158776e-27,1.36878200718644e-25
"ENSG00000128805",-1.56468398534549,2.87794950432658,147.140779102304,5.48977798089255e-27,1.40631101290808e-25
"ENSG00000170153",-2.46648808208097,4.47681257335753,147.071901915175,5.61135836644094e-27,1.43543440181192e-25
"ENSG00000183580",2.11276127406701,4.99148161784202,146.998557327637,5.74381041343031e-27,1.46586481514875e-25
"ENSG00000158315",-1.69900435460205,2.76515022232494,146.997121218194,5.74643508467703e-27,1.46586481514875e-25
"ENSG00000167646",2.6781582838267,0.437474982836424,146.903979974445,5.91927006838336e-27,1.50783871153721e-25
"ENSG00000270547",-2.5094313692428,2.73246566944367,146.500973005261,6.72958462602099e-27,1.71185573675622e-25
"ENSG00000119900",-1.46936686053903,6.69875950493315,146.356968686321,7.04550808790371e-27,1.78971649584906e-25
"ENSG00000122591",-1.33959090739783,4.46120353529526,146.292769938169,7.19112847391368e-27,1.82415961901732e-25
"ENSG00000173698",-3.39930364206071,2.88846324444742,146.264301349192,7.25667042709656e-27,1.8382217510868e-25
"ENSG00000159871",-2.17410915681643,3.44578657669713,146.180683386797,7.45268317848247e-27,1.88524897983643e-25
"ENSG00000132912",0.735215236323641,6.60629541331768,146.116487190071,7.60678314360204e-27,1.92155794188658e-25
"ENSG00000160213",-1.36975840045623,7.89771732778167,146.094217438892,7.66098771804008e-27,1.93256649952445e-25
"ENSG00000113558",0.779135123145092,7.59870894406055,145.896155966799,8.16053058725722e-27,2.05573033685643e-25
"ENSG00000143578",1.49161943088102,6.49172430484805,145.58720443672,9.00615089732343e-27,2.265613727808e-25
"ENSG00000121039",-2.44126641225782,6.78108100393934,145.572575703144,9.04831283075954e-27,2.27307615698694e-25
"ENSG00000128342",-2.52643574754308,3.53601208402549,145.54842848179,9.11834402688865e-27,2.28629551349625e-25
"ENSG00000137842",1.04186026100573,4.64650180771536,145.545774215595,9.12607511984976e-27,2.28629551349625e-25
"ENSG00000162543",2.41414728645336,3.59068522916197,145.46848157483,9.35412698369114e-27,2.34020442337516e-25
"ENSG00000197696",-1.63616958439275,2.73922489049088,145.394222304139,9.57863889466931e-27,2.39308082714623e-25
"ENSG00000171793",-1.01665732076811,6.00699806661517,145.278202710843,9.94033118528023e-27,2.48003763508747e-25
"ENSG00000163072",2.05580883155319,3.79930965033977,145.269333596239,9.96854077473293e-27,2.48366876179236e-25
"ENSG00000176563",2.09272309311988,1.1859482221045,145.16133952967,1.03185763842766e-26,2.5673634374449e-25
"ENSG00000181031",1.68894062359695,2.96921759720154,145.084739518703,1.05743430792065e-26,2.62740644705748e-25
"ENSG00000107104",-1.3517230926468,5.73177253137045,144.946063141599,1.10537530744015e-26,2.74277845726077e-25
"ENSG00000154153",2.08041379162795,5.3365381371772,144.763738618826,1.17175668433249e-26,2.9024101139248e-25
"ENSG00000135540",-1.3192603583168,4.62893250632967,144.76068905,1.17290050238329e-26,2.9024101139248e-25
"ENSG00000132570",0.881678253250299,4.17728312349259,144.64317722199,1.21784431759794e-26,3.00953158267275e-25
"ENSG00000213085",1.86059569142156,2.02128740787567,144.55657928386,1.25207235407897e-26,3.0869291006158e-25
"ENSG00000165516",0.756159488280142,4.91606778871249,144.555366202776,1.25255865199827e-26,3.0869291006158e-25
"ENSG00000165105",1.72279036786999,5.97364677298416,144.546138570317,1.25626404767458e-26,3.0918715154405e-25
"ENSG00000149582",1.32767634592249,5.28968490912032,144.500842347899,1.27461381558026e-26,3.13203942796957e-25
"ENSG00000143674",-1.85646258069429,4.13123801158526,144.497376769173,1.27602881907051e-26,3.13203942796957e-25
"ENSG00000176407",-0.723972594699798,6.49168205785651,144.436703442409,1.30106000560998e-26,3.18917511887255e-25
"ENSG00000204175",-3.26519871691624,2.33007597523001,144.343652580353,1.34041393791541e-26,3.28121786040451e-25
"ENSG00000249242",3.19689530409222,6.1211345428462,144.154298798231,1.42424267981236e-26,3.48173734683162e-25
"ENSG00000237940",3.9414622903214,3.21927539504105,144.107537985677,1.44574555675052e-26,3.52955975653403e-25
"ENSG00000126262",2.9302751653558,1.84324510348083,143.945026431756,1.52305385906673e-26,3.71331147301685e-25
"ENSG00000134215",2.15638725703049,7.29280555348639,143.832679624305,1.57892206657842e-26,3.84436874791543e-25
"ENSG00000166394",-2.08880345874518,4.73286581957741,143.631729965991,1.68405488470862e-26,4.09486500575941e-25
"ENSG00000107282",-2.00246511602156,3.28017564318538,143.516430772838,1.74753474951918e-26,4.24354633167622e-25
"ENSG00000184154",1.06070119334611,2.80822521297662,143.409066358231,1.80881350426691e-26,4.38649333541421e-25
"ENSG00000132819",-1.29850664414939,5.5854310948662,143.380612621125,1.82541367318198e-26,4.42085537787402e-25
"ENSG00000134627",-1.60657575191202,1.67842914717278,143.170427886547,1.9528903373325e-26,4.72329381055897e-25
"ENSG00000158715",-1.71226131842785,3.62847287247597,143.117069825085,1.98665640231328e-26,4.79857989977077e-25
"ENSG00000198466",1.268318541997,5.11645350031692,143.056343849911,2.02580171811288e-26,4.88664212851951e-25
"ENSG00000263961",-4.57784677588888,3.0623346792375,142.962030492255,2.08814561613626e-26,5.03035661805115e-25
"ENSG00000135919",-1.97346735549308,6.20199595079018,142.912749807253,2.12148729460551e-26,5.10391678760385e-25
"ENSG00000104237",3.59777707258608,1.77508155402077,142.905765588415,2.12625580738841e-26,5.10863152242805e-25
"ENSG00000136158",-1.56456906828039,3.61621776152852,142.768754951777,2.22201675446444e-26,5.3316676425065e-25
"ENSG00000142973",3.92130863804069,4.0634311059319,142.707241784668,2.26641308415063e-26,5.43103045777756e-25
"ENSG00000204852",0.969273747618756,5.12750164605526,142.608754973943,2.33936437183719e-26,5.59846831512827e-25
"ENSG00000137449",1.53012963684385,5.09766550180372,142.55557873176,2.37973254661928e-26,5.68759205754423e-25
"ENSG00000110660",-1.56134032636628,4.95842630150474,142.549862104833,2.38411385295619e-26,5.69058566372273e-25
"ENSG00000100142",-1.23396066560316,5.264423600678,142.392548645439,2.50792521227466e-26,5.97826261610111e-25
"ENSG00000260710",3.73202836876039,0.74880412336599,142.367928490185,2.52788044625884e-26,6.01794365923504e-25
"ENSG00000117399",-1.36514705837559,6.27501723937891,142.230335074603,2.64238687394925e-26,6.28231796907045e-25
"ENSG00000167106",1.04612346804626,7.46790183389606,142.129619092267,2.72950557965878e-26,6.48097225624463e-25
"ENSG00000152939",1.13558337138167,5.10945955408529,142.045559483375,2.80442980898722e-26,6.65019157312381e-25
"ENSG00000106392",-1.39091127813841,5.12295019028444,141.969978384019,2.87356571750187e-26,6.80526214452136e-25
"ENSG00000135374",-3.84760373892315,6.36811422654975,141.912115265631,2.92765363554994e-26,6.92433866363879e-25
"ENSG00000114744",-0.787196489280427,5.64562436453203,141.825417545053,3.01062201148605e-26,7.11132378505302e-25
"ENSG00000134202",2.52138489966057,6.1398927268785,141.768459665731,3.06641594404051e-26,7.23371896111658e-25
"ENSG00000254087",-1.28067679760679,5.76727356302011,141.659078226065,3.17650217860865e-26,7.48370746431789e-25
"ENSG00000106605",1.29460610817255,6.02599491085335,141.507646961793,3.33551716597663e-26,7.84817415456442e-25
"ENSG00000138696",4.41261181454094,7.34451809190967,141.495138451375,3.3490055719029e-26,7.86973040591343e-25
"ENSG00000233682",-2.57527379647464,0.410546887657188,141.413092397108,3.43885253684339e-26,8.07043225033646e-25
"ENSG00000162814",1.68576845587771,2.1320703259802,141.380082973698,3.47568236977354e-26,8.14635450276303e-25
"ENSG00000272476",-1.23718394420006,0.213659317335371,141.207009011775,3.67539663757719e-26,8.60336088085637e-25
"ENSG00000135736",-1.32654325685647,3.01944122385347,141.062303535995,3.85123097594407e-26,9.00336619414791e-25
"ENSG00000107863",-1.06826185334512,6.76031233887704,140.995981158237,3.93463099278872e-26,9.18652997392056e-25
"ENSG00000187534",0.905706960498839,0.615791985601266,140.856126313566,4.11651445153938e-26,9.59246454528621e-25
"ENSG00000070761",-0.702842450988632,4.76507160594149,140.854226503703,4.11904267091958e-26,9.59246454528621e-25
"ENSG00000225096",-2.2467051259613,-0.209525028895293,140.770235178538,4.2323946112099e-26,9.84383544612348e-25
"ENSG00000214376",-2.85555436325408,1.64967142406637,140.671932345412,4.36906172496914e-26,1.01487221779998e-24
"ENSG00000196678",0.978257262706353,4.29199811775524,140.66794761408,4.37469443167666e-26,1.01488446840989e-24
"ENSG00000170743",4.27058831845579,2.31272891725898,140.624072741655,4.43720090088958e-26,1.02807401255261e-24
"ENSG00000118307",2.04813318712037,1.09831909063689,140.509196776235,4.60515761545117e-26,1.06563112862374e-24
"ENSG00000145868",0.755087062520728,5.33149080967692,140.496555462383,4.62402723644647e-26,1.06863795904051e-24
"ENSG00000081277",-3.6010901846566,6.62362375069984,140.465814987535,4.67023923662457e-26,1.07710054544142e-24
"ENSG00000267470",-2.23976141834968,1.38577513084672,140.464326157028,4.67248917062504e-26,1.07710054544142e-24
"ENSG00000154277",-2.87419484906176,5.28090081306253,140.424504734952,4.7330748063967e-26,1.08968562757903e-24
"ENSG00000136842",-2.60686113709963,1.83512703281107,140.365581119795,4.8241791413667e-26,1.10925626072285e-24
"ENSG00000166016",-1.6949967337399,4.1964305184708,140.331398664593,4.87783819463205e-26,1.12017829651474e-24
"ENSG00000203697",3.78536312827391,4.29417624128014,140.245862418227,5.01476312999349e-26,1.15017038850342e-24
"ENSG00000235072",-1.81904515710625,-0.302467811615803,140.128371428571,5.20918031127771e-26,1.19325656802921e-24
"ENSG00000229692",-1.22363292744081,1.16180987134463,140.0889361312,5.27612447586569e-26,1.2070710939251e-24
"ENSG00000196917",2.53066710803472,4.8664789136061,140.061449589509,5.32329704969727e-26,1.21633325050118e-24
"ENSG00000230882",2.88949933832742,2.26650099807365,140.014581986033,5.4047141676131e-26,1.23338696713359e-24
"ENSG00000152076",2.30893686442997,2.10254342931065,139.980343854542,5.46498413051001e-26,1.24557808728967e-24
"ENSG00000213983",1.02578390733222,4.48003299761893,139.913415523321,5.58476299908298e-26,1.27128497405909e-24
"ENSG00000239305",0.863777343188436,5.14937528377533,139.904773062924,5.60042177396104e-26,1.27325589031004e-24
"ENSG00000171863",-1.08973056454643,9.06196368332576,139.853253571395,5.69468958884501e-26,1.29307133885035e-24
"ENSG00000090565",1.12831912808104,5.90560487605349,139.82725550755,5.74286515089807e-26,1.30238443097923e-24
"ENSG00000196972",-1.92922739356966,0.751544604314188,139.725117232115,5.93614309467743e-26,1.34454010717301e-24
"ENSG00000163873",3.45766898819808,4.36752334044069,139.574395926729,6.23340051741165e-26,1.41011304242143e-24
"ENSG00000249992",-2.54591799165832,4.20445144656197,139.531316963432,6.32108783051312e-26,1.4267755403298e-24
"ENSG00000146955",1.85318980867814,2.16116565008705,139.530508039387,6.32274623656158e-26,1.4267755403298e-24
"ENSG00000157152",-2.83102364005828,1.82235600883266,139.410488555405,6.57372701089689e-26,1.47991502853956e-24
"ENSG00000183283",0.657015734713173,8.18128430831844,139.41012278307,6.57450705443129e-26,1.47991502853956e-24
"ENSG00000153721",-2.0161409226263,4.01253238744967,139.31986080108,6.76987990511863e-26,1.52200958855745e-24
"ENSG00000143514",-1.30347281402415,6.65568017069677,139.191381986632,7.05811249397205e-26,1.58485123506622e-24
"ENSG00000188938",0.837568060470127,6.23494934992426,139.151253809908,7.15064836368025e-26,1.60364972180785e-24
"ENSG00000205268",-1.11700149095445,6.27273856347395,139.127862979487,7.20515099300586e-26,1.61388283572402e-24
"ENSG00000276116",2.43043399742791,-0.949158081514869,139.112455890368,7.24127938974801e-26,1.61998019115297e-24
"ENSG00000151892",4.15299864514548,8.22837678596903,139.041894923792,7.40908676988722e-26,1.65548489153205e-24
"ENSG00000084628",3.38580030332546,5.41739978976276,138.900248771496,7.75787665803464e-26,1.73129154179551e-24
"ENSG00000104856",-1.35249028339571,4.8664303570249,138.630784014024,8.46777538381894e-26,1.88740071912866e-24
"ENSG00000105991",-1.63770973414998,0.275044089299385,138.600566376692,8.55136142031853e-26,1.90369842732868e-24
"ENSG00000237080",1.6932081512002,-1.20261572927961,138.509399076924,8.8086167510616e-26,1.95857116709423e-24
"ENSG00000184661",-1.57242947357461,4.36585724071443,138.314319934954,9.38560734321184e-26,2.08431534015063e-24
"ENSG00000144891",4.69080941277518,4.59301208170152,138.213933507324,9.69722102761552e-26,2.15089092744233e-24
"ENSG00000158423",1.48577483085068,1.6204768722952,138.163473072603,9.85777528655229e-26,2.18135773757636e-24
"ENSG00000187607",-1.13409628438003,3.28158181277539,138.163226484988,9.85856641900028e-26,2.18135773757636e-24
"ENSG00000254535",-1.67921808377633,1.79405041185212,138.140632193252,9.93132844935306e-26,2.19478738562374e-24
"ENSG00000010310",2.17289128509064,0.832476149853356,138.024257567089,1.03147626781631e-25,2.27675853871882e-24
"ENSG00000143924",-0.810631422697956,6.61936368691096,138.018508025914,1.03340886578516e-25,2.27825944859399e-24
"ENSG00000233321",-2.9184790985854,0.42750666912448,137.971319783255,1.04940883317214e-25,2.31073218616645e-24
"ENSG00000183696",-1.49178603210279,3.95118438945833,137.73581412061,1.13307351042939e-25,2.49193966235669e-24
"ENSG00000170442",-3.47126472249611,3.15640590451117,137.701357484851,1.14586606258539e-25,2.51703042829748e-24
"ENSG00000140332",0.907065698234457,6.99631713908059,137.612540700743,1.17951606472822e-25,2.58782125274752e-24
"ENSG00000112658",-0.913666267650033,6.27650725526627,137.557758609337,1.20076626815202e-25,2.63126950423481e-24
"ENSG00000163617",1.14685515827807,3.27742333407382,137.531957935331,1.21090772596965e-25,2.65029960528711e-24
"ENSG00000156049",2.54050293762757,2.37816473523354,137.205773393353,1.34682097569082e-25,2.94422835407027e-24
"ENSG00000188807",-0.936447972782111,4.77239512305458,137.168017651622,1.36351498343994e-25,2.97714411990464e-24
"ENSG00000135452",0.964485597437582,5.03832479833059,137.140208380196,1.37594434210029e-25,3.00068053886331e-24
"ENSG00000087053",-1.00577959880343,5.76160506998737,137.049446794683,1.41731053184553e-25,3.08719089259958e-24
"ENSG00000176170",-1.75470656416678,5.31112660167968,136.846978511853,1.51416428052367e-25,3.29421291078523e-24
"ENSG00000145996",-1.18614559344137,5.04449703079037,136.688131474111,1.59480130900921e-25,3.4655013390991e-24
"ENSG00000076344",2.6016527981616,2.32480091892328,136.659379180221,1.60985330798156e-25,3.49403484075997e-24
"ENSG00000198718",1.02259552772186,4.61441982230268,136.571413624089,1.65679899986157e-25,3.59164007264388e-24
"ENSG00000143653",1.54192074237011,6.75501156746224,136.474510927087,1.71011367178319e-25,3.70280326933245e-24
"ENSG00000187244",1.72660813208284,7.81711117000038,136.324318100207,1.79618670264616e-25,3.88454741352299e-24
"ENSG00000185630",1.51201663284348,8.53767264373017,136.190154254117,1.8767613935753e-25,4.05398292474437e-24
"ENSG00000279369",-1.68274877516812,1.33976450855977,136.17643275421,1.8852048070293e-25,4.06739086954317e-24
"ENSG00000143845",1.86178797285713,4.73239011821799,136.084893205604,1.94252128057766e-25,4.18608732833488e-24
"ENSG00000157404",-2.40103170593986,5.48844140752517,136.051612808701,1.96379212578775e-25,4.22691729986125e-24
"ENSG00000101343",0.8600064505959,6.19288667740265,135.966369815058,2.01935152367394e-25,4.34136708186543e-24
"ENSG00000088826",-1.65389261344678,4.04622442961359,135.961480406778,2.0225859572299e-25,4.34318694097963e-24
"ENSG00000212719",-1.68327415550206,3.29082077492703,135.888804042277,2.07128308248311e-25,4.4425114037975e-24
"ENSG00000113163",0.877198290644353,5.42800882862305,135.871283619761,2.08319847443137e-25,4.462804929677e-24
"ENSG00000131089",-1.26871781339425,5.40121473337701,135.758415223709,2.16163274180567e-25,4.62538544799548e-24
"ENSG00000283154",-1.79020951905857,-0.135120234531418,135.594592673628,2.28080388426846e-25,4.87464877168916e-24
"ENSG00000152359",0.752514893944588,3.63707444453738,135.579571264762,2.29205719377572e-25,4.89295026295689e-24
"ENSG00000153832",1.28554039910921,2.79994001147958,135.44409740534,2.39611045639446e-25,5.10908053703429e-24
"ENSG00000118564",0.851356603320086,6.76067886658189,135.232472320563,2.56826735401027e-25,5.46974784950102e-24
"ENSG00000145545",-1.41450777650311,5.24838153094658,135.212227178334,2.58537667474029e-25,5.49974631113173e-24
"ENSG00000163751",2.89028168358174,3.55207553896268,135.111932138253,2.67184652560292e-25,5.6770496036993e-24
"ENSG00000234753",-2.16638816506498,0.80184672026289,135.074166709734,2.70515663616043e-25,5.74111889130524e-24
"ENSG00000059758",0.996586022101605,5.45351426464654,134.97095473188,2.79834358744423e-25,5.93196656974774e-24
"ENSG00000226833",-1.36192458689969,0.517376286167112,134.961152716331,2.80736007306443e-25,5.94415192187379e-24
"ENSG00000188827",0.85573241593961,3.88126236726854,134.83603764286,2.9250543911804e-25,6.18614991474293e-24
"ENSG00000115163",-1.21416164335542,3.9477361946043,134.751485073605,3.00739656524944e-25,6.35290693713784e-24
"ENSG00000168993",1.95783353961052,2.2902297120618,134.580994446433,3.1806064913661e-25,6.7110059008082e-24
"ENSG00000065427",-0.751507714163174,7.45532796873839,134.43678623592,3.33494536089991e-25,7.028503618082e-24
"ENSG00000116977",1.00846316632039,6.40832615345862,134.426287637248,3.34647202050977e-25,7.04463346169349e-24
"ENSG00000138772",-2.48987348417452,5.09270567978329,134.383744750334,3.39359343716539e-25,7.13556964568372e-24
"ENSG00000172216",-1.34945171508258,6.40912801419193,134.210581975678,3.59239653163523e-25,7.54486236921264e-24
"ENSG00000164742",3.07267205681529,5.5353012946761,134.155433171646,3.65814465580182e-25,7.67408708185969e-24
"ENSG00000183196",-2.52657567750761,2.67459148591327,134.133244157457,3.68493927864817e-25,7.72139119816278e-24
"ENSG00000183431",-0.702542865277966,6.84377230161011,133.995697852181,3.85550687691032e-25,8.06950046918813e-24
"ENSG00000170919",-1.36758669859204,3.35644484657248,133.915428317435,3.9587022139341e-25,8.27596274333717e-24
"ENSG00000170088",0.962630877122654,5.09892122597605,133.758919681456,4.16798879712178e-25,8.70348797268094e-24
"ENSG00000050405",1.14625057111167,6.83321073259294,133.689382549533,4.26452044019964e-25,8.89485066127879e-24
"ENSG00000116157",-1.52716689213135,4.23632524233194,133.68583124292,4.26951042641761e-25,8.89505791932227e-24
"ENSG00000109220",-0.794066158778988,3.88471438047245,133.669123597203,4.29306565099239e-25,8.93389909156174e-24
"ENSG00000183479",-1.93399252099651,-0.0206770809692991,133.351650625129,4.76640711099129e-25,9.9075900039668e-24
"ENSG00000237943",-2.46938923028498,1.52501536008239,133.30791101648,4.83562181281027e-25,1.00399873894284e-23
"ENSG00000274173",1.69487171577797,4.42718133990841,133.25052518315,4.92796979756824e-25,1.02200586862225e-23
"ENSG00000280332",1.4193297842571,0.703636479966292,133.134805625495,5.11963451006496e-25,1.06054570010321e-23
"ENSG00000101350",0.911447091208609,6.84284139130954,132.885897355105,5.55775723994976e-25,1.1499941829375e-23
"ENSG00000244405",-1.56031092344283,4.87886192903104,132.804624717175,5.70884750282828e-25,1.17991498160728e-23
"ENSG00000275004",-2.46164114669666,1.32690548413445,132.664078565416,5.97996924443002e-25,1.23454802063216e-23
"ENSG00000270177",1.36387522977077,-0.0271363264989558,132.541675378065,6.22664873539764e-25,1.28401686167134e-23
"ENSG00000165996",-2.46820535382697,2.52170123443636,132.217333125953,6.93106594680168e-25,1.4276582949086e-23
"ENSG00000223799",-0.993521728012716,-0.430842905063676,131.976455274082,7.50574549453552e-25,1.54428166351371e-23
"ENSG00000102854",-5.40727251801191,6.25628808234815,131.971144357873,7.51894336643098e-25,1.54524906156663e-23
"ENSG00000163820",0.953264037721422,5.87035309591367,131.945980558103,7.58179528871827e-25,1.55640736694366e-23
"ENSG00000251429",2.14697173545293,-0.644960776074176,131.869445487145,7.77623189856086e-25,1.59452204927875e-23
"ENSG00000071054",-1.00739295438674,7.33223149108166,131.811730892761,7.92617324271541e-25,1.62343737543365e-23
"ENSG00000124107",-4.10836701898865,7.33159541108782,131.806131027131,7.94087580241146e-25,1.62461922490731e-23
"ENSG00000198944",3.45884734749285,2.3522212618388,131.709000144322,8.20031409052189e-25,1.67581250200463e-23
"ENSG00000183386",-1.05844134071738,4.76394262534459,131.616111393997,8.4564124630268e-25,1.72620908953458e-23
"ENSG00000010292",-1.11315928577653,7.40121251997057,131.375876768138,9.15677874220871e-25,1.86707950407278e-23
"ENSG00000173210",2.26117756799356,4.37030696274639,131.269310820469,9.48590513953154e-25,1.93202287433146e-23
"ENSG00000167771",-2.30855575921026,3.5746630099124,131.16728454715,9.81218209838989e-25,1.99624125285811e-23
"ENSG00000135093",0.751337924728874,4.40763382689351,131.023678677096,1.02906929942064e-24,2.09125278411872e-23
"ENSG00000140279",-2.63372879207697,0.304405175386363,131.018292659705,1.03090905424578e-24,2.09265333466765e-23
"ENSG00000196730",-1.4706396847281,5.47133792409,130.871534596006,1.08233515196824e-24,2.19459439732423e-23
"ENSG00000110090",1.31471101274788,6.93433855358314,130.73642899525,1.13196206662345e-24,2.29266437280036e-23
"ENSG00000133983",1.10456579210306,2.12613260235208,130.525881639814,1.21391394244051e-24,2.45591399166941e-23
"ENSG00000109618",0.902178161169175,3.99730688716608,130.520445867791,1.21610713636357e-24,2.45761739957563e-23
"ENSG00000154188",-2.34271079462447,3.01471986696456,130.443290287777,1.2476716428029e-24,2.5186073073584e-23
"ENSG00000287678",-1.76338503031573,-0.0668785602192782,130.350307711659,1.28681053829266e-24,2.59473504107171e-23
"ENSG00000050344",-1.64901159268073,5.04466059221616,130.285319654665,1.31489843378651e-24,2.64843551646833e-23
"ENSG00000115363",-1.64029356757684,2.93412593366882,130.270004736552,1.32160704716415e-24,2.65900320506876e-23
"ENSG00000165943",0.823530632531723,5.18798879021753,130.207816561223,1.34920461989684e-24,2.71152857753412e-23
"ENSG00000198795",-1.78365943410487,5.11580576402868,129.92800946992,1.48074462878377e-24,2.97260301416327e-23
"ENSG00000181744",-1.56463534463547,5.26669860625503,129.818177903115,1.5358450190245e-24,3.07981799404824e-23
"ENSG00000272931",-2.70538585535211,0.0182831804436846,129.768594381302,1.56139285706936e-24,3.1276005819799e-23
"ENSG00000165507",-1.42109328053745,6.28227309086507,129.755943320894,1.56797961553796e-24,3.1373391911336e-23
"ENSG00000170425",-1.90220295582185,2.31879294046735,129.695500406813,1.59983783651568e-24,3.19756599676343e-23
"ENSG00000122735",2.73105894431835,1.00177507801111,129.643041999653,1.62801609208209e-24,3.25031357659594e-23
"ENSG00000102445",-1.47973758212381,3.13651159013174,129.636652490278,1.63148225077755e-24,3.2536621904761e-23
"ENSG00000267534",-0.987678601175967,4.27199365060854,129.569407063101,1.66841555816442e-24,3.32367384139042e-23
"ENSG00000233954",-1.01202532716166,1.39262155824831,129.47330677082,1.72266480223966e-24,3.42798987124015e-23
"ENSG00000141198",1.3987649655785,5.54211958557713,129.290984569845,1.83052320986057e-24,3.63864001540371e-23
"ENSG00000120137",1.14491020273577,7.12764259075531,129.156923243544,1.91415263398264e-24,3.80072140904763e-23
"ENSG00000154642",-1.16745164803791,4.89167759989239,128.874126045644,2.10341886418897e-24,4.17197189769563e-23
"ENSG00000083838",0.756245303720242,2.28643149515876,128.821159983647,2.14091158107986e-24,4.24171022186063e-23
"ENSG00000105792",1.4324248034865,2.13803984465792,128.731145855591,2.20618126520079e-24,4.36627038644962e-23
"ENSG00000223776",1.79258446203821,-1.4320261631227,128.657232476055,2.26127360287649e-24,4.47043959664322e-23
"ENSG00000001617",1.26434661830074,6.49643701386042,128.611053803474,2.29639530288128e-24,4.53494438314926e-23
"ENSG00000135549",2.42021684887874,5.41796031170035,128.536856067993,2.35398260188692e-24,4.64362641682422e-23
"ENSG00000144840",0.807369242550262,5.11054676691402,128.488479713615,2.39231091416753e-24,4.71412252512233e-23
"ENSG00000104133",0.940533111563195,6.30565396488221,128.437956768561,2.43301178905747e-24,4.7891361925733e-23
"ENSG00000119280",-0.999527273058007,7.3600663281868,128.390913801579,2.4715366134087e-24,4.8585841468997e-23
"ENSG00000105855",-2.23821158453292,5.85049934684282,128.388371662497,2.47363586982028e-24,4.8585841468997e-23
"ENSG00000140254",-2.96533809104174,1.536839933551,128.333369382389,2.5194986144381e-24,4.93822388985701e-23
"ENSG00000137494",1.04560962727939,3.78589375000184,128.333233699236,2.51961280502931e-24,4.93822388985701e-23
"ENSG00000115758",-1.45334306278728,6.46018843886111,128.220242471758,2.61654041574881e-24,5.12245998720446e-23
"ENSG00000112679",-0.766966470033625,5.11823033111363,128.214675412848,2.62141202817525e-24,5.12245998720446e-23
"ENSG00000183520",-0.759645846341173,5.43531080883553,128.21393100654,2.62206413464227e-24,5.12245998720446e-23
"ENSG00000133195",1.21004180106342,6.62937662696375,128.085751385719,2.73682442820698e-24,5.34091874465972e-23
"ENSG00000170959",2.74670572045422,1.32302472391003,127.978534561608,2.83669735713012e-24,5.52988762395311e-23
"ENSG00000249684",2.15248189478172,0.6778492754294,127.817938651276,2.99321008661739e-24,5.82874786460355e-23
"ENSG00000188015",-1.86142561470232,0.318663780594765,127.804892939961,3.00630016070265e-24,5.84797725378179e-23
"ENSG00000005700",0.80147876238083,6.33159464132062,127.67656938727,3.13817633066946e-24,6.09798622886925e-23
"ENSG00000174564",-2.16388184122652,1.01109459413684,127.655457081113,3.16042515218441e-24,6.1346651726713e-23
"ENSG00000237423",4.62941814005087,2.2605639566467,127.613538169304,3.2050730586883e-24,6.21469816539689e-23
"ENSG00000129518",0.771328324984575,5.43028549168045,127.548102025286,3.27604369658705e-24,6.34554661911878e-23
"ENSG00000078018",-2.54552314531376,4.90122303162233,127.523616256973,3.3030059083345e-24,6.39096504901999e-23
"ENSG00000116685",-0.938767737434721,6.45446100575916,127.4488778418,3.38669462800743e-24,6.5459300631455e-23
"ENSG00000155380",-1.70720472333039,6.13253251172993,127.38777048162,3.45670602347509e-24,6.67415808439118e-23
"ENSG00000198133",1.71464635675145,4.30788558960995,127.1953606507,3.68682721581312e-24,7.11092400861178e-23
"ENSG00000108100",-0.747010527941362,6.87154285672406,127.150578251986,3.74256604084625e-24,7.21078296090165e-23
"ENSG00000262185",1.7087880361937,-0.729293916448037,127.096380291174,3.81116151642916e-24,7.33517520220249e-23
"ENSG00000006071",3.9510661928476,2.70399854027466,127.090568495185,3.81859203252116e-24,7.34170738768444e-23
"ENSG00000131171",1.64789923431384,8.08906898272564,126.996238520336,3.94125788754086e-24,7.56954577176273e-23
"ENSG00000070882",-1.28374841463781,4.76692107221837,126.931033457642,4.02836466437804e-24,7.72868106705778e-23
"ENSG00000179387",0.816393590734329,5.5616783170019,126.797363466959,4.2130487469183e-24,8.07449216111171e-23
"ENSG00000112096",-1.37044617721786,8.85369389295613,126.711753371979,4.33579190241711e-24,8.30098769696445e-23
"ENSG00000140526",1.81215821425846,8.02878014560544,126.684469037413,4.37566335680391e-24,8.3685136838643e-23
"ENSG00000145860",-1.28358123151288,5.91965467829182,126.673726284006,4.39146330709537e-24,8.38990909973221e-23
"ENSG00000116285",-1.36267965045331,6.64022253995556,126.579931872606,4.53187819513855e-24,8.64908715773138e-23
"ENSG00000102900",-0.776711705602818,6.08687508908287,126.558184490082,4.56507630045927e-24,8.70331318163031e-23
"ENSG00000146232",-1.08531870577378,4.80314871724753,126.535033060217,4.60068718773035e-24,8.76202079271619e-23
"ENSG00000143947",-0.882247984821391,9.16878054507476,126.407436289538,4.80203823208025e-24,9.13592796705812e-23
"ENSG00000225889",-1.83934941431239,-0.0408917300144618,126.385308332596,4.83785001216423e-24,9.19444263544859e-23
"ENSG00000122490",-0.97991006181902,5.53276107334667,126.330054465921,4.92845254504253e-24,9.35685750409537e-23
"ENSG00000100938",0.702869484181561,5.91149604465621,126.124810768645,5.2802402545415e-24,1.00142867309281e-22
"ENSG00000198885",-1.92333961747173,1.64732946569691,126.082840699926,5.35523782113771e-24,1.01459443219638e-22
"ENSG00000182022",1.34380849798957,6.08223071306463,125.761028054167,5.96714975185642e-24,1.12934984065312e-22
"ENSG00000154099",2.25694456136061,1.33877587623147,125.696814207089,6.09744310122451e-24,1.15280972063484e-22
"ENSG00000186567",-2.02626403543151,3.10102381451783,125.619939587143,6.2572037251475e-24,1.18178630688456e-22
"ENSG00000205133",1.25950865293094,5.57133291743782,125.269417882638,7.04087151334105e-24,1.32841671249634e-22
"ENSG00000072954",-1.62579141045276,3.77819170794515,125.254195998035,7.07706124619736e-24,1.33386103570816e-22
"ENSG00000152455",-0.987470944871596,4.24825788380506,125.244269405962,7.10076247848289e-24,1.33694273249117e-22
"ENSG00000143409",1.23276016297898,5.80960695318963,125.21394356827,7.1736667607999e-24,1.3492725030551e-22
"ENSG00000249661",4.15174998710158,3.09830035685205,125.184309890492,7.24563596996268e-24,1.36140110559588e-22
"ENSG00000153162",-2.23298295697676,2.65578989683875,125.131139546313,7.37659660628013e-24,1.38457728663594e-22
"ENSG00000142192",-1.11824583379922,10.4240344036243,125.048222123518,7.58560432295623e-24,1.4223399116075e-22
"ENSG00000198954",0.723884666257601,5.44861738380451,124.933988082996,7.88336586515274e-24,1.47664941663644e-22
"ENSG00000240207",-2.02882620122674,1.41275509264583,124.893207077853,7.99249606506617e-24,1.49555060114633e-22
"ENSG00000113595",0.897406869066502,4.0205628207654,124.857894295307,8.08822288263409e-24,1.51190747984942e-22
"ENSG00000169710",1.78611096421924,9.85400096654372,124.457289558984,9.2586231501849e-24,1.72891003958483e-22
"ENSG00000135269",-1.03404425642975,6.55050695631329,124.362437241637,9.55988638507808e-24,1.78333552381333e-22
"ENSG00000135045",-1.18637545577408,3.2860788916577,124.344312028751,9.61856935376802e-24,1.79244405129439e-22
"ENSG00000112655",-1.39417883371686,7.66262836926099,124.192120405168,1.01258600235633e-23,1.88504751390552e-22
"ENSG00000126581",0.875478233501817,5.6561320992294,124.121191411609,1.03714145132068e-23,1.92878616734361e-22
"ENSG00000132780",-0.92656949953564,7.19281477251284,124.062534173177,1.05790136309824e-23,1.96538406455882e-22
"ENSG00000139631",1.35474382248417,4.18556788128878,124.006137979641,1.07825598267059e-23,2.00115508294007e-22
"ENSG00000139174",-1.42817557650833,3.96312869929954,123.983185726327,1.08665256679394e-23,2.01468265900593e-22
"ENSG00000152582",1.38434438939138,3.51622685972967,123.87957463098,1.125384477912e-23,2.08436791082112e-22
"ENSG00000259583",-1.57995854216678,1.28937027193589,123.703710881887,1.19433924913354e-23,2.20983135943447e-22
"ENSG00000125398",-1.61372144522413,7.17184254516232,123.549880347767,1.2581397837238e-23,2.32551284414314e-22
"ENSG00000166265",-1.56137542968045,4.51308406694307,123.512787693453,1.27403119748115e-23,2.35249537256723e-22
"ENSG00000170369",4.4260128157662,2.20761855647951,123.438683372912,1.30638788405733e-23,2.40979541939501e-22
"ENSG00000131828",-0.808260763759102,6.27848807718301,123.408760685717,1.31968686912713e-23,2.43186066622942e-22
"ENSG00000034053",-2.06345590733659,3.68311492229194,123.360362391407,1.34148676402295e-23,2.46953049231269e-22
"ENSG00000148459",-1.0467972984579,3.17499868301869,123.344130241372,1.34887916262378e-23,2.48062833263917e-22
"ENSG00000233006",1.22098338907668,1.40460192030249,123.333852531715,1.35358102546919e-23,2.48676077689228e-22
"ENSG00000152256",-1.21167923296632,5.13647514482954,123.286468665091,1.37547285925189e-23,2.52442990555736e-22
"ENSG00000100418",-0.736402323577401,5.76049084814728,122.983977746165,1.52389250031821e-23,2.79400774151085e-22
"ENSG00000054392",1.29563014499521,4.27518742803341,122.980313118381,1.52578624301686e-23,2.79466265740088e-22
"ENSG00000163638",-1.62361738111865,4.34530529520914,122.94502690399,1.54414267795232e-23,2.82543933869183e-22
"ENSG00000103528",2.32392276464512,3.40511391556685,122.872880995517,1.58237001105641e-23,2.89247696091397e-22
"ENSG00000141279",0.927524289717382,6.71769500074684,122.682012751054,1.68816886633021e-23,3.0827726245797e-22
"ENSG00000224812",-2.17831042417441,-0.114266123876278,122.556442504206,1.76163419424427e-23,3.21370137662135e-22
"ENSG00000147912",-0.914929184636977,2.56062588878775,122.544574712253,1.76874205360933e-23,3.22343491693852e-22
"ENSG00000085978",0.855781939927809,5.52806133882933,122.437671305448,1.83408615471123e-23,3.33917507326205e-22
"ENSG00000134686",-0.680966235333122,6.90076557296298,122.394255186244,1.86131396144108e-23,3.38535783306904e-22
"ENSG00000240859",-1.67875410612243,2.7298588129014,122.34103022179,1.89524988766875e-23,3.44363685883309e-22
"ENSG00000136425",-1.87664765971428,2.69680683298212,122.310116452083,1.91524596229189e-23,3.47649636348951e-22
"ENSG00000146592",-1.67332951432389,3.16752563834475,122.279866634588,1.93501843817382e-23,3.50888488070843e-22
"ENSG00000167964",2.06805458386511,2.97986332264139,122.265921956404,1.94420239783974e-23,3.52202721234155e-22
"ENSG00000066136",-0.641716919669014,5.83297806263349,122.076598603856,2.07332793683024e-23,3.75220781244462e-22
"ENSG00000133328",2.69691672137514,1.73955352684845,121.995580367218,2.13119493536752e-23,3.85309875591099e-22
"ENSG00000196591",-0.92366272130912,7.46079577320319,121.987145151999,2.1373125752346e-23,3.86032185882492e-22
"ENSG00000271367",2.08151021884244,-0.490097071173919,121.908753057413,2.19502003043315e-23,3.96061749142045e-22
"ENSG00000258744",1.10032744455919,1.83493618939148,121.901448930328,2.20047623265523e-23,3.96652742512719e-22
"ENSG00000028203",0.770514021610802,6.36017709896204,121.88975378273,2.20924102455984e-23,3.97838373808855e-22
"ENSG00000073969",0.839812435788078,6.12444764988475,121.708155503496,2.34994343093384e-23,4.22757380037831e-22
"ENSG00000115353",-2.76541818314378,2.04776461493628,121.541523079977,2.48698763609472e-23,4.46969675151095e-22
"ENSG00000254726",-1.67890666713504,6.56941355659777,121.44932866231,2.56624501495617e-23,4.60758779190749e-22
"ENSG00000231999",-1.64811371885181,0.869918281124185,121.442812669735,2.57194207008691e-23,4.61326256121703e-22
"ENSG00000115226",-1.62379323030163,2.87702766358435,121.430907180436,2.58238421281137e-23,4.62742897168602e-22
"ENSG00000181788",1.28914194753456,6.53954350478218,121.427089029031,2.58574210400925e-23,4.6288855696575e-22
"ENSG00000162385",-0.945991333697085,5.25752162361284,121.302201859456,2.69803542587232e-23,4.82515912741059e-22
"ENSG00000153002",7.83773339132928,9.44760338865533,121.294999069096,2.70465982658319e-23,4.83225470784824e-22
"ENSG00000178750",-2.67193496472485,0.552168342735164,121.22773969661,2.76731512592457e-23,4.93934519237645e-22
"ENSG00000109610",-2.19333786828969,4.41657869205207,121.183400238902,2.80941766200334e-23,5.00957729769773e-22
"ENSG00000245904",-1.81102293976621,-0.171588546122853,120.911169832282,3.0824494377952e-23,5.491047049424e-22
"ENSG00000147324",-1.09633822190792,4.96431100052419,120.883187087153,3.1119888964707e-23,5.53824403610656e-22
"ENSG00000226816",-2.33847558618897,0.0947556997759513,120.828689775761,3.17033957933583e-23,5.6365724603089e-22
"ENSG00000112208",-1.63225409535632,3.90318768494386,120.680611835263,3.334519270647e-23,5.92267934516872e-22
"ENSG00000157766",-3.60433153558255,5.12680376482923,120.631358452895,3.39100687715543e-23,6.01713493480029e-22
"ENSG00000168792",1.07303438367375,4.26369829133478,120.612044407734,3.41342014456581e-23,6.05100249408996e-22
"ENSG00000142627",-1.36427248596485,4.31729867637907,120.553872541947,3.48183290196868e-23,6.16626843437257e-22
"ENSG00000088899",-1.92184088193557,4.36106582414207,120.544335664159,3.49317985772619e-23,6.18034584166576e-22
"ENSG00000187535",1.04324173510313,5.33912215514026,120.332859430304,3.75459964754796e-23,6.63640995039868e-22
"ENSG00000132481",-1.33475672485625,5.95813118623648,120.312298759596,3.78104532666434e-23,6.67666528168651e-22
"ENSG00000128833",1.16039813724507,5.79121408317115,120.203425160692,3.92424352406881e-23,6.92280710143196e-22
"ENSG00000166246",1.4444977623124,1.06548191246617,120.158510993575,3.98489929281693e-23,7.02299886993744e-22
"ENSG00000140287",3.20229544527705,1.05054689842601,120.130819402443,4.02276637247101e-23,7.08287267981634e-22
"ENSG00000108733",0.95895173251909,3.33511569897169,120.086837521729,4.08365678340717e-23,7.1831285857456e-22
"ENSG00000155329",0.67173764161798,4.06343367876203,120.063568969561,4.11624570052898e-23,7.23345669577015e-22
"ENSG00000181467",-0.7740601255461,6.0251103528619,120.040680796702,4.14855765075062e-23,7.28320140461894e-22
"ENSG00000279406",1.27637173959031,-0.0264959626922906,119.985103120628,4.22808674122576e-23,7.41566457564264e-22
"ENSG00000204682",-2.19951170731695,2.16610563001296,119.901748483084,4.35025413407323e-23,7.62258402606203e-22
"ENSG00000171551",-4.45024313565007,3.81051095608118,119.867438514885,4.4015681180338e-23,7.70507419930691e-22
"ENSG00000205639",-1.1438643358209,-0.940815546424286,119.817889753965,4.47675208596241e-23,7.82915066725811e-22
"ENSG00000160999",-1.33824825154565,2.74001231698952,119.785603017365,4.52643843830588e-23,7.9084401840449e-22
"ENSG00000147642",2.1564884426235,4.83663669045446,119.759717237499,4.56667554630118e-23,7.97108395740171e-22
"ENSG00000121644",-0.826979292593756,6.71438846065253,119.673587024555,4.7031713702932e-23,8.20146508944321e-22
"ENSG00000129195",-1.22806944740935,3.83654931993606,119.609947980732,4.80665973607625e-23,8.37390108043628e-22
"ENSG00000188959",2.83698688891728,4.37364993632704,119.558886207871,4.89135291132333e-23,8.51329442594725e-22
"ENSG00000214290",-2.58133543066321,1.1703360408188,119.465113718463,5.05082593392079e-23,8.78244953022479e-22
"ENSG00000164403",2.30751253476263,4.59884751035747,119.434925847311,5.10327183941602e-23,8.86516792887283e-22
"ENSG00000246090",-1.27390780782998,0.438737266094247,119.426477481383,5.11804740475554e-23,8.88235173642117e-22
"ENSG00000099282",1.32571001334578,6.35663286628481,119.252740657987,5.43164854386172e-23,9.41761903868036e-22
"ENSG00000139117",-1.47904675444784,3.38343965778831,119.241173337129,5.4532031172335e-23,9.44598650440408e-22
"ENSG00000129295",1.78540698059658,3.58745359747752,119.122317109949,5.67973779608409e-23,9.82902673978852e-22
"ENSG00000085117",-1.44998451656293,6.20240697623167,119.095791178545,5.73157638654165e-23,9.90930715954559e-22
"ENSG00000112394",-2.03497329840061,1.89665145839789,118.994902235496,5.9331346096273e-23,1.02480391528871e-21
"ENSG00000164776",-3.81087640129414,3.12018086183156,118.986960686127,5.94930058161003e-23,1.02662124267859e-21
"ENSG00000198522",-0.661123311001985,5.55955238148577,118.808940298109,6.32356974913095e-23,1.09017143694022e-21
"ENSG00000272808",-2.31721933393752,1.80564409682481,118.792955811511,6.35831540804486e-23,1.09512349092348e-21
"ENSG00000166575",1.05822309335387,5.25214475001547,118.721192790041,6.51669460128993e-23,1.12134003224467e-21
"ENSG00000125967",1.33381069726148,5.32101152785885,118.702164994253,6.55935152864576e-23,1.12761328547268e-21
"ENSG00000196792",0.878998628006138,5.23040708863344,118.68087726504,6.60740853260542e-23,1.13480213778118e-21
"ENSG00000117411",-0.936608492361789,6.3609266763014,118.670036591401,6.63201756625517e-23,1.13795410844386e-21
"ENSG00000154479",1.69164555462301,-0.26456668887066,118.663689749979,6.646468169132e-23,1.13935874703273e-21
"ENSG00000047188",0.839868272431513,5.5247963221068,118.526994375126,6.96552025368653e-23,1.19292732932251e-21
"ENSG00000120727",0.60849830735213,5.5222286423972,118.512108716161,7.00118324105496e-23,1.19790706291917e-21
"ENSG00000150510",-1.80691964476412,2.40567266104408,118.4882595535,7.05870504679624e-23,1.20661397923994e-21
"ENSG00000062282",-2.05459443014382,5.6269156160241,118.474828318715,7.09130930717303e-23,1.21104914252454e-21
"ENSG00000226419",-1.64078890264186,1.75229252738484,118.27796346278,7.58699624630071e-23,1.29448675166714e-21
"ENSG00000141665",1.82256570346554,0.856882121185128,118.266361436974,7.61727601647559e-23,1.29843501581685e-21
"ENSG00000188505",-3.79726075243241,4.99832312195284,118.250505081697,7.65885614958165e-23,1.30351376794538e-21
"ENSG00000106397",-1.08107851033159,6.74359032409649,118.249536174355,7.66140432116565e-23,1.30351376794538e-21
"ENSG00000108878",4.01137389348288,1.24620857585692,118.237342617654,7.69354583738669e-23,1.30775898776065e-21
"ENSG00000114656",1.66719059645585,2.25202733290239,118.136118611725,7.96566936486009e-23,1.35275064806793e-21
"ENSG00000171302",1.14639507648344,7.5007998009548,118.003539696061,8.33681990568013e-23,1.41445970563909e-21
"ENSG00000273062",2.12188566615074,-1.14049939900589,117.890780908254,8.66617601568758e-23,1.46896933246343e-21
"ENSG00000073008",-1.15410463734065,5.30370590605224,117.684081225293,9.30437301432638e-23,1.57567910972596e-21
"ENSG00000134759",1.46771415853397,7.62009521871734,117.60425489632,9.56334142712741e-23,1.61802840815436e-21
"ENSG00000112378",-1.50168456538264,8.56658428083369,117.559380400816,9.71209894171482e-23,1.6416696612631e-21
"ENSG00000152558",-1.22249755437601,8.79348402355961,117.540936075144,9.77391568212476e-23,1.65058475790608e-21
"ENSG00000114554",-0.923070605976009,6.54657642326518,117.410396854743,1.02229096390098e-22,1.72480779697876e-21
"ENSG00000185483",-1.82724718153171,3.20887837254618,116.793382171182,1.26435235602052e-22,2.13123639029668e-21
"ENSG00000141753",1.45177719935256,9.0559356162733,116.738819444452,1.28836012247767e-22,2.16969388033554e-21
"ENSG00000276168",-4.5455966483706,9.1013389074218,116.657220096406,1.32512445857985e-22,2.22954335362167e-21
"ENSG00000254815",2.12705069617127,-0.401619063681749,116.607678697163,1.34795930806982e-22,2.26586727312144e-21
"ENSG00000164187",1.15295081022911,5.16255080782378,116.557461388423,1.37151061030728e-22,2.30332732966471e-21
"ENSG00000251161",-1.70875429159638,-0.0241843640119605,116.43615575999,1.4301272897011e-22,2.39955305766455e-21
"ENSG00000174749",1.61372924079915,5.04846974863114,116.268086612015,1.51553874928331e-22,2.54051785916727e-21
"ENSG00000182158",-1.10857524941297,7.5394930969266,116.238270870475,1.53121945843872e-22,2.56444010221763e-21
"ENSG00000123545",-0.943727794512294,4.24338974994697,116.14477939027,1.58145704307279e-22,2.64613989874957e-21
"ENSG00000128298",-2.20380007533087,1.93223974562443,116.129025284979,1.59008463428832e-22,2.65813045298125e-21
"ENSG00000149596",-2.57750797223644,3.39527739033617,115.986663999754,1.67023142737103e-22,2.78954721772492e-21
"ENSG00000120149",2.43943009420402,3.38141290833968,115.970654718241,1.67949541421455e-22,2.8024461095169e-21
"ENSG00000235750",1.43490509395061,6.89070473878217,115.966851074336,1.68170404874651e-22,2.80355941692039e-21
"ENSG00000197977",3.14879244307596,5.12327391698403,115.855629867536,1.74759702355672e-22,2.91074126963824e-21
"ENSG00000171174",0.976741497176468,2.5968794306827,115.831163737712,1.7624377628444e-22,2.93277383628673e-21
"ENSG00000159461",0.948068725360058,7.32082081450277,115.826527214175,1.76526448635741e-22,2.93479254825124e-21
"ENSG00000187147",-0.70078776805336,5.59510383224434,115.754515042564,1.80975913768387e-22,3.00601819143326e-21
"ENSG00000131044",2.05151919512984,0.187344174874545,115.735384499453,1.82176838021916e-22,3.02320468060457e-21
"ENSG00000148219",2.03947735839063,4.1773136321658,115.616150812012,1.89844980523139e-22,3.14758478190962e-21
"ENSG00000151338",1.18530324658145,3.84831306109107,115.555532187629,1.93867416827185e-22,3.21134843101352e-21
"ENSG00000253958",-1.72424981928329,3.41173940691538,115.518647039927,1.96356917210071e-22,3.24962657890517e-21
"ENSG00000100614",0.706802258271375,6.51924338691191,115.411599685497,2.0376590715012e-22,3.36917665386035e-21
"ENSG00000280119",2.94385037590638,0.730091899129744,115.378763439124,2.06094582794648e-22,3.40458516972666e-21
"ENSG00000157613",1.81655350457004,5.61102390288056,115.334215980024,2.09296740758509e-22,3.45314635376773e-21
"ENSG00000184216",-1.08753792807157,7.6602653848158,115.332598838056,2.09413922817561e-22,3.45314635376773e-21
"ENSG00000116584",-0.933009291335589,7.14574678271492,115.289343871011,2.12572947124923e-22,3.50206228469936e-21
"ENSG00000126067",-0.739948109249798,7.26329870038425,115.279009470412,2.13334778716875e-22,3.51143253873531e-21
"ENSG00000105202",-1.13280439667438,7.48296175312175,115.264759328994,2.14389787360213e-22,3.52560709991641e-21
"ENSG00000159459",0.968812193950206,5.39183943173287,115.205086591195,2.18865088968977e-22,3.59595143465922e-21
"ENSG00000197620",0.932909569377761,4.21872800784654,115.175295663559,2.21134457166268e-22,3.62995803875458e-21
"ENSG00000150873",2.95547126595926,2.55268977268736,115.081303592414,2.28451116707949e-22,3.74668071297041e-21
"ENSG00000099812",2.67221752892167,5.05741367448588,115.051171843119,2.30847955573277e-22,3.78257893330339e-21
"ENSG00000261105",-1.58773720867886,-0.0367930023141418,114.800482583462,2.51797984328585e-22,4.12214377944943e-21
"ENSG00000086475",-0.858611566037024,6.75056807370527,114.792206354249,2.52521400502683e-22,4.13026909383346e-21
"ENSG00000138613",1.18372646194042,4.24437474473089,114.754588609861,2.55836022145734e-22,4.18072378327639e-21
"ENSG00000279227",-1.09367507751647,0.130106002636503,114.746451128962,2.5655879259671e-22,4.1887713821804e-21
"ENSG00000160208",-0.745511495972103,6.39594152189529,114.715381240489,2.59337402560582e-22,4.23033962132006e-21
"ENSG00000198053",-1.21351637824753,6.34961231599357,114.710226049733,2.59801361816387e-22,4.23411036623338e-21
"ENSG00000137166",-1.15902125942877,7.23011799059319,114.632633818868,2.66886483852482e-22,4.34568609517363e-21
"ENSG00000179242",-2.91324589139837,1.70955809292932,114.587491510686,2.71097830866585e-22,4.41031068676337e-21
"ENSG00000125249",-0.98182773165873,6.169865916371,114.565098151486,2.73211711941509e-22,4.44072798640945e-21
"ENSG00000280649",-1.82429111434737,-0.112639222364087,114.554624729112,2.7420607400109e-22,4.45291078029627e-21
"ENSG00000068366",-1.08001148515987,5.6157718867206,114.516718206307,2.77835570805776e-22,4.50782637093261e-21
"ENSG00000127084",1.83584547714984,5.02735570197993,114.505221497841,2.78945907310655e-22,4.52180763116417e-21
"ENSG00000269404",-4.05528609860761,3.91130689040014,114.434899400957,2.85835559655578e-22,4.62936523509853e-21
"ENSG00000163482",0.861348449874731,4.8463598067661,114.431963686923,2.86126881018095e-22,4.62996059782662e-21
"ENSG00000137726",-1.65787440931971,2.89059002905604,114.407603633812,2.8855579113259e-22,4.66511353699515e-21
"ENSG00000120647",-1.05374999749105,4.11083328347961,114.386826035166,2.90643918237465e-22,4.69469945373269e-21
"ENSG00000255491",-2.13565176911396,0.65906619459419,114.322904963185,2.97163927523015e-22,4.79575644524277e-21
"ENSG00000131149",0.978204683613523,7.24124349272428,114.258886254306,3.03841704990552e-22,4.899178129759e-21
"ENSG00000172817",-1.57070448330612,4.99666695547293,114.174300144049,3.12897447525857e-22,5.0407252219666e-21
"ENSG00000068878",-0.886522410709356,7.73000596056617,114.148057098034,3.15761946973323e-22,5.08237016951398e-21
"ENSG00000224424",1.26783794725205,1.13760770377473,114.111833361711,3.19759347908811e-22,5.14216005284302e-21
"ENSG00000165905",-1.91684455401025,5.10640683396128,113.984324531591,3.34240618772514e-22,5.37029008324601e-21
"ENSG00000143418",1.02106291184617,7.45320659810212,113.884923730411,3.45986852027123e-22,5.55411197234714e-21
"ENSG00000112531",-0.888158428436715,6.70536114796099,113.538232896867,3.90310934835937e-22,6.26011929699825e-21
"ENSG00000136891",-0.708573699557416,5.14114747431442,113.427881221286,4.0558768838935e-22,6.49940870169648e-21
"ENSG00000004487",-0.668721504997286,7.11444292548204,113.260074126136,4.29981900456624e-22,6.88425246963476e-21
"ENSG00000278570",2.07055781268244,-0.79217445141317,113.197095918245,4.39514219084125e-22,7.03068128118036e-21
"ENSG00000170471",0.825790745997516,7.16472929248103,113.129518895804,4.49979710754768e-22,7.19176711705424e-21
"ENSG00000134690",-1.04845187363312,5.49414619117504,113.069604504163,4.59468455448162e-22,7.33697301816609e-21
"ENSG00000132768",-0.811445642179579,5.06459133824581,113.05170715967,4.62341825969407e-22,7.37637993923822e-21
"ENSG00000237438",-2.08189378502334,3.08686687083098,113.049146994226,4.62754331956697e-22,7.37649061317125e-21
"ENSG00000273179",-1.99322765139244,-0.308093467560472,112.994927737898,4.71578059252327e-22,7.51056194543023e-21
"ENSG00000141519",1.39894591139619,3.19940937713498,112.965199126976,4.76487935728943e-22,7.58211948822224e-21
"ENSG00000188554",0.767551352841508,7.37025848136686,112.936917594223,4.81206644003698e-22,7.65051262337348e-21
"ENSG00000161921",-1.19155907483789,6.59453882994271,112.908313459736,4.86027099204284e-22,7.72040251556988e-21
"ENSG00000144407",-3.02599993802713,1.83938511231483,112.892977417083,4.88631591367407e-22,7.75500120749599e-21
"ENSG00000114993",-0.849976618498567,6.03943009935482,112.794375538882,5.0571634069932e-22,8.0191532734431e-21
"ENSG00000187889",3.39585998055399,1.33791886407045,112.751174795316,5.13390256194007e-22,8.13374736903885e-21
"ENSG00000167778",0.764917939158122,6.06626500115477,112.742731483158,5.14903732960304e-22,8.15062584428374e-21
"ENSG00000151465",-0.868238936538816,6.18833193037691,112.570387596775,5.46798867827365e-22,8.64798070264706e-21
"ENSG00000174796",0.683484620017596,3.99407189022889,112.544706270272,5.51719253583269e-22,8.71821875253909e-21
"ENSG00000163347",-2.63087445616568,5.9458389927301,112.367107694994,5.86990031586813e-22,9.26751275564319e-21
"ENSG00000147010",-1.05836182540611,5.80174728011218,112.296916939389,6.01548803055878e-22,9.48913237639229e-21
"ENSG00000101040",0.915804040726949,6.46376222198687,112.286125997422,6.03819092087359e-22,9.51669120180665e-21
"ENSG00000157796",0.847061631898145,4.58587373158876,112.249792011488,6.11527039054538e-22,9.62820321341601e-21
"ENSG00000150687",1.57815072501099,7.48986111149777,112.24779713485,6.11953096256263e-22,9.62820321341601e-21
"ENSG00000108439",1.13483084849075,4.8348381688389,112.231806934644,6.15379044874268e-22,9.6737373104349e-21
"ENSG00000123066",1.17067273008872,7.45262534439801,112.166539575525,6.29564477126375e-22,9.88818541448576e-21
"ENSG00000164379",-2.78176194082684,2.08599288706116,112.113938353558,6.41236576910361e-22,1.00628221405053e-20
"ENSG00000166821",1.42095193075027,4.77471245788939,112.102417084218,6.4382210792528e-22,1.00946866370215e-20
"ENSG00000122574",-1.87942650153275,3.26612442202116,112.042011178644,6.57551022261573e-22,1.03010663160151e-20
"ENSG00000231789",-2.06691455818447,0.469625696658627,111.980302244625,6.7188092227095e-22,1.05164976026369e-20
"ENSG00000152942",0.613396591628009,5.0438389710652,111.969714095422,6.74371132572654e-22,1.05463991051001e-20
"ENSG00000124713",2.27015782602434,0.760775056016821,111.961024942315,6.76421670216607e-22,1.05693791562712e-20
"ENSG00000115107",-1.35202337891703,6.23994429018465,111.91254574591,6.87978096736122e-22,1.07407258570271e-20
"ENSG00000197776",1.18107863985423,1.30098445316006,111.857437749061,7.01356627710775e-22,1.09402009818213e-20
"ENSG00000138764",1.00146833892816,6.65024894856244,111.802786915879,7.14883206057036e-22,1.11416416039121e-20
"ENSG00000025039",-1.42375235203311,4.56132394623773,111.726996071012,7.34078543001164e-22,1.14310107363914e-20
"ENSG00000280327",1.36497470284253,-1.01315989676202,111.538289618074,7.84160213423416e-22,1.22004328158641e-20
"ENSG00000138336",-1.42604209800235,2.83766584335484,111.52551150105,7.87673437133165e-22,1.22377424037129e-20
"ENSG00000165118",0.963791952121146,4.51963737380024,111.524675238293,7.87903912180991e-22,1.22377424037129e-20
"ENSG00000272825",-1.6269170686851,0.0282243150355575,111.516153823466,7.90256303928705e-22,1.22638068735967e-20
"ENSG00000117335",0.929978776806536,8.45255049374305,111.447079843269,8.09587813355148e-22,1.25530973139842e-20
"ENSG00000165511",-1.13648257217211,1.32265267130066,111.331109333134,8.43122396671871e-22,1.30619336888143e-20
"ENSG00000108852",1.95970495030319,3.55086841467112,111.302677745241,8.5155538501382e-22,1.31813526320267e-20
"ENSG00000112379",1.65019576694359,7.14385574594996,111.264036997355,8.63152958971737e-22,1.33495119198792e-20
"ENSG00000205913",1.19849308300711,1.31871104058082,111.258821925633,8.64730350392177e-22,1.33625451256864e-20
"ENSG00000154237",-1.10647180889445,4.80483854979425,111.187076088736,8.86728489065632e-22,1.36908469941644e-20
"ENSG00000114737",1.30391592537796,5.30943683490976,111.174525547987,8.90634214157053e-22,1.37394869271319e-20
"ENSG00000132254",0.899867416751077,6.45830464551675,111.110881736706,9.10708737770506e-22,1.40372631547203e-20
"ENSG00000080986",-1.01493363707887,4.95198085278104,111.074196000287,9.22486757742479e-22,1.42067647331247e-20
"ENSG00000106780",1.27242552111567,6.07945659042399,110.929697338337,9.70391359871858e-22,1.49318765256763e-20
"ENSG00000259345",2.61692185908929,0.807301064157241,110.871556485457,9.90366893969237e-22,1.52263677662827e-20
"ENSG00000132749",1.35640913045227,5.19398768513214,110.729517133496,1.04092875921003e-21,1.59902130680001e-20
"ENSG00000047578",0.741075134347714,5.20416919175881,110.684628067465,1.05744304966822e-21,1.62301891876503e-20
"ENSG00000141655",-1.71461212120948,3.79498679135649,110.622490246109,1.08073980025625e-21,1.6573773597859e-20
"ENSG00000149289",-1.43097883526597,3.33429785333604,110.568796594959,1.10128702074768e-21,1.68746489750285e-20
"ENSG00000172738",-1.5877251805574,-0.248997771372882,110.564345367399,1.10300797005195e-21,1.6886792053287e-20
"ENSG00000233593",-1.77077782669954,1.81416072562884,110.500033870567,1.12817701413971e-21,1.72575975888756e-20
"ENSG00000187775",-2.23682371275987,2.80859660987558,110.451409187558,1.14759054672133e-21,1.75398124905609e-20
"ENSG00000186073",-0.917313770702471,3.11037991796261,110.435109451289,1.15417334469288e-21,1.76256127567372e-20
"ENSG00000146757",1.22274166003819,4.95225738810012,110.40703887185,1.16559925842814e-21,1.77851672082978e-20
"ENSG00000144362",1.07820072239556,1.67895781691236,110.301021678433,1.2097910228993e-21,1.84439892074539e-20
"ENSG00000114670",0.992654632228373,3.85988247636777,110.294827444267,1.21242462093317e-21,1.84686591336117e-20
"ENSG00000131831",1.9954010414752,3.6987483187993,110.198598223246,1.25408866357619e-21,1.90873344042876e-20
"ENSG00000182575",2.49095840458406,3.21358118829497,110.193574391738,1.25630303806851e-21,1.91050498799247e-20
"ENSG00000073756",-3.48211148386437,3.91933212206196,110.182852223061,1.26104228392596e-21,1.91611003007898e-20
"ENSG00000110318",1.82913452851555,3.28938320318049,110.112697559977,1.29249886809498e-21,1.9622678975719e-20
"ENSG00000133069",-2.55915858843892,3.45486316411904,110.091467664146,1.30217314971607e-21,1.97530652602468e-20
"ENSG00000197847",-2.30238527087236,0.676132803743193,110.056967748042,1.31805041881997e-21,1.99772508479146e-20
"ENSG00000018625",3.91739452649015,2.42525116056103,110.054364764262,1.31925623095364e-21,1.9978877875591e-20
"ENSG00000186815",0.758649496380742,5.66848745861726,109.946201103937,1.37035788000521e-21,2.07354984372169e-20
"ENSG00000166987",0.665289904042484,5.63388581499271,109.847896820713,1.41853085759402e-21,2.14465829076642e-20
"ENSG00000146426",-1.21064031889927,3.10358409571936,109.700979292122,1.49372798831183e-21,2.25647214712754e-20
"ENSG00000141076",-0.741820344339094,5.83263633924998,109.680087850301,1.50474246665753e-21,2.27122456295163e-20
"ENSG00000175482",1.16668815601868,2.62416499163341,109.576074380771,1.56081173506227e-21,2.35390081569756e-20
"ENSG00000164675",1.96129798429517,-0.690724127709035,109.558195455118,1.57065951534578e-21,2.36678999710928e-20
"ENSG00000138074",-1.35368781719759,7.53925118746827,109.528715896706,1.58703394581291e-21,2.38948455351368e-20
"ENSG00000119711",1.00052587217663,5.2447282153937,109.502110431262,1.6019596592554e-21,2.40996214082194e-20
"ENSG00000226945",1.63081063289682,-0.661276567529718,109.496292351432,1.60524242292619e-21,2.41290489158525e-20
"ENSG00000271936",-1.06461108361871,0.578435452534661,109.34309944917,1.69416274548533e-21,2.54446176836393e-20
"ENSG00000110427",-1.91902233312098,4.82260629970433,109.313885877686,1.7116752932951e-21,2.5686427586181e-20
"ENSG00000100416",-0.825979309008662,4.75297541664282,109.306056122365,1.71639989978859e-21,2.5736093468553e-20
"ENSG00000160214",-1.09960887850778,5.58432582634812,109.28755878624,1.72761378655594e-21,2.58828991349913e-20
"ENSG00000178585",-0.937085720689998,5.29874092143715,109.25739601081,1.74605840792129e-21,2.61377039697716e-20
"ENSG00000104998",-1.75827784197291,5.16984724549302,109.091544049596,1.85108261093574e-21,2.76870810260684e-20
"ENSG00000163811",-0.653905174610004,6.18414860808121,109.073069465133,1.86316890334767e-21,2.78449597486338e-20
"ENSG00000172057",1.45470684532252,7.04763572890323,108.999528820724,1.91207393390632e-21,2.85523815352119e-20
"ENSG00000144730",-1.61520618144383,5.34293362765071,108.950203745302,1.9455985351711e-21,2.90291600965479e-20
"ENSG00000174899",-2.14370341430076,0.819333746933166,108.922696591348,1.96455095017804e-21,2.92879120342936e-20
"ENSG00000105821",-0.642742277010272,5.34498552213361,108.854904716069,2.01205796339562e-21,2.99715890567073e-20
"ENSG00000248905",1.41020266115655,4.82829871265925,108.798734546598,2.05229701057793e-21,3.05364041939364e-20
"ENSG00000116691",-0.974418693658241,4.66830536291819,108.797302968201,2.05333309485288e-21,3.05364041939364e-20
"ENSG00000263280",1.78358973908485,-1.33440210577176,108.781792675868,2.06459230670012e-21,3.06787621521746e-20
"ENSG00000175879",1.74578842842966,2.71633552019777,108.75280079113,2.08580522916694e-21,3.09686738841538e-20
"ENSG00000104763",1.29122015797677,8.02480383781169,108.6858294959,2.1356509989712e-21,3.16828877400393e-20
"ENSG00000146242",1.21485112437427,6.10910366412952,108.638771798342,2.17139210392774e-21,3.21868619284742e-20
"ENSG00000250565",-1.10801489903005,3.26003668772569,108.54977237328,2.2406458090975e-21,3.31863729445157e-20
"ENSG00000117016",-1.67984339893612,3.32511203202859,108.512850332742,2.27002575172883e-21,3.35941646643157e-20
"ENSG00000143815",-1.07363777788124,6.17028335800865,108.413592830636,2.35094780950108e-21,3.47634461456957e-20
"ENSG00000166734",0.749867290515674,6.68527449634193,108.332811015568,2.41894941743021e-21,3.57399285168324e-20
"ENSG00000159388",1.38417594361604,7.25248122581997,108.313763510171,2.4352703025242e-21,3.59518638492777e-20
"ENSG00000155093",2.71419654117985,4.13051408470662,108.212939599373,2.52352874363587e-21,3.72246072905509e-20
"ENSG00000062725",1.0683458930164,6.27925961131133,108.12905150806,2.59941527048752e-21,3.83129375523719e-20
"ENSG00000049283",1.55260596342613,5.30477825177033,108.108248366301,2.61858750290196e-21,3.85642668038711e-20
"ENSG00000008441",-1.4510736056271,7.51237677395512,108.043179226509,2.67948060715963e-21,3.94291207791418e-20
"ENSG00000115112",-2.33721860009928,6.27988275005743,107.989772736785,2.73052487025728e-21,4.01477658368952e-20
"ENSG00000162490",-2.21550684535398,2.02983347997523,107.963444452091,2.75604824706631e-21,4.04903114035881e-20
"ENSG00000142945",-1.07833690335822,5.62773464964988,107.925376266118,2.79337852471343e-21,4.1005624380539e-20
"ENSG00000106236",-3.43397818411567,3.43635585610679,107.872288539193,2.84628988886684e-21,4.17486455634759e-20
"ENSG00000151148",0.631288794755821,6.1021627643583,107.836678706007,2.88234646457145e-21,4.22434468151696e-20
"ENSG00000186197",2.30652802490069,3.07415659529391,107.798215002455,2.92181022899728e-21,4.2787346574076e-20
"ENSG00000164296",0.645312461109864,3.08187325092287,107.779332725193,2.94138233100179e-21,4.30393096027841e-20
"ENSG00000179051",-0.653134812146326,7.89951525207485,107.776765542288,2.94405348714319e-21,4.30437659358202e-20
"ENSG00000155957",1.40287192446101,4.05641894961867,107.774032349169,2.94690006480622e-21,4.30507778142133e-20
"ENSG00000148737",-1.11279580979517,5.12345969188802,107.689370694793,3.03646148012829e-21,4.43235645269449e-20
"ENSG00000168944",0.823427950504775,4.67416003161132,107.686090744835,3.03998594252407e-21,4.43394260806959e-20
"ENSG00000168421",2.25522007433627,4.41945468051024,107.50129053019,3.24537181181849e-21,4.72971334241624e-20
"ENSG00000105875",-0.796328458544307,4.36102959413947,107.443659910387,3.3122411914784e-21,4.82330206490065e-20
"ENSG00000136883",2.35590120456698,4.63070313830947,107.311928607454,3.47035402133466e-21,5.04950391520278e-20
"ENSG00000111344",-2.36559795169175,3.23505286208138,107.309640119031,3.47316704015315e-21,5.04955732424505e-20
"ENSG00000119147",-3.60196046139657,1.76472825205162,107.300184553274,3.48481424872367e-21,5.06244421372093e-20
"ENSG00000159348",0.996109246936862,6.61070948559556,107.20694877627,3.60179021678067e-21,5.22820115425434e-20
"ENSG00000143882",-2.44505310515803,3.18438828602632,107.187341835668,3.62688898976953e-21,5.26043516315217e-20
"ENSG00000276529",-1.55457059903776,1.35538686440761,107.174338212346,3.64363205127389e-21,5.28050834649957e-20
"ENSG00000100605",0.954933886456296,6.49625041837382,107.163325638856,3.6578724214771e-21,5.29692544600522e-20
"ENSG00000169908",-1.96546752908932,8.70107548116379,107.122131532361,3.71163984707637e-21,5.37050958938942e-20
"ENSG00000185261",1.43409678090455,1.64759665468889,107.119817913495,3.7146831542883e-21,5.37064047775799e-20
"ENSG00000229619",-1.59144888550005,2.12020141947627,107.083659690792,3.76257344942546e-21,5.43555884814538e-20
"ENSG00000155846",-1.27048528085303,2.98825556547442,107.031859239299,3.83226800621123e-21,5.53184845214046e-20
"ENSG00000050628",2.45827312007152,4.65378097132547,107.023703430837,3.84335915858577e-21,5.54345887203473e-20
"ENSG00000172243",-1.8431966444051,4.65689063675588,106.946159077147,3.95044242059242e-21,5.69339514625474e-20
"ENSG00000186496",1.06419309257049,2.6031055327939,106.781801301099,4.18745957850185e-21,6.03020703197084e-20
"ENSG00000172830",1.237596716219,5.86423672318362,106.769016228243,4.20648695148817e-21,6.05281524316985e-20
"ENSG00000085465",1.4598693106762,1.67296015251598,106.726526490319,4.27035068167525e-21,6.13985282200075e-20
"ENSG00000175354",-0.794936388660624,5.4425007036121,106.717546163282,4.28397309633201e-21,6.15457367109688e-20
"ENSG00000077264",-2.20972242080125,2.10058420176214,106.628896071304,4.42082137850968e-21,6.34616410673512e-20
"ENSG00000086205",-1.81821260035799,3.17656491829497,106.604936364064,4.45855852689902e-21,6.39528883968764e-20
"ENSG00000204070",0.678955071654488,5.50185998237295,106.594732789567,4.47472785412586e-21,6.41342397248551e-20
"ENSG00000116641",-0.881247673530807,6.1513953366487,106.586639954388,4.48759437639872e-21,6.42680051322361e-20
"ENSG00000132854",-2.61325726005533,4.98689611379226,106.570336611884,4.51362786366253e-21,6.45899792165964e-20
"ENSG00000125462",-1.94486776329996,1.14971342349434,106.566816014057,4.51926957951921e-21,6.46198703713014e-20
"ENSG00000150995",1.69872828242372,5.90741689974054,106.545753254673,4.55317120105102e-21,6.50534782440817e-20
"ENSG00000174373",0.932633855271762,4.89719708309687,106.531998045838,4.57544920359151e-21,6.53204631985261e-20
"ENSG00000015532",0.94313530467645,5.36159383996431,106.512368884873,4.60743111960603e-21,6.57254566301133e-20
"ENSG00000135116",-2.95485261831922,2.09295790767987,106.499696011892,4.62819873193029e-21,6.5969967504975e-20
"ENSG00000173546",-1.92813001497931,5.61203486109333,106.427142893612,4.74892465143912e-21,6.76377772594948e-20
"ENSG00000224950",-1.33378507328824,-0.738283745234868,106.394546746185,4.80419228317484e-21,6.83437575250065e-20
"ENSG00000234918",5.50375926275572,2.52924623071781,106.393482529545,4.80600758051921e-21,6.83437575250065e-20
"ENSG00000112561",-0.980862857905772,4.08706165393885,106.31934504878,4.9341852876082e-21,7.01116890711078e-20
"ENSG00000106125",-1.42219575056173,-0.137679978708334,106.248632112546,5.05965267365436e-21,7.18383784765226e-20
"ENSG00000106829",-1.25990480627534,4.08228106223401,106.224629463384,5.1029682229211e-21,7.23968689847807e-20
"ENSG00000265763",-2.56339855355413,0.84209828209147,106.195149456679,5.15668018226801e-21,7.31018699572023e-20
"ENSG00000205078",-2.28804093068298,0.508495268702664,106.134571023478,5.2688485619164e-21,7.46338143645915e-20
"ENSG00000198855",0.76759369950045,3.45381814089013,106.122987323094,5.29057572550004e-21,7.48832617084784e-20
"ENSG00000232295",-2.00459736794943,-0.444811804655618,106.09272401003,5.3477668260568e-21,7.56338903828313e-20
"ENSG00000113494",1.67081960104405,7.83743430676939,106.083905236278,5.36454937058933e-21,7.58122952232158e-20
"ENSG00000115145",0.731005460943253,5.51480500905271,106.052853319634,5.4240663919484e-21,7.65938816279173e-20
"ENSG00000115507",-2.08975366510407,3.12916156405787,105.892500671489,5.74217583275444e-21,8.10230364981674e-20
"ENSG00000145832",3.47686401215892,1.42571434632752,105.845979532719,5.83793785340912e-21,8.2310398199849e-20
"ENSG00000158164",-2.76647493154213,2.74638356932237,105.838391765406,5.85370899951208e-21,8.24688298087728e-20
"ENSG00000121064",-1.12800369845872,6.95975548685103,105.835281369762,5.86018635057359e-21,8.24961837029663e-20
"ENSG00000114770",1.24062285478176,6.50228302848654,105.743794516206,6.05397278205767e-21,8.51582807115738e-20
"ENSG00000215190",-1.00015806990859,2.63315831807237,105.729761056434,6.08426457365591e-21,8.55182411635655e-20
"ENSG00000054938",-3.38461341275104,2.44876580710122,105.638294861389,6.28547677401959e-21,8.82167696480056e-20
"ENSG00000174705",-0.868506451614332,6.66293289331566,105.638081401463,6.28595411611036e-21,8.82167696480056e-20
"ENSG00000171365",-0.940378914089858,4.09521147152125,105.631122459837,6.30153583101585e-21,8.83672580528267e-20
"ENSG00000214694",-1.60021011758875,-0.299781451875501,105.621314357738,6.32356321657472e-21,8.86078334230053e-20
"ENSG00000140259",0.626703568916618,5.42698038395893,105.618254866008,6.33045020247584e-21,8.86360494862437e-20
"ENSG00000198707",0.989844137567349,4.80677539703194,105.532024902838,6.52769701175115e-21,9.13275024997923e-20
"ENSG00000182791",1.57848340173109,0.928985619455724,105.523827961763,6.54676662402429e-21,9.15238980459291e-20
"ENSG00000166123",-1.32326063250037,6.20398554494057,105.496081770952,6.61173397930362e-21,9.23611502423766e-20
"ENSG00000198768",-2.97404587300222,3.55393134544681,105.457333175173,6.70355246135509e-21,9.35719203124531e-20
"ENSG00000164713",-0.76475509685384,6.17476780990653,105.393935904007,6.85655891956361e-21,9.56342742553857e-20
"ENSG00000173064",0.827503379179774,6.26123720306446,105.336978715337,6.99702302971371e-21,9.75186627313662e-20
"ENSG00000206418",-0.869950569412111,5.25732621494464,105.310692073097,7.06282429457594e-21,9.83603738665751e-20
"ENSG00000077092",-1.54859380966476,3.37209135885703,105.276252821676,7.14997836249671e-21,9.94979391408494e-20
"ENSG00000270504",-1.50054642830418,2.43645805417031,105.263246283694,7.1831748425731e-21,9.98834740341892e-20
"ENSG00000006125",1.00160936022177,8.71163134479466,105.254649317946,7.20520205468494e-21,1.00113227632246e-19
"ENSG00000085999",-1.05465100904371,3.29658651208302,105.239372863606,7.24451164738776e-21,1.00582578505869e-19
"ENSG00000168939",-1.09523268622144,1.98381235911339,105.193701125284,7.3633290150351e-21,1.0215425486305e-19
"ENSG00000152931",-3.05766245862116,1.98801265728866,105.126729721537,7.54112058690189e-21,1.04541083258058e-19
"ENSG00000136560",-0.759662420900181,5.75569050944655,105.12105003131,7.55639631492244e-21,1.04673066394371e-19
"ENSG00000158092",-0.739267203178007,5.19021904921125,105.090585391551,7.63886603097172e-21,1.05734927984257e-19
"ENSG00000166887",0.555786421924348,6.26168712465452,105.081330694676,7.6640983255818e-21,1.06003513570861e-19
"ENSG00000240216",4.24429455486626,2.42136087559523,105.035451228687,7.79043178063038e-21,1.07668976615582e-19
"ENSG00000233654",-1.51183415276167,0.389450197126722,104.922879780951,8.10937616755457e-21,1.11991901089964e-19
"ENSG00000184007",0.939095828215147,8.45648966118976,104.879034274807,8.23713542498118e-21,1.13669968975385e-19
"ENSG00000068615",2.14956330844046,3.77665843553494,104.841320022888,8.34865142071917e-21,1.15121510265383e-19
"ENSG00000264112",1.51974095146459,3.01024365762843,104.789277287013,8.50503855371592e-21,1.17189122132564e-19
"ENSG00000085840",-1.11464574050093,3.71627588278033,104.737335667606,8.6640667911416e-21,1.19289967295445e-19
"ENSG00000108950",-1.48765480578249,4.36340321748333,104.698793814043,8.78400384694739e-21,1.20849819945748e-19
"ENSG00000039139",2.47742224800142,3.77782899436468,104.665625882083,8.88855720279255e-21,1.22195826458345e-19
"ENSG00000135477",-2.41731802418481,1.26044801971638,104.655615450586,8.92035829475966e-21,1.2254039023043e-19
"ENSG00000112699",-1.12024676918739,5.436688092584,104.638452165927,8.97514968697865e-21,1.2320001698624e-19
"ENSG00000000003",-1.15888672538271,5.75628428327383,104.600264914001,9.09827749723587e-21,1.24795981236596e-19
"ENSG00000133835",0.945840227165338,6.94638285818514,104.5629361674,9.2202830591866e-21,1.26374158463064e-19
"ENSG00000141448",-1.68934220939115,2.85958685719009,104.530660253905,9.32710276795875e-21,1.27741976764784e-19
"ENSG00000232000",-1.73929229543562,0.732115681531612,104.480504311966,9.49557911227673e-21,1.29951537166358e-19
"ENSG00000101751",0.812670713707446,4.78048265371821,104.477346618135,9.50628804823489e-21,1.30000275955862e-19
"ENSG00000033011",0.712014414454436,4.50506700407724,104.394255815754,9.79249836270481e-21,1.33813644042731e-19
"ENSG00000114473",-1.06296879274951,4.9155381978562,104.338600866505,9.98904740714717e-21,1.36396992673568e-19
"ENSG00000140104",0.871140206957845,4.04094451875731,104.308735524078,1.00961535641318e-20,1.37756069785768e-19
"ENSG00000127589",-0.742665055112866,0.502894992523776,104.300205925628,1.01269552960912e-20,1.38072760813573e-19
"ENSG00000257135",-1.2835149877709,-0.539205426088875,104.294123639156,1.01489772411621e-20,1.38269361844387e-19
"ENSG00000198740",1.16126661999663,6.41543705759638,104.223138915599,1.04095871485565e-20,1.41713750791876e-19
"ENSG00000276980",-2.75073364744648,1.60438000344503,104.214837166844,1.04405031614466e-20,1.42028325729536e-19
"ENSG00000081791",0.604099771534793,5.63126033166029,104.068005712628,1.10028654486377e-20,1.49566604469225e-19
"ENSG00000032742",0.796993678996145,4.01651618965087,103.997657906131,1.12830199668499e-20,1.53260319011999e-19
"ENSG00000023697",-0.884898646603551,5.11295016433614,103.978427684229,1.13608468253983e-20,1.54202300045033e-19
"ENSG00000185262",-0.996571447592808,5.58125673309712,103.96187034286,1.14282896904387e-20,1.55002037949067e-19
"ENSG00000178882",-2.48928868571607,3.43850189337116,103.957267843718,1.14471085968531e-20,1.55141588047365e-19
"ENSG00000115009",-2.94926691674531,1.66679114730064,103.930006214946,1.155921948431e-20,1.56544366329584e-19
"ENSG00000214894",2.13884592101227,-0.860834673491723,103.90416007606,1.16665313721079e-20,1.57880113538615e-19
"ENSG00000143621",-0.773568611074509,8.62229080569695,103.699891389963,1.25507595966026e-20,1.69719862857256e-19
"ENSG00000140464",-0.77085957455059,6.51628736387479,103.618811790171,1.29201927293966e-20,1.74585784073005e-19
"ENSG00000177839",-1.89822414678039,2.27034731291211,103.581698273212,1.30929364143844e-20,1.7678866184471e-19
"ENSG00000100564",0.796529388031109,3.64137656699994,103.570072669881,1.31475248757397e-20,1.77394052255158e-19
"ENSG00000035141",-0.761367080331458,5.86242381474711,103.508777708404,1.34391546402036e-20,1.81194473384747e-19
"ENSG00000115275",-0.670587031203532,6.38552521770323,103.431053509707,1.38183492708012e-20,1.86168990027654e-19
"ENSG00000189423",-2.15155739718131,0.30533320114647,103.393775703416,1.40040263709495e-20,1.88530889441028e-19
"ENSG00000167733",-1.36527888934602,2.87863986869734,103.35217663058,1.42141985342242e-20,1.91218818742952e-19
"ENSG00000065361",1.045035380753,8.41037325858062,103.349474600341,1.42279595498456e-20,1.91262474717363e-19
"ENSG00000274286",-1.7350558357104,0.67113460333632,103.281091549846,1.4580730485897e-20,1.95859915862255e-19
"ENSG00000160094",-0.595613565887551,5.35056317548431,103.206897324152,1.49734621736785e-20,2.00986959420565e-19
"ENSG00000100410",-0.640626163418424,5.01300633366185,103.168342336624,1.5181738155402e-20,2.03632340391188e-19
"ENSG00000198483",-2.39812779676815,2.47319349790496,103.160993119859,1.52217691811035e-20,2.04018819355866e-19
"ENSG00000174206",0.856862634053642,3.81952400398827,103.106135275926,1.55239597854118e-20,2.07915891441141e-19
"ENSG00000163710",-2.76285742318582,2.95854337777893,103.102512694401,1.55441267654765e-20,2.08032801773721e-19
"ENSG00000050748",0.778379740958854,6.03697283874288,103.088740651927,1.5621037348792e-20,2.08908402426345e-19
"ENSG00000112578",-1.12325656007667,5.43205729009396,102.986883507802,1.62019029237187e-20,2.16517421290665e-19
"ENSG00000235374",-1.01785545970447,1.27154450656319,102.87901537928,1.68408119148328e-20,2.24890372325242e-19
"ENSG00000118997",1.65840077945165,1.38630625404591,102.77765631535,1.7464302385732e-20,2.33045291116429e-19
"ENSG00000166974",-1.05718084550242,5.64652440781059,102.755822111305,1.7601628900751e-20,2.347055912367e-19
"ENSG00000141582",1.07954164279909,5.74401343417021,102.71981068376,1.78305058102913e-20,2.37583325771119e-19
"ENSG00000204049",3.38997772258825,1.84608534209448,102.665871874127,1.81789485777597e-20,2.42048840946042e-19
"ENSG00000149418",-1.11871477864434,7.84224698649175,102.616996619402,1.85006062676365e-20,2.46151446083228e-19
"ENSG00000164144",0.727404621209463,5.76280760146564,102.537249354082,1.90378052655823e-20,2.53113744276617e-19
"ENSG00000135392",0.760514570411094,4.24887752696095,102.525897435001,1.91155430206401e-20,2.53961648253763e-19
"ENSG00000188039",-2.92921596748661,2.11989623881671,102.52378678772,1.91300319396963e-20,2.53968628408172e-19
"ENSG00000141367",1.07705196531862,9.77684867928821,102.476406295809,1.94582137623863e-20,2.5813712028467e-19
"ENSG00000108039",-0.584499643393345,5.81703528758508,102.433135347603,1.97628875465274e-20,2.61987899924374e-19
"ENSG00000259728",-1.23661525058086,-0.542683758428453,102.402303690483,1.99829054462768e-20,2.64711641847693e-19
"ENSG00000105971",-1.43196520846486,5.03982056403457,102.313030801996,2.0633993026913e-20,2.73137602018555e-19
"ENSG00000188916",3.37293896283993,3.25727237645586,102.297540408471,2.07491263383541e-20,2.74461898066898e-19
"ENSG00000111199",-1.79283992423375,3.67183131276446,102.287246436132,2.08259949003817e-20,2.75186390936105e-19
"ENSG00000103876",1.15470670166616,5.65348822367446,102.286037223566,2.08350433199679e-20,2.75186390936105e-19
"ENSG00000205363",2.55979326727466,2.06271412259407,102.284134690741,2.08492878111916e-20,2.75186390936105e-19
"ENSG00000107611",-1.4119863984857,1.39464760413606,102.151197632142,2.18693052904409e-20,2.88440119378201e-19
"ENSG00000147437",-1.36498079767661,0.664234133347957,102.133889848668,2.20057572923333e-20,2.90029502632579e-19
"ENSG00000131148",-0.674489828689404,4.7855545172896,102.063336490995,2.25709282497327e-20,2.97262884146371e-19
"ENSG00000196132",3.23958006459145,2.12433423167843,102.007996630773,2.30244538774348e-20,3.03016474039641e-19
"ENSG00000146143",-0.716001440498097,4.57707885065654,102.004064849772,2.30570233222621e-20,3.03225697892482e-19
"ENSG00000205364",-2.13486074148166,0.871927061285131,101.972584046091,2.33194791843132e-20,3.06455698991538e-19
"ENSG00000145220",-0.81423089825331,4.40670069722773,101.938727992079,2.36050999579313e-20,3.09928371361249e-19
"ENSG00000089327",-1.45089780163603,7.21320671944495,101.937231056894,2.36178096935722e-20,3.09928371361249e-19
"ENSG00000125351",-0.831963684191806,4.4514175160296,101.914593555911,2.38108566908938e-20,3.12112626673214e-19
"ENSG00000157578",1.05822127787969,1.98311385343491,101.913691788116,2.38185796031681e-20,3.12112626673214e-19
"ENSG00000082269",-1.17509826209478,3.74438649393214,101.878691440852,2.41202884518531e-20,3.15838593493379e-19
"ENSG00000166707",-1.62989072379554,0.0258085853623231,101.691972370643,2.57961692325422e-20,3.37496753901643e-19
"ENSG00000165548",2.15062317085863,4.22429379380264,101.690330671586,2.58114132767311e-20,3.37496753901643e-19
"ENSG00000105699",-1.10737265248968,7.65666456218562,101.670172926932,2.59993305965767e-20,3.39709644317915e-19
"ENSG00000164199",2.72617531161493,4.29528274714279,101.654048100505,2.61506441560463e-20,3.41441432814192e-19
"ENSG00000167695",-1.00979191120346,4.28375405053761,101.629250594598,2.63850754735978e-20,3.44122201387167e-19
"ENSG00000136295",-0.963837623652834,7.11669934798209,101.628331818702,2.63938020087474e-20,3.44122201387167e-19
"ENSG00000171503",0.685455472527566,4.38638028520483,101.574755235726,2.69077366699046e-20,3.50571572028815e-19
"ENSG00000140848",-0.884269069468117,5.10399098052459,101.533165684716,2.73136314479547e-20,3.55605102917252e-19
"ENSG00000162607",-0.934073191185823,6.85748091062042,101.525646555121,2.7387670857239e-20,3.56313989664851e-19
"ENSG00000185015",-1.76110139409558,3.37387154473594,101.521419364814,2.7429383992018e-20,3.56601598317959e-19
"ENSG00000189280",-3.0246390996101,2.06303349106169,101.432436860077,2.83224657371501e-20,3.67949290590919e-19
"ENSG00000179023",4.06266180165652,4.20409512206949,101.241568191204,3.03382917911261e-20,3.93856424765883e-19
"ENSG00000154639",-1.95332031281648,5.80101752154635,101.152724193391,3.13253418815405e-20,4.06380398103751e-19
"ENSG00000153914",0.632084107050038,6.21492604707542,101.145362960937,3.14085628340426e-20,4.07169594316156e-19
"ENSG00000122406",-0.846726761435602,9.75588560444807,101.083244694451,3.21197644804611e-20,4.16092789437768e-19
"ENSG00000260400",-1.27383958155523,1.23473419971007,101.063389444675,3.23504971415609e-20,4.18531481851284e-19
"ENSG00000176105",-0.950526830092725,6.75385359472356,101.063085760584,3.23540391182596e-20,4.18531481851284e-19
"ENSG00000113522",0.890785165313873,1.60809614005071,101.018041764416,3.28837566458781e-20,4.25081567786234e-19
"ENSG00000163536",2.26822560408403,4.56049294730313,100.976123834533,3.33845636443921e-20,4.31248894576849e-19
"ENSG00000186564",1.89071046341555,1.02377436842304,100.839386237346,3.50722942873752e-20,4.5272880659956e-19
"ENSG00000171488",-1.21136387738651,4.95225410429318,100.783482906452,3.57868355282269e-20,4.61624797579709e-19
"ENSG00000132640",-0.937951151733506,5.7824800838671,100.781061118985,3.58181196975921e-20,4.61700893734802e-19
"ENSG00000099901",-0.765004297099406,6.40845941037301,100.693128122401,3.69728913522016e-20,4.76248546681191e-19
"ENSG00000066583",1.27006547412472,5.79278365285728,100.674464259809,3.72227814731225e-20,4.78797408867884e-19
"ENSG00000171612",-0.945486318724839,4.04260620740807,100.67441684107,3.72234185253567e-20,4.78797408867884e-19
"ENSG00000072195",-1.84833560703159,4.51221683555195,100.672448002011,3.724987881354e-20,4.78799149018139e-19
"ENSG00000100297",-0.910094489178592,6.32126037565696,100.554852536065,3.88651883073143e-20,4.99209071280672e-19
"ENSG00000144597",0.676977299102939,5.06599618907609,100.547550187056,3.89677924964034e-20,5.00173754357506e-19
"ENSG00000166347",1.49244537144716,6.63498806302973,100.526045978641,3.92715337497705e-20,5.03716964626817e-19
"ENSG00000153214",0.84620130005393,6.23318348840797,100.48703861972,3.98286072231079e-20,5.10502260869546e-19
"ENSG00000144031",-1.34177538498936,-0.283021960030571,100.483704220498,3.98765945959189e-20,5.10757396134207e-19
"ENSG00000146521",-2.1251830514739,-0.207826452418147,100.41196412909,4.09232864324206e-20,5.23795027187098e-19
"ENSG00000164347",0.719481902521964,4.64729622035256,100.268993216389,4.30925857822682e-20,5.51172960765045e-19
"ENSG00000184349",-2.1488801612023,5.37503991559324,100.258973497364,4.32488929291624e-20,5.52783460713708e-19
"ENSG00000157514",1.17568506556423,6.99624204063923,100.215004325056,4.39415956452561e-20,5.6124279606455e-19
"ENSG00000179841",1.75043248350809,3.39026203186251,100.129964880393,4.53132308828832e-20,5.78355819858161e-19
"ENSG00000102886",2.14574750290471,2.20336676326059,100.072595915643,4.62628618535192e-20,5.90062364229878e-19
"ENSG00000272335",1.79769368300197,4.64100521746848,100.068754811616,4.63271558521161e-20,5.90468332612676e-19
"ENSG00000174945",2.34937477990402,2.20261070117614,100.043656819733,4.67494794593661e-20,5.95433846223355e-19
"ENSG00000158987",0.715718403994079,3.71360465495189,99.908141231093,4.90977760908299e-20,6.24905774345706e-19
"ENSG00000123685",-1.25310555674919,0.990631084266377,99.8980918998324,4.92765821432015e-20,6.2674299022416e-19
"ENSG00000157933",-0.643523557707603,6.70520976877342,99.8527527039593,5.00914925153706e-20,6.36662519824989e-19
"ENSG00000091262",1.97438764398374,1.93480435951959,99.8384137919436,5.03520323141407e-20,6.39527069643569e-19
"ENSG00000151466",-0.59577677208731,3.73665725552237,99.810054610261,5.08713520628703e-20,6.45672122344372e-19
"ENSG00000198176",-1.03624027584351,7.22046080823519,99.7918173788825,5.12081657444195e-20,6.4949380652685e-19
"ENSG00000143546",-4.30539395451792,7.7376326474755,99.5843867209417,5.52010413197879e-20,6.99649156462928e-19
"ENSG00000068097",1.19607524353958,5.35918842495838,99.5775683298277,5.53374900536305e-20,7.00890159537209e-19
"ENSG00000159200",-1.41820535809534,6.18885269181168,99.5516928132607,5.58584083290343e-20,7.06774072244669e-19
"ENSG00000108244",-3.28685708930801,6.44852588021045,99.5489600611929,5.5913711100498e-20,7.06774072244669e-19
"ENSG00000074657",-0.952143432082069,6.42952470149769,99.5487175428277,5.59186216164548e-20,7.06774072244669e-19
"ENSG00000134287",0.645700639869555,7.94239912725192,99.5373471554392,5.61493381024164e-20,7.08916013692856e-19
"ENSG00000113742",1.15638518463816,5.63130662116352,99.5365257571695,5.61660422108756e-20,7.08916013692856e-19
"ENSG00000197965",-0.824147363820554,8.14997315878723,99.4482465977296,5.79908214489698e-20,7.31440402575494e-19
"ENSG00000119699",1.23908848700062,5.52920604997158,99.4135861580012,5.87235077191777e-20,7.40168508937217e-19
"ENSG00000257337",1.44994930956272,3.64807078626079,99.3329244703988,6.04649524031628e-20,7.61590411571139e-19
"ENSG00000148935",-2.1473256986766,1.28250357094348,99.2710705989751,6.18355403855344e-20,7.78314746388997e-19
"ENSG00000157703",-2.224240190316,0.890073787424933,99.1333555774079,6.50006721068612e-20,8.17587983595845e-19
"ENSG00000105185",-0.957889942094736,6.11640900090199,99.07661275664,6.63518594731071e-20,8.3400664830468e-19
"ENSG00000090097",-1.0348568784334,5.1138165438163,99.0617731296564,6.67098754059304e-20,8.37927633897142e-19
"ENSG00000143321",-0.735514495620219,9.26623151385581,99.0595449017482,6.6763800802117e-20,8.38026231186269e-19
"ENSG00000187097",1.30109213313544,5.25520841292673,99.052486928209,6.69349012108036e-20,8.39594471187652e-19
"ENSG00000180773",-1.06095328225272,4.21200021766817,99.0301190471263,6.74800724994973e-20,8.4584945459742e-19
"ENSG00000100105",0.777671940527207,6.32410244379315,99.0229841139738,6.76549118424201e-20,8.47456981122546e-19
"ENSG00000134107",1.24816931372652,8.3824883884159,98.986174175426,6.85642103799531e-20,8.58255924563377e-19
"ENSG00000133874",-0.872908157191463,3.38487862283392,98.9254078509323,7.00923317782149e-20,8.76780832449912e-19
"ENSG00000115128",-0.74999086365357,6.45291229230216,98.8804840352604,7.12440884725922e-20,8.90575588412033e-19
"ENSG00000145743",0.873314471311334,4.8576250619161,98.8210681687945,7.27967527990756e-20,9.0935943675109e-19
"ENSG00000135775",0.813485235073814,5.34359674031808,98.787818315535,7.3680483902454e-20,9.19767083883207e-19
"ENSG00000070770",-0.587901660873654,5.10178213070594,98.7403555662802,7.49607450684429e-20,9.35107017355857e-19
"ENSG00000157557",-1.00887745008997,5.7503742259143,98.6923968012226,7.62771692234976e-20,9.50793083627964e-19
"ENSG00000144045",2.41421487254247,1.26010070384348,98.6907517721437,7.63227348854644e-20,9.50793083627964e-19
"ENSG00000271850",2.97437710149381,-0.195965249901269,98.6836691604558,7.65192297668977e-20,9.52588467488251e-19
"ENSG00000070018",-1.203523381631,6.33647847863364,98.6747987469362,7.67660436374713e-20,9.5500738828887e-19
"ENSG00000163607",-0.676894636563711,3.31951683643472,98.6496615191733,7.7469840261476e-20,9.6310420688703e-19
"ENSG00000122741",1.17715064053454,6.88375110312548,98.6322832960112,7.79601984824973e-20,9.68538312841298e-19
"ENSG00000160460",1.97556859188956,1.88591789284967,98.6176960339034,7.83742195044306e-20,9.73017272591525e-19
"ENSG00000088320",-1.92623238153657,0.789991837118413,98.5477444546936,8.0390623761518e-20,9.97370167104017e-19
"ENSG00000166508",-0.864579208739031,7.58869054212807,98.4469030933814,8.33898599103029e-20,1.03387510023762e-18
"ENSG00000116741",-1.94796547948956,5.52966894977943,98.4333698327309,8.38008632041271e-20,1.03826301086966e-18
"ENSG00000126773",0.621560500899628,5.82472268243377,98.3227401256097,8.72381801119707e-20,1.08011437704324e-18
"ENSG00000204815",1.34764939547763,0.995614844958769,98.3182325260382,8.73812085616087e-20,1.08114926620309e-18
"ENSG00000165046",1.76724986512996,1.89534703167135,98.2479307597696,8.96427644699912e-20,1.10837702255622e-18
"ENSG00000114544",-0.698125681015365,5.80694758842866,98.2433219227764,8.97930721034373e-20,1.10948124688676e-18
"ENSG00000260025",-1.49364307829573,0.557154411430071,98.1475312684422,9.29752547152725e-20,1.14802032095138e-18
"ENSG00000113441",0.838402096423713,6.46973510892663,98.0580137522929,9.6051756456949e-20,1.18520308442265e-18
"ENSG00000129451",-4.06338497103378,3.8435274689976,97.8987742169376,1.01780367512871e-19,1.25503818598244e-18
"ENSG00000176887",-2.76824902117569,4.9144428385555,97.7271960393555,1.08339138689907e-19,1.33500830250138e-18
"ENSG00000130988",-2.18193802854988,1.02853284529812,97.7226726719546,1.08517698207711e-19,1.33630324644675e-18
"ENSG00000085063",-1.02881824790464,8.52986114585234,97.6871292660104,1.09931135474456e-19,1.35279261976279e-18
"ENSG00000148288",-1.26950142245918,2.48817276322679,97.6658142092095,1.10787648392405e-19,1.36241091883777e-18
"ENSG00000156675",1.90664770616303,7.04208733638118,97.6422329454795,1.11743066544317e-19,1.37323168534326e-18
"ENSG00000188549",-1.54993395464569,4.29445537800617,97.6190915537865,1.12688738275356e-19,1.38391814432963e-18
"ENSG00000123353",0.724562833676277,3.86330369905513,97.5464416891541,1.15710320135066e-19,1.42006700581416e-18
"ENSG00000173530",-1.87820915259012,2.23286279063005,97.5054030819074,1.17453124146099e-19,1.44048376397117e-18
"ENSG00000182902",1.61859622614789,0.560917070000635,97.4659037153931,1.19155551436851e-19,1.46037814658588e-18
"ENSG00000051128",-1.14263913236147,4.10272429290146,97.4522578480947,1.19749453582375e-19,1.46608250887379e-18
"ENSG00000015520",2.50599756973618,0.78145504672268,97.4515074890301,1.19782197503104e-19,1.46608250887379e-18
"ENSG00000107937",-0.848675477447791,6.83016548702471,97.3537918618951,1.24124333768098e-19,1.51820671323078e-18
"ENSG00000175575",0.797141475490232,4.60207000315147,97.3292363532444,1.25240223236531e-19,1.53082606197986e-18
"ENSG00000267288",1.5028904526668,-1.02149320038457,97.3215530860683,1.2559145125781e-19,1.53408819038083e-18
"ENSG00000155324",-0.920202612504025,4.42321808558909,97.2497251367992,1.28923366472794e-19,1.5737303284612e-18
"ENSG00000134240",4.68687478553712,3.92114068666472,97.1676434970095,1.32840189132578e-19,1.6204542990901e-18
"ENSG00000219545",0.820716986886977,3.82186134694908,97.1013176799102,1.36092647742657e-19,1.65901680773689e-18
"ENSG00000261061",-1.02793716468769,2.75065174336331,97.0886216878184,1.36724324016575e-19,1.66560080724278e-18
"ENSG00000160310",-0.647399369690955,6.66019214894652,97.0794306426384,1.3718345886073e-19,1.6700754683795e-18
"ENSG00000173567",-1.34371591231673,-0.422828550236677,97.0746207852848,1.37424352515476e-19,1.67188904585383e-18
"ENSG00000198774",-1.71273745122366,1.83659122654375,97.045783453514,1.38877591480857e-19,1.68843959482207e-18
"ENSG00000116350",-0.521389446665086,6.59750043305682,96.9453938758711,1.4405859281076e-19,1.75025897531202e-18
"ENSG00000124496",1.40431669570991,4.83673360226924,96.8618946691416,1.48516067396047e-19,1.80321110400487e-18
"ENSG00000129993",2.03741489008073,3.53693105107834,96.8369237110527,1.49875922304001e-19,1.81850785514688e-18
"ENSG00000188603",1.40658660603483,0.610208126242453,96.8205665175832,1.50773490942267e-19,1.8281788355053e-18
"ENSG00000160602",1.00740941588207,2.5754058277571,96.8081758230125,1.51457011394445e-19,1.8352432533259e-18
"ENSG00000165923",1.57216272893581,0.737689158774542,96.6763327312536,1.58926366880037e-19,1.92446921492285e-18
"ENSG00000113597",0.661249341936165,4.42890771109249,96.6131415048346,1.6263693756064e-19,1.9680908984384e-18
"ENSG00000272168",-1.54934522589824,3.67933667637799,96.5983603368267,1.63517414136469e-19,1.97743000552799e-18
"ENSG00000111206",-1.13763294012438,6.29019352740549,96.5895816525377,1.64042610920962e-19,1.98145472494351e-18
"ENSG00000178999",-1.0922204501373,4.65944869416223,96.5891561274714,1.6406811170909e-19,1.98145472494351e-18
"ENSG00000288585",2.11599941884319,-0.542302279817709,96.4420143290453,1.731300214635e-19,2.0895081820691e-18
"ENSG00000172005",-2.67974798085313,1.34319730796354,96.3698892363865,1.77754576132147e-19,2.14389935722247e-18
"ENSG00000173011",0.653891315485847,5.47343086973505,96.3610083898298,1.78332548187612e-19,2.14944492142895e-18
"ENSG00000127995",1.28595651872065,5.54133425554419,96.3532594558869,1.78838402087457e-19,2.15411447494481e-18
"ENSG00000115504",-0.707014538175891,5.37709838794756,96.3369698862636,1.79906514305256e-19,2.16415624424607e-18
"ENSG00000166167",0.789851850070339,5.41463141972973,96.3369159155544,1.79910063849794e-19,2.16415624424607e-18
"ENSG00000145911",1.425808906912,5.070664940666,96.3308023352467,1.80312598976511e-19,2.16756480514526e-18
"ENSG00000012232",-0.892082441585875,5.60883059039812,96.2987956166193,1.8243487801127e-19,2.19162850810369e-18
"ENSG00000134317",-1.28454732461873,5.70447265081429,96.2768803193592,1.83902529572356e-19,2.20780145733466e-18
"ENSG00000132824",0.72542155664796,7.83971006204792,96.2305896996598,1.870418237893e-19,2.24400837142466e-18
"ENSG00000081041",-2.28128426438533,1.43468505851974,96.1048944417623,1.95841369819928e-19,2.34803087296299e-18
"ENSG00000270804",1.20125365429766,0.833626969833354,96.0204974756549,2.01982815257174e-19,2.42006814486e-18
"ENSG00000187266",0.961066483021331,2.41947803752697,95.9736927881601,2.05472048408852e-19,2.46025386205411e-18
"ENSG00000142733",-0.956656216661682,5.2470074531359,95.9033941060683,2.10827255222394e-19,2.52271455130586e-18
"ENSG00000139211",2.2841486663605,5.988898896565,95.8361456154773,2.16081763446335e-19,2.58388896355157e-18
"ENSG00000141349",1.03027943182235,6.25597996700561,95.8208462916737,2.17295506255329e-19,2.59669557672268e-18
"ENSG00000076043",-0.845821251653359,4.9584227897913,95.8101152653742,2.18150930769449e-19,2.60520625662163e-18
"ENSG00000170681",-1.34784119142991,0.120713969289517,95.743851382055,2.2350889053031e-19,2.66744074866488e-18
"ENSG00000053524",-1.87760140506097,0.12775295657693,95.7418685667435,2.23671245208591e-19,2.6676279395763e-18
"ENSG00000196418",-0.986470527743507,3.24992448292312,95.7250262081159,2.25055115342467e-19,2.68237381248283e-18
"ENSG00000111863",-2.50877354552323,2.11468458036674,95.6806395035472,2.2874368900617e-19,2.72455154921036e-18
"ENSG00000107331",1.11506709447792,6.10221810566249,95.6154802837167,2.342691800066e-19,2.78853916620422e-18
"ENSG00000130005",1.79917529558033,4.43843080351475,95.5741156668987,2.37846522605932e-19,2.82926916491608e-18
"ENSG00000143079",-0.718404524520721,5.54073724179333,95.4954913169961,2.44798751130665e-19,2.90862185483811e-18
"ENSG00000150773",1.15616085244879,0.892990071453361,95.4950621248339,2.44837258618713e-19,2.90862185483811e-18
"ENSG00000259431",1.07907751202581,2.09427214171471,95.471267162939,2.46981744971282e-19,2.93218275296193e-18
"ENSG00000113583",0.646156767441693,6.37505988409178,95.403706563277,2.53174325147196e-19,3.00374078654743e-18
"ENSG00000177706",-1.28441866071738,5.84668547198985,95.3941384114951,2.54063903604984e-19,3.01233003830994e-18
"ENSG00000078081",-2.08988719675388,4.82239436314071,95.3878267924404,2.54652437137521e-19,3.01734105971156e-18
"ENSG00000287354",2.79185932872263,0.959698538274907,95.3738824712448,2.55957567196426e-19,3.0308308803181e-18
"ENSG00000169519",0.697439658005183,3.88994553843779,95.3498629734691,2.58221523935856e-19,3.05564936717329e-18
"ENSG00000145604",-1.02104315583699,5.44191210478582,95.3301607204528,2.60093622804635e-19,3.07580156799135e-18
"ENSG00000100095",5.10532245672099,3.94147352295294,95.3002810495731,2.6295892039855e-19,3.10766526589268e-18
"ENSG00000235687",5.18277399079543,4.4715142798258,95.2742200453846,2.65483999966732e-19,3.13546947493176e-18
"ENSG00000100926",0.606527281771963,2.11807653086926,95.2423781910789,2.68602397951034e-19,3.17024037244219e-18
"ENSG00000075886",3.14331080833431,1.96502885275039,95.1705415938983,2.7577395703514e-19,3.25277349582044e-18
"ENSG00000196684",2.22803634832345,4.45040802893404,95.1593537928214,2.76908097705715e-19,3.26403401236004e-18
"ENSG00000155868",0.618695543482913,3.51627517397991,95.1472698930157,2.78138361488406e-19,3.27641225307715e-18
"ENSG00000115598",-2.07815211542996,1.52643211402356,95.1120579275586,2.81754811894873e-19,3.3168650606757e-18
"ENSG00000144040",1.21806749175012,4.80953881584585,95.0854828096252,2.84515572329503e-19,3.3471987254392e-18
"ENSG00000213062",1.50818012484956,3.1407615622874,95.0775214892919,2.85347932150871e-19,3.35482106655465e-18
"ENSG00000144029",-0.622799404149376,5.63239518374084,95.0729329938525,2.8582877624989e-19,3.3583034770239e-18
"ENSG00000115963",-1.36585179549608,5.74066663800024,94.9823632124832,2.95488886367023e-19,3.46956221126108e-18
"ENSG00000134905",-0.906776768489192,5.75029822265829,94.9728567760386,2.96521735376311e-19,3.47944343420925e-18
"ENSG00000092929",-1.52632119495885,5.27737529290099,94.9600992744491,2.97913525823776e-19,3.49352108812563e-18
"ENSG00000015475",-0.799180151057911,5.01991361254511,94.9410760432899,3.00001123239204e-19,3.51573481280583e-18
"ENSG00000095321",1.77176474802706,6.26963506390688,94.7535468824086,3.21386592705632e-19,3.76392746177079e-18
"ENSG00000267795",1.81815656286814,3.40158784628448,94.7437891087832,3.22540507373454e-19,3.77335788634477e-18
"ENSG00000106003",1.72610975098631,5.48346411344678,94.7432300400594,3.22606746935679e-19,3.77335788634477e-18
"ENSG00000031003",0.792433737553527,5.01601736381444,94.7098991284342,3.26580741627462e-19,3.81738465856059e-18
"ENSG00000257261",1.35751964614194,0.992934831335384,94.6901456997457,3.28959166880775e-19,3.84271633091043e-18
"ENSG00000235584",4.4269193995894,2.51230564047445,94.6495128499388,3.33906643813714e-19,3.89800644267255e-18
"ENSG00000116337",-0.716389969620364,5.1351429816714,94.6325433475848,3.35995002221444e-19,3.91986985272843e-18
"ENSG00000092203",0.562684831880692,6.38839651741871,94.6055543006505,3.3934357966998e-19,3.95639809425487e-18
"ENSG00000106789",1.22979868927558,5.73030026850514,94.461882712637,3.5774378651912e-19,4.1682536766238e-18
"ENSG00000196932",2.22964801999569,3.01999725094935,94.4173554197967,3.6364818270331e-19,4.23433620166952e-18
"ENSG00000112559",-2.22768487377138,5.63357738882587,94.410437284695,3.6457431680562e-19,4.24240414207333e-18
"ENSG00000213145",1.70109661826248,0.666620518602572,94.3662390510225,3.70547541413632e-19,4.30915516830636e-18
"ENSG00000124935",4.52508443093312,5.74834939272408,94.3597155510367,3.71437485401608e-19,4.3167443990316e-18
"ENSG00000117707",-2.59946949143755,2.1748007999883,94.3344941425601,3.74898538866062e-19,4.35418558422473e-18
"ENSG00000144668",-1.39869728149571,4.60492785843592,94.2788816845289,3.82645384946679e-19,4.44132371500332e-18
"ENSG00000134779",-0.725536310370454,6.53320292604491,94.2033927133476,3.93419935374338e-19,4.5634705258855e-18
"ENSG00000049130",1.76298489019152,6.11661517141634,94.1970129724672,3.94344415565272e-19,4.57127866813332e-18
"ENSG00000111665",-1.03373501209717,4.75275803080846,94.1746137318228,3.97607639405221e-19,4.60617053853641e-18
"ENSG00000167232",1.17274382925169,5.27445230829141,94.1652807770648,3.98975328858826e-19,4.61890069240932e-18
"ENSG00000179918",0.934403739099049,7.27742096733519,94.1636525527623,3.99214420962583e-19,4.61890069240932e-18
"ENSG00000230148",1.72419625715257,0.151276683320938,94.161190900098,3.99576169854403e-19,4.62014709301455e-18
"ENSG00000241106",-1.94072775031551,2.1160214833472,94.119542781295,4.05746852075423e-19,4.68851572144078e-18
"ENSG00000121067",0.758101451449738,6.18842938640566,94.1073890391334,4.07565622385317e-19,4.70654193012326e-18
"ENSG00000145782",0.601999191812991,5.4691820383228,94.1033392569718,4.0817348372107e-19,4.7105706357353e-18
"ENSG00000260992",-1.32659021970629,0.144506407679055,94.0302960257332,4.19295338168354e-19,4.83585517476603e-18
"ENSG00000139263",-1.23673064835316,4.55509928246905,94.0085311033584,4.22668066553133e-19,4.87166463527782e-18
"ENSG00000064218",-1.81712174875029,0.441706886518483,93.978143096737,4.27422845199674e-19,4.92334813710682e-18
"ENSG00000008517",-1.51867035198807,6.09331394367341,93.8393100494974,4.4984131306117e-19,5.17829987465605e-18
"ENSG00000124785",-1.56301027512213,3.933636266895,93.8258754700481,4.5207264690135e-19,5.20069405556088e-18
"ENSG00000069849",-1.03034868470027,7.06027406787655,93.7390666879385,4.66762096312121e-19,5.36628887972494e-18
"ENSG00000166272",0.608816114127627,6.36766517922616,93.7316332882031,4.68042098223793e-19,5.37760561117773e-18
"ENSG00000124839",1.40798251219769,4.28041182741865,93.6834894147119,4.76418400612899e-19,5.47039006966377e-18
"ENSG00000185442",1.32056523119097,5.81782826703849,93.6439538527213,4.83409890540131e-19,5.54716661775641e-18
"ENSG00000134684",-0.658610299851384,7.02858589579968,93.584939619753,4.94038923592638e-19,5.66556112377232e-18
"ENSG00000168434",0.601887239022979,5.03158047253943,93.5762806941815,4.95618179512545e-19,5.68009039002783e-18
"ENSG00000136014",-1.87239863433124,-0.67932079816848,93.5348938029043,5.03237103836933e-19,5.76377609860588e-18
"ENSG00000099622",0.794740885037202,7.55025787606671,93.5318402922263,5.03803880783391e-19,5.76663623894796e-18
"ENSG00000102910",0.887714163501936,7.11707972294959,93.4636254349465,5.16634718061211e-19,5.90978129062723e-18
"ENSG00000261136",1.47394803418945,-0.187886152365231,93.447071150036,5.1979785035434e-19,5.94222709129147e-18
"ENSG00000183401",1.04803279935553,3.59843417097732,93.415094275393,5.25963265189272e-19,6.00893207742617e-18
"ENSG00000184254",-1.84281868099058,3.72882546168054,93.4104401150689,5.26866752751989e-19,6.01547551729641e-18
"ENSG00000170500",2.33570049032297,4.77172832212898,93.3900452633823,5.30844384581924e-19,6.05708762031119e-18
"ENSG00000090776",-1.03237989100537,4.87535174349299,93.3402334449973,5.40686983774771e-19,6.16552655855519e-18
"ENSG00000266256",2.24901785086099,-0.0204804516752626,93.3332899761585,5.42073517245755e-19,6.17746436821165e-18
"ENSG00000237649",-0.948910375965151,5.93548764383928,93.3032859089529,5.48106326794705e-19,6.2423029879412e-18
"ENSG00000163156",-0.72288550504494,5.36264045784753,93.2952529600462,5.4973293889408e-19,6.25691032077943e-18
"ENSG00000130309",-0.660515959719363,7.52271727263762,93.2910059836837,5.50594885577335e-19,6.26280161280836e-18
"ENSG00000161328",1.35800894786865,2.91931966492594,93.2589784193257,5.57139084959154e-19,6.33327854827318e-18
"ENSG00000091409",-1.6166337085426,7.41083001576937,93.192559386062,5.70961533884705e-19,6.48052627038089e-18
"ENSG00000281392",-1.45438342241652,-0.895984628397741,93.192145646799,5.71048711830942e-19,6.48052627038089e-18
"ENSG00000134697",-0.647318022450891,6.68229963921735,93.1916109146917,5.71161403750856e-19,6.48052627038089e-18
"ENSG00000146386",-1.16165235674991,5.90685453374685,93.1031784185392,5.90109935072348e-19,6.69134632113208e-18
"ENSG00000104490",-2.12935316202795,5.76000644713828,93.051039773585,6.01577437143439e-19,6.81712799175382e-18
"ENSG00000287906",1.6047601980679,2.24301914412314,92.8301952619249,6.52695728316338e-19,7.39179944372201e-18
"ENSG00000007062",-3.04574790012983,7.23049502357863,92.8260604973382,6.53693447377368e-19,7.39849186116962e-18
"ENSG00000161664",1.40570701551176,0.830056449715132,92.7988842911257,6.60289442394401e-19,7.46849774767995e-18
"ENSG00000081985",-2.85181244250371,4.43235176980834,92.7010752480575,6.84589194884716e-19,7.7385383943836e-18
"ENSG00000140992",0.661827888344543,5.36291914789275,92.6931628600966,6.86593938122624e-19,7.75637922147471e-18
"ENSG00000239332",-1.37699662694602,-0.332125535591242,92.649690401862,6.97714514848324e-19,7.87711458476804e-18
"ENSG00000164045",-1.04773849772336,4.01860839559847,92.6066697917652,7.08898280126878e-19,7.99841310108415e-18
"ENSG00000168743",1.97582640927561,7.18855917352126,92.588290093426,7.13731256788175e-19,8.04795046401942e-18
"ENSG00000144354",-1.81534945975839,4.6178661859789,92.5856636540209,7.14424591338722e-19,8.05077724118257e-18
"ENSG00000186481",2.3535982649937,0.455088121958603,92.4710139111561,7.45361271846298e-19,8.39419864541206e-18
"ENSG00000109118",0.669903207940565,6.05175492458714,92.4610003480592,7.48126607149983e-19,8.42012792750241e-18
"ENSG00000165338",1.10533494381217,4.27306652602746,92.3622643358453,7.75953462387749e-19,8.72791686698106e-18
"ENSG00000140379",-2.16475134947528,3.42753562045998,92.3595975125602,7.76719357786079e-19,8.73113206391422e-18
"ENSG00000167549",2.33279469310698,1.80502808854337,92.3291440695629,7.85519632659807e-19,8.82460227227706e-18
"ENSG00000054219",-1.49111709074258,3.83642748488378,92.2326982238405,8.14058907684217e-19,9.13957000800033e-18
"ENSG00000161813",0.684137220645041,6.37443876271346,92.2294430950985,8.15040160102179e-19,9.14494166066529e-18
"ENSG00000228223",-1.08335054000229,4.35773404753259,92.1981430740547,8.24536565490391e-19,9.24578979848288e-18
"ENSG00000181444",1.32753488952015,4.07822630863132,92.1010360400609,8.54714625657707e-19,9.57828072178827e-18
"ENSG00000182541",-0.952391575801026,6.724403965238,92.0462658837757,8.72224263457567e-19,9.76848208359989e-18
"ENSG00000196368",-2.06199330198842,1.77166601557057,91.9956245032065,8.88735604540227e-19,9.9472758002324e-18
"ENSG00000231290",-3.38763911152791,2.19818501874524,91.9655711498063,8.98682959563254e-19,1.0052426610416e-17
"ENSG00000206053",0.729263560630509,7.98064904206983,91.9483464397167,9.0443468783529e-19,1.01105458527033e-17
"ENSG00000287263",-1.19351656459958,2.75876884539077,91.9111955187478,9.1696690438796e-19,1.02443452438625e-17
"ENSG00000123505",-0.9764945019161,7.07819132295763,91.8837141347939,9.2634979325104e-19,1.0342817703898e-17
"ENSG00000196421",1.57744695027701,1.00786226647936,91.8760273318869,9.28991557574535e-19,1.03659499688133e-17
"ENSG00000151746",-1.18567161582832,4.27505065465147,91.8403117775958,9.4136609392798e-19,1.0497588299425e-17
"ENSG00000003137",-1.6543274935353,2.9398773795609,91.8242955221552,9.46969162157858e-19,1.05535999517936e-17
"ENSG00000167740",1.05665121484045,4.22161728404523,91.7539576784536,9.71976694830827e-19,1.08256657229535e-17
"ENSG00000090661",1.29585743846828,6.11783791960703,91.7411350563056,9.76606824882215e-19,1.08656518152454e-17
"ENSG00000196182",-0.721721201354826,6.04900117217357,91.7407073714621,9.76761640528162e-19,1.08656518152454e-17
"ENSG00000163932",0.84272482935646,6.62247652657837,91.734858123114,9.78881467546747e-19,1.08825770976407e-17
"ENSG00000196878",-2.36699722446552,6.33301955626266,91.5151548134618,1.06195516728831e-18,1.17989252184727e-17
"ENSG00000244558",1.87898104765281,-0.967372573533889,91.4971929738774,1.06905337888002e-18,1.18705389835592e-17
"ENSG00000151117",1.2022550609669,4.1085610265071,91.4520244428524,1.08711532267242e-18,1.20637300114496e-17
"ENSG00000173041",0.923403410188535,4.33908640955162,91.4466234728787,1.08929554914625e-18,1.20798243180994e-17
"ENSG00000157017",-1.73119004087028,-0.151243719222237,91.4451429153844,1.0898939798769e-18,1.20798243180994e-17
"ENSG00000164610",-0.719031281317523,3.32582429533689,91.4161088035744,1.10169657196847e-18,1.22032017362744e-17
"ENSG00000176383",-1.50677119073302,-0.00255225294871661,91.4001401981743,1.10824277125501e-18,1.22682407325539e-17
"ENSG00000157388",1.79474207492802,4.07285461966831,91.3032612716384,1.14880677630519e-18,1.27095484473472e-17
"ENSG00000169895",0.876621010656197,7.30543704469959,91.2924277166802,1.15343494498993e-18,1.2752993786916e-17
"ENSG00000162551",-2.10440939792792,4.93081185909194,91.2322172812673,1.17950195163553e-18,1.30332815895182e-17
"ENSG00000129646",-1.53903468712557,3.09339685433582,91.227308996886,1.181652906435e-18,1.30491214706981e-17
"ENSG00000286162",-1.17449091431186,1.42116993449924,91.2179593613175,1.18576113919172e-18,1.30865434463708e-17
"ENSG00000150551",-1.88743095870891,-0.020144714168442,91.2131621155615,1.18787463694991e-18,1.31019186760733e-17
"ENSG00000204392",-0.724618098930449,5.74302120785147,91.1779814625632,1.2034904901407e-18,1.32661121422297e-17
"ENSG00000067057",-1.65518208030775,6.50277972430388,91.1389541516885,1.22105606537363e-18,1.34515855342311e-17
"ENSG00000117114",-1.6333326432821,5.68429216986515,91.0928438977472,1.24214298450689e-18,1.36756032701037e-17
"ENSG00000108576",3.51308391105969,3.26145307396645,91.0858226723449,1.24538595068575e-18,1.3703012505186e-17
"ENSG00000241878",1.12258162091547,5.43720710352318,91.0479454038508,1.2630285221072e-18,1.38887320193989e-17
"ENSG00000254860",1.22386764843946,1.54650876702948,91.0410828696155,1.26625182960305e-18,1.3915763309257e-17
"ENSG00000232807",-1.12488715676173,0.80984891959263,90.9969373778594,1.28718600706162e-18,1.41372820630656e-17
"ENSG00000171475",1.00046928087887,6.61108342229611,90.9898388403589,1.29058461089786e-18,1.41660548599941e-17
"ENSG00000094963",-2.15004355770463,4.71129409496773,90.9517294307427,1.30898571501883e-18,1.43593680245853e-17
"ENSG00000258057",0.952501902268871,-0.197415004555692,90.9469344070887,1.31131964636632e-18,1.43763000169443e-17
"ENSG00000171552",0.640830632755428,6.53172563772742,90.9434208785021,1.31303248531121e-18,1.43864065318315e-17
"ENSG00000156990",-0.791143107941589,5.11854461960907,90.8685081142861,1.35009390819238e-18,1.47835689357032e-17
"ENSG00000205352",0.704522260511845,5.74203803668237,90.8236100332833,1.37280987704789e-18,1.50232647675975e-17
"ENSG00000188042",-1.11498208380699,6.09497692288903,90.8111261599115,1.37919422627751e-18,1.50840556750062e-17
"ENSG00000161040",-2.10282937053455,1.35141223115747,90.787155123806,1.39153724299781e-18,1.52099034709401e-17
"ENSG00000124574",-0.639873214799917,4.78855108900208,90.744888702336,1.41357274423896e-18,1.54414781214523e-17
"ENSG00000175984",-1.47265706077417,1.81188874493834,90.6042832424943,1.48944082525589e-18,1.62604740274635e-17
"ENSG00000110871",0.643207929290676,4.98489324978233,90.5481003090161,1.52089217889318e-18,1.65938733951465e-17
"ENSG00000105372",-1.00579784021414,9.72427303924103,90.4234732732493,1.59306986613575e-18,1.73697917009222e-17
"ENSG00000026559",-3.31486206761016,3.45342836421522,90.4220427479815,1.59391809703316e-18,1.73697917009222e-17
"ENSG00000099330",1.05614284876126,4.17966497389413,90.4110008663828,1.60048072771316e-18,1.74308643566748e-17
"ENSG00000232640",-1.20742864902072,0.217302588843328,90.387886330874,1.61430695291505e-18,1.757092451204e-17
"ENSG00000172059",-0.844057034849725,4.92667257905522,90.3171223336066,1.65738844796147e-18,1.80290556767484e-17
"ENSG00000173432",-2.65526749883648,5.35334342854621,90.2880384065593,1.67542928845745e-18,1.82144099811501e-17
"ENSG00000228146",2.05819048275006,-0.101620065311044,90.2714708067865,1.68579459433958e-18,1.8316148197042e-17
"ENSG00000082212",-0.766741711347936,5.93313351721811,90.2607281890471,1.69255010142763e-18,1.83785679073229e-17
"ENSG00000136770",1.19764723617238,6.33834392588759,90.2504597289685,1.69903294491492e-18,1.84379541778715e-17
"ENSG00000043514",-0.69541692885954,4.74882718945909,90.2182866009524,1.71950752803488e-18,1.86490178413229e-17
"ENSG00000122483",-0.876248995091172,3.00063709416042,90.2116024058796,1.72379237768321e-18,1.86843478935055e-17
"ENSG00000157483",-0.818496481515429,6.02505713917037,90.1899350647836,1.73775619690875e-18,1.8824484639295e-17
"ENSG00000196235",-0.784437285661594,7.5288591468753,90.1568416671238,1.75930412849132e-18,1.90465616005953e-17
"ENSG00000166025",-1.22021582261749,5.66666774742117,90.111140202019,1.78950509306904e-18,1.93619979968707e-17
"ENSG00000162881",-1.48033613980767,0.459896301972491,90.0516529587251,1.8296005513079e-18,1.9784051621396e-17
"ENSG00000232973",-1.93133448372851,0.409156881767149,89.9601278906672,1.89306632045277e-18,2.04581641333304e-17
"ENSG00000101974",-0.905216209163233,5.17797828070203,89.917888156168,1.92310045692188e-18,2.07703985216717e-17
"ENSG00000172382",-1.88660154876175,2.84804178886292,89.9157222755834,1.92465336817607e-18,2.07748341011195e-17
"ENSG00000198342",1.18437900031311,1.50949348424304,89.8797012774852,1.95066614978779e-18,2.10431292599883e-17
"ENSG00000064102",-0.867322290475527,5.58692460334829,89.7958255431783,2.01261959897744e-18,2.16985923332553e-17
"ENSG00000233429",-1.3990094203089,-0.738763513568552,89.7868245758196,2.01938479203454e-18,2.17586318705712e-17
"ENSG00000175697",-2.25212484200035,1.86267398592793,89.7663952929856,2.0348247834293e-18,2.19120148969876e-17
"ENSG00000275457",-0.970362966243547,-0.741238910189986,89.7464606789458,2.05000564206734e-18,2.20624275845685e-17
"ENSG00000174177",-0.925558068187292,3.62525157404747,89.6943301309656,2.09024670615459e-18,2.24822040754227e-17
"ENSG00000196090",3.45661678094421,5.24810541935665,89.6202431271438,2.14881074795157e-18,2.30984455577678e-17
"ENSG00000107551",-1.24383017855297,5.51911823268453,89.5722022007514,2.18766735492547e-18,2.3502240904539e-17
"ENSG00000134758",-0.805691181904172,5.07454858840494,89.5664408670635,2.19237457628812e-18,2.35389071980687e-17
"ENSG00000287151",1.44442038786397,2.68191905214671,89.5647005090136,2.19379851993693e-18,2.35402993985917e-17
"ENSG00000136044",0.699495092624262,5.53745984391106,89.4813533632503,2.2630952356357e-18,2.42695614066875e-17
"ENSG00000113924",3.03725395645284,2.95733906537442,89.4793240606804,2.26480968676543e-18,2.42736349928637e-17
"ENSG00000152137",2.377546081296,5.73214185363404,89.4154346580401,2.31946131534047e-18,2.48447363977694e-17
"ENSG00000124571",-0.775097498413407,6.74681522704139,89.4033831875535,2.32991836247694e-18,2.49420571964276e-17
"ENSG00000123240",-0.962251707140181,7.00408840892369,89.3639214168082,2.36449308061445e-18,2.52972942060092e-17
"ENSG00000114395",0.897022903765349,4.07684249484276,89.2889675184956,2.4315953896497e-18,2.59999159006166e-17
"ENSG00000134222",-0.939884645214139,4.15708831511008,89.2226653845076,2.492551050767e-18,2.66360273274678e-17
"ENSG00000171940",1.00879881934947,7.2057302664943,89.1765797627752,2.53582580562189e-18,2.70825600426605e-17
"ENSG00000225335",-1.07756966592652,-0.318451621295882,89.0978896504708,2.61147477364942e-18,2.78741215863472e-17
"ENSG00000102043",-1.36033902999237,-0.181366450198878,89.0425716654645,2.66601304329314e-18,2.84395573204783e-17
"ENSG00000167522",-0.719495572823406,6.57769331983512,89.0249868432885,2.68358942123223e-18,2.8610272211824e-17
"ENSG00000162368",-0.626175887567231,7.52913391813451,88.9665340864577,2.74285808023905e-18,2.92122625350391e-17
"ENSG00000100300",-1.10492171317341,6.79572973143719,88.9661350085798,2.7432672316828e-18,2.92122625350391e-17
"ENSG00000085662",-1.08236175370075,5.53497779458771,88.9540470382782,2.75568952917194e-18,2.932737340935e-17
"ENSG00000273032",-1.90074193368802,1.8270702127269,88.8903839820164,2.82205539278552e-18,3.00161073005749e-17
"ENSG00000103599",1.04906948119353,1.66430074848231,88.8353281185558,2.88074676312831e-18,3.06224559484382e-17
"ENSG00000170832",1.21953005623319,6.51089165563148,88.7883953459175,2.93174944044681e-18,3.11464128638122e-17
"ENSG00000215386",-1.7813094256663,2.43110779160314,88.7532204493683,2.97057063750978e-18,3.15404195884576e-17
"ENSG00000105997",-1.87491584774132,1.19876272482417,88.7325832297102,2.99358795867738e-18,3.17662647563735e-17
"ENSG00000112996",1.49073451901792,6.602917410272,88.7242946122639,3.00288304030085e-18,3.18463187970797e-17
"ENSG00000240057",-1.03019643095386,-0.261993046319452,88.6997039703994,3.03063122959697e-18,3.21218652703437e-17
"ENSG00000152669",2.79892535483348,3.12249217765184,88.6726643220528,3.06144140085426e-18,3.24295260330444e-17
"ENSG00000178776",-2.40840893728275,2.95897607974205,88.6104865585178,3.13349290163998e-18,3.31734394033923e-17
"ENSG00000006194",0.544030320659398,5.45748003929676,88.6013580910032,3.14421393244251e-18,3.32675759181294e-17
"ENSG00000198952",-0.690448419541203,7.57041212108772,88.5417871283797,3.21509168217594e-18,3.39977252996605e-17
"ENSG00000188517",-2.89866813193253,1.5889946466067,88.4700102391866,3.30263547153345e-18,3.49003550947701e-17
"ENSG00000163159",-0.736204252722327,6.24848816220052,88.4686729092438,3.30428917270696e-18,3.49003550947701e-17
"ENSG00000176018",0.709751970336542,4.84403104165412,88.3883980311663,3.40509906006258e-18,3.59442493931621e-17
"ENSG00000090924",-0.961266674542647,5.09182069538874,88.3625873689222,3.43816666638599e-18,3.62722594711301e-17
"ENSG00000181513",1.07417945441587,3.12116027757896,88.3308806679137,3.47923153793123e-18,3.66842105576193e-17
"ENSG00000122042",0.848834766279627,6.02894621074448,88.2864403220069,3.53762202088981e-18,3.72782556871053e-17
"ENSG00000137038",-0.848132856768181,5.30218245644977,88.2725783896326,3.55603669416623e-18,3.74506053233905e-17
"ENSG00000184613",2.74336471550861,5.66553263271187,88.2224230793952,3.62347591028586e-18,3.81249609027048e-17
"ENSG00000170627",-2.96015817858479,1.28068301001515,88.2218448247964,3.62426090833388e-18,3.81249609027048e-17
"ENSG00000056277",-0.811343124828199,2.95933919536567,88.2175291105133,3.63012503798428e-18,3.81645746767965e-17
"ENSG00000075420",-0.852967939752957,7.02815247572856,88.2116072511371,3.63818714566646e-18,3.82272373225774e-17
"ENSG00000006757",1.01861508439759,4.60504435884948,88.1704529540957,3.6947160921364e-18,3.87987853832429e-17
"ENSG00000164404",3.21135646215112,2.65446105890934,88.1460417825969,3.72866448269457e-18,3.91326887543271e-17
"ENSG00000167183",1.59611443313298,5.52211539668152,88.1206526887145,3.76430655166585e-18,3.948397206557e-17
"ENSG00000197324",0.732387347113504,7.70989517321822,88.1033694668194,3.78876562939295e-18,3.97176191742933e-17
"ENSG00000197472",-1.59147643450004,1.94848839875489,88.0374062426821,3.88359818857383e-18,4.06882971507954e-17
"ENSG00000186312",-0.81917200789836,2.21149124813491,88.0145672171393,3.91698766665405e-18,4.10144914686839e-17
"ENSG00000197208",1.39543775853576,1.71218281006162,87.9904508816062,3.95255872073269e-18,4.13631403985536e-17
"ENSG00000141579",-1.78039320084568,3.65444204380868,87.9842909135644,3.96169663561412e-18,4.14349272044563e-17
"ENSG00000134138",-1.46508218497756,3.11458552888835,87.9377129431546,4.03148500004692e-18,4.2140602977502e-17
"ENSG00000233527",-0.876690848452037,1.97485659829866,87.8971155872911,4.0933228218875e-18,4.27624098130326e-17
"ENSG00000166173",-1.19168347143899,3.46530344842298,87.8906992945887,4.10318324795735e-18,4.28408133833802e-17
"ENSG00000197785",-1.03238028149943,4.85479831630618,87.8556524080744,4.15746675791236e-18,4.33826766453872e-17
"ENSG00000100883",0.678615452082434,6.49009897188108,87.8432185668094,4.1768988310874e-18,4.35604563875101e-17
"ENSG00000006555",-2.09316361939676,4.16592133964608,87.8388595778044,4.18373287850166e-18,4.3606724122744e-17
"ENSG00000136451",0.855029032829297,6.51136964816124,87.8144313297399,4.22224076261716e-18,4.39828837287977e-17
"ENSG00000076108",0.680510407723418,7.15682310029427,87.7817431087827,4.2743290144181e-18,4.44939112790403e-17
"ENSG00000183018",-1.44772620562399,3.76701421256929,87.7805822297313,4.27619072552026e-18,4.44939112790403e-17
"ENSG00000176485",1.6264283150449,6.35665209718819,87.7523136007954,4.32177855699651e-18,4.49425433931689e-17
"ENSG00000067248",0.766206426250421,5.94744728359026,87.7162306362249,4.38068092273419e-18,4.55290426415368e-17
"ENSG00000124493",2.88941609662938,2.73773075236031,87.666507574524,4.46317813547389e-18,4.63599565551109e-17
"ENSG00000250569",1.2174851029518,-0.800462122221037,87.6492558461513,4.49216559039702e-18,4.66344222363818e-17
"ENSG00000116819",-1.64767150738025,0.858764103313872,87.5915477164172,4.59051703590878e-18,4.76282509122127e-17
"ENSG00000170421",1.32827807048787,10.133417059852,87.5834974752115,4.60440847049969e-18,4.77451432505407e-17
"ENSG00000134339",-2.77909287513624,2.31421175514457,87.5623688707554,4.64106975240862e-18,4.80978784369277e-17
"ENSG00000146112",-0.779863511097166,6.49515100069656,87.507891057814,4.73696038422326e-18,4.90479292771782e-17
"ENSG00000240682",-0.665469142970147,4.27291679032531,87.5072302629109,4.73813567956906e-18,4.90479292771782e-17
"ENSG00000026652",-1.37565300857469,3.82916100800326,87.3921122679044,4.94743832882933e-18,5.11854427330762e-17
"ENSG00000111640",-0.912124762480644,10.8342178782511,87.269523115701,5.18058652509809e-18,5.35670879582058e-17
"ENSG00000198598",1.75314413169739,2.38900687993167,87.26332405491,5.19266628787171e-18,5.36614854794378e-17
"ENSG00000230701",-1.12624713410077,-0.911666719608009,87.2549791529124,5.20897238700763e-18,5.37994263344093e-17
"ENSG00000162413",-0.9657493191511,5.93168048864421,87.2442858818274,5.22994272681087e-18,5.3985356592075e-17
"ENSG00000143436",-0.651174960324476,5.23962279697159,87.2289962066722,5.26007491679994e-18,5.42655942068958e-17
"ENSG00000169762",0.936960984233255,5.2557449479237,87.1190442251111,5.48198116536229e-18,5.65228307458103e-17
"ENSG00000286707",-1.36980967971471,-0.0933808751668794,87.0276509956341,5.67360014078032e-18,5.84654047368343e-17
"ENSG00000066651",-0.750544570791738,3.92009047018752,87.0223685634699,5.68487973384915e-18,5.85484669304917e-17
"ENSG00000215256",0.870381613349808,5.26846611478031,86.9330789298898,5.8789979136009e-18,6.05134205164534e-17
"ENSG00000084693",-0.687709266064437,5.33469302518122,86.8754961878204,6.00771540367849e-18,6.18033528066201e-17
"ENSG00000269887",1.60746527992775,1.22165946850722,86.8570637928983,6.04951563758879e-18,6.21981856509129e-17
"ENSG00000085365",0.742128992476014,6.30818228383601,86.8284925186658,6.11488868473419e-18,6.28347996598562e-17
"ENSG00000116679",-0.710702935379231,7.36868278190337,86.7615386490974,6.27088779842291e-18,6.44014157412286e-17
"ENSG00000112742",-0.998342694321304,4.98771950340055,86.740987668263,6.31957070430887e-18,6.48647584480642e-17
"ENSG00000151292",0.66004138665588,5.29889659899838,86.7250339118616,6.35762588540862e-18,6.52185558961151e-17
"ENSG00000247121",1.08065681059976,0.31325217186003,86.7177605108269,6.37505203475471e-18,6.53604545705291e-17
"ENSG00000132003",-1.16539534794503,3.21797859827215,86.6682628154559,6.49492813296294e-18,6.65519734548338e-17
"ENSG00000198961",0.750539150930664,7.020298554317,86.6171896376911,6.62100286569499e-18,6.78056306989079e-17
"ENSG00000149926",2.05129867774922,1.0003342279329,86.6148437615786,6.62685259424383e-18,6.78273466427162e-17
"ENSG00000115461",2.07826483293922,10.4215571023867,86.5964073763773,6.6730077341845e-18,6.82613412088569e-17
"ENSG00000134970",0.761891689981383,6.6679030640083,86.5052132389125,6.9061217266709e-18,7.06062630492919e-17
"ENSG00000277639",-2.27504839337433,1.49277731019361,86.4918757968962,6.94089694583983e-18,7.09219290173792e-17
"ENSG00000134748",-0.56026733485036,6.09134733512175,86.4446503215832,7.0654551523704e-18,7.21541259468348e-17
"ENSG00000259070",-2.32894698561075,0.859492201652434,86.4304203276674,7.10342708786793e-18,7.25011963379023e-17
"ENSG00000090863",-0.636352910432454,7.78108763973287,86.3820178666006,7.2341332260067e-18,7.37938390996129e-17
"ENSG00000179348",2.30816499787927,3.94801332729917,86.3791909762689,7.2418414845877e-18,7.3831061054754e-17
"ENSG00000162738",-1.81095099326655,6.11178444431013,86.3747530972709,7.25395923378077e-18,7.39131711731118e-17
"ENSG00000183780",-2.86614326466858,2.1915379716049,86.3539892583243,7.31092760273252e-18,7.4451932384378e-17
"ENSG00000149476",0.734945083824718,5.39613718145923,86.3124961180124,7.42612453570364e-18,7.55827381395511e-17
"ENSG00000112183",2.942948205806,3.11129502461553,86.308242744957,7.43803605562737e-18,7.56616329864377e-17
"ENSG00000171811",2.60072170981423,-0.129040774330344,86.2946780233521,7.47615272054927e-18,7.60068561662103e-17
"ENSG00000139890",1.38284421459361,0.494944975392594,86.2254687729302,7.67371729831264e-18,7.7971826939503e-17
"ENSG00000164167",-0.610348531176934,3.74170876309494,86.2005088063707,7.74625234868639e-18,7.8664901015024e-17
"ENSG00000182240",-1.28293980940779,6.80992960706235,86.1659233062868,7.84790371038362e-18,7.96527191319516e-17
"ENSG00000135482",0.555413440908221,2.9826902320577,86.1514433473042,7.89086062807571e-18,8.00440452333748e-17
"ENSG00000214106",0.959569664098073,2.88812687557619,86.1462821004885,7.90622946302236e-18,8.01552405091698e-17
"ENSG00000100242",-0.955109727410708,6.46959580048992,86.139189869712,7.92739749896151e-18,8.03250728195609e-17
"ENSG00000175793",-1.87860362834692,6.5072366683127,86.0747996556394,8.12221522063369e-18,8.2253257479335e-17
"ENSG00000173457",-1.05587821232936,6.62678975426478,86.0663939843701,8.14800094987985e-18,8.24684703819781e-17
"ENSG00000253106",1.13638900454185,2.10562814158883,86.0426014969434,8.22143648880522e-18,8.31654543150108e-17
"ENSG00000170390",-1.348735358125,3.0794684546629,86.0128935643632,8.31406756608821e-18,8.40557314574832e-17
"ENSG00000133818",-1.21770875552394,4.24070196570394,85.9560264339058,8.4943279290213e-18,8.5824262096635e-17
"ENSG00000132688",-1.76479914470074,7.04805526543172,85.9547456704875,8.49843281482514e-18,8.5824262096635e-17
"ENSG00000119862",-0.929732809471163,4.8924472468603,85.8977861815135,8.68302641085533e-18,8.76397804443045e-17
"ENSG00000145979",-0.797201513380683,4.70034301522869,85.8607905565709,8.80508159897096e-18,8.88224204781386e-17
"ENSG00000106683",-0.752656593478889,6.07087734659222,85.8323029995706,8.9002447693123e-18,8.97326229846187e-17
"ENSG00000179593",2.72053324606633,3.93167199321417,85.7859781017362,9.05721319394512e-18,9.12645947764398e-17
"ENSG00000183935",2.04228384673841,3.91686579988986,85.7590843860001,9.14961798932042e-18,9.21446578016388e-17
"ENSG00000244468",4.7772163761108,5.0930119670749,85.7174604419709,9.29451233220482e-18,9.35520698938248e-17
"ENSG00000123473",-0.858418611699186,5.00856127075962,85.6979429371779,9.36324793489248e-18,9.41917884069825e-17
"ENSG00000116670",-0.889866102417619,5.23678010283635,85.6838829288892,9.41308100473064e-18,9.46407503117971e-17
"ENSG00000142405",1.71413522852163,-0.372805938307346,85.6748508517953,9.44523448455256e-18,9.49115606657691e-17
"ENSG00000110880",-0.633655676704336,7.16380250575233,85.6710752743745,9.45870803785098e-18,9.49944681349716e-17
"ENSG00000078070",-0.852757936732853,5.35154405327697,85.5680137705696,9.83407371098907e-18,9.87097862337026e-17
"ENSG00000108443",1.03314902408749,5.88092402783135,85.5000086780767,1.00899483570801e-17,1.01222272872903e-16
"ENSG00000013561",0.580181582264866,6.0816355882401,85.4713578662725,1.01997492173153e-17,1.02264967719014e-16
"ENSG00000124155",0.798554411450992,7.92483272434096,85.4699616685845,1.02051306581268e-17,1.02264967719014e-16
"ENSG00000119938",2.33722711468148,4.11029743137822,85.4653412065361,1.02229599760144e-17,1.02387222491052e-16
"ENSG00000058085",-2.34684860267431,6.74345643944904,85.4620525763307,1.0235669183614e-17,1.0245809087043e-16
"ENSG00000167641",-1.65519340872301,1.37018766769423,85.389057638515,1.05219022920378e-17,1.05265323920563e-16
"ENSG00000168280",1.96981194266535,4.4844312991407,85.3833054699101,1.05447982530681e-17,1.0543638846993e-16
"ENSG00000151287",-0.970329315686811,2.8267225751873,85.3506887540735,1.06755792035727e-17,1.06685403601417e-16
"ENSG00000255337",-1.19328797737091,-0.399087977754067,85.3438238786596,1.07033124517582e-17,1.06899813095597e-16
"ENSG00000108587",0.633263611932511,6.16591355389866,85.3424703067305,1.07087892819539e-17,1.06899813095597e-16
"ENSG00000215271",0.732736359943489,4.65820098516549,85.3126486312413,1.08301733775903e-17,1.08052217987719e-16
"ENSG00000155966",-2.0400738612226,1.37760508533068,85.2884944987932,1.09295048026874e-17,1.08983461267148e-16
"ENSG00000180530",1.40576788455848,6.63792692296476,85.2619899414334,1.10395594132026e-17,1.1002055156566e-16
"ENSG00000124831",0.703663409495585,7.33929919870762,85.2519785076708,1.10814199093409e-17,1.10377253730061e-16
"ENSG00000164902",0.500251116074778,5.48996013415847,85.236554823413,1.11462238854672e-17,1.10961970459156e-16
"ENSG00000057608",-0.66842847640119,8.82790303137156,85.2138649673187,1.12422524690294e-17,1.1185672204962e-16
"ENSG00000272622",2.18324735987761,2.11429545254092,85.1929686293499,1.13314281549198e-17,1.12682348431756e-16
"ENSG00000092330",0.520448954354033,5.80178949651018,85.1857225871223,1.13625170750312e-17,1.12929759869217e-16
"ENSG00000196169",-2.63893204366358,1.08217404080395,85.1800845586933,1.13867663362184e-17,1.13108960198329e-16
"ENSG00000242516",-2.12233359494308,1.90343559994161,85.1591920089565,1.14770813609972e-17,1.13943862332869e-16
"ENSG00000144395",-1.073972818195,1.80867231007832,85.0893232488541,1.17843918718407e-17,1.16930998016933e-16
"ENSG00000014641",-0.554873635612503,7.3566589983006,85.0352832267449,1.20277605449696e-17,1.19255736837432e-16
"ENSG00000115295",-1.42940818986955,4.4295769413688,85.0343968191997,1.20317944302116e-17,1.19255736837432e-16
"ENSG00000197774",1.21233225029947,3.60019580289307,85.0244063593473,1.20773536880435e-17,1.19642107232099e-16
"ENSG00000244119",1.39306710370237,-0.0572004124165571,85.009900711615,1.2143813233192e-17,1.20234989159116e-16
"ENSG00000102452",-2.07915721070613,2.40953624786065,84.9755543166644,1.23026496776051e-17,1.21735597922914e-16
"ENSG00000139146",-1.21729719965273,6.23828796159086,84.9742415368825,1.23087620728084e-17,1.21735597922914e-16
"ENSG00000176058",1.04796158755195,4.80537349248107,84.9620015069302,1.23659000751549e-17,1.22234234003759e-16
"ENSG00000173175",2.73475006606399,4.0278303656379,84.9092451548892,1.26152496049983e-17,1.24631265516409e-16
"ENSG00000152953",2.43791573913304,3.2115993487034,84.9058566827603,1.26314371790877e-17,1.24723441592425e-16
"ENSG00000186666",0.627544852123052,2.46100838675066,84.8605264798823,1.28500156844683e-17,1.26812851475371e-16
"ENSG00000121957",-0.897492087921542,5.15977195139422,84.8447926913231,1.29267709347219e-17,1.27501144121867e-16
"ENSG00000171621",-0.945645227490488,5.44474614964754,84.8422762486959,1.29390898790156e-17,1.27553477896767e-16
"ENSG00000165821",1.34392645228397,4.11387202390667,84.7911259955948,1.31920712554393e-17,1.2997691873994e-16
"ENSG00000168539",-2.90605119853371,2.30215212863445,84.7838195040601,1.32286128575172e-17,1.30266383677598e-16
"ENSG00000261170",-1.23729961323526,-1.2929534913614,84.7437575365175,1.34307942556593e-17,1.32185760780266e-16
"ENSG00000137710",-0.82821695355087,6.39632256275619,84.6562493426497,1.38833256623785e-17,1.36565671794127e-16
"ENSG00000115257",1.62665760564684,1.4896089373003,84.6544145545009,1.38929766765477e-17,1.3658673502327e-16
"ENSG00000139990",0.587165497672558,6.11591272322566,84.6348442686259,1.3996338471165e-17,1.37528581368746e-16
"ENSG00000226445",-1.30967618912355,1.17750980929972,84.5196600860513,1.46205973536397e-17,1.43585002520518e-16
"ENSG00000117419",-0.640036949156544,6.0840669569455,84.4761791734885,1.48634824214212e-17,1.45891537118623e-16
"ENSG00000079931",-1.6697048417199,4.45253935321108,84.4476269460375,1.5025184346511e-17,1.47399165530929e-16
"ENSG00000076706",-0.95477537591983,6.90908179216802,84.4384631316306,1.50774575041371e-17,1.47832235625469e-16
"ENSG00000132128",-0.529445979118688,6.77697908385289,84.3942040029639,1.53325178710012e-17,1.50252066291902e-16
"ENSG00000153879",-0.720531306800985,6.39640604063886,84.372194475197,1.54609713749291e-17,1.51429266218207e-16
"ENSG00000253955",2.22526725643367,0.375667697436509,84.3538279773447,1.55689932995839e-17,1.5240519382822e-16
"ENSG00000134480",0.593472338955272,4.29150028010946,84.2851546008536,1.59796790149848e-17,1.56341259776516e-16
"ENSG00000235961",-2.2343415676103,0.257525444244098,84.2508368474622,1.61889840788024e-17,1.5830389377702e-16
"ENSG00000198689",-0.985209564034319,4.29154901978456,84.2426491697732,1.623932803796e-17,1.58710853495119e-16
"ENSG00000273203",-1.94572249222179,1.10515490307122,84.2389151976239,1.62623396641612e-17,1.58850394098692e-16
"ENSG00000211455",-1.27702354929943,6.61055183949179,84.2343303749385,1.62906398603906e-17,1.59041415878038e-16
"ENSG00000161956",-0.645244266238741,3.3607105393996,84.1935908523055,1.65442988784039e-17,1.61431173819962e-16
"ENSG00000186952",1.85538204377576,0.17431977956965,84.1782190909569,1.66410404791567e-17,1.62288066613888e-16
"ENSG00000116455",-0.606507307897538,4.6015682596065,84.1247782608633,1.69818282945647e-17,1.65522772251631e-16
"ENSG00000135127",1.12601808762757,4.64312209986275,84.0744913564695,1.73089276292252e-17,1.68620661874852e-16
"ENSG00000103121",-0.724768460729072,3.86425337928891,84.0416070150188,1.7526257070876e-17,1.70646447326067e-16
"ENSG00000287051",-2.1228842313832,0.234320029708125,83.9444155990741,1.81848029590267e-17,1.76963721893407e-16
"ENSG00000197321",-0.983373130190595,6.6414663263349,83.9365228655833,1.82393652052959e-17,1.77399772381776e-16
"ENSG00000124177",0.786729740375158,6.57920069430284,83.9261017193219,1.83116592152882e-17,1.78007727315693e-16
"ENSG00000075461",2.66629671515609,6.25904254187822,83.9201241606416,1.83532572926428e-17,1.78316796815485e-16
"ENSG00000253582",-1.19840592523161,-1.23901527786439,83.9077198789925,1.84398834343109e-17,1.79062786921114e-16
"ENSG00000187164",0.809657639231157,6.4867758881247,83.9047338061593,1.84607983642544e-17,1.7917022446588e-16
"ENSG00000272870",-0.99823677749341,1.0728895938797,83.8669755564247,1.87273356444338e-17,1.8166014970718e-16
"ENSG00000006016",-2.82200845517609,3.66213785906945,83.8646884131591,1.87436047659819e-17,1.81721046633091e-16
"ENSG00000115761",-0.609681276781361,5.35294832940615,83.7794216439458,1.93604097053264e-17,1.87601029153158e-16
"ENSG00000087095",0.742189936283762,5.1704769096306,83.7756835975851,1.93879135126322e-17,1.87767503177718e-16
"ENSG00000185621",0.772717115519584,3.94774237741892,83.7291669188048,1.97334874724466e-17,1.91012597205353e-16
"ENSG00000091127",-0.75907157739815,5.30741070675373,83.7257399263884,1.97591909914422e-17,1.91159662634229e-16
"ENSG00000115604",-1.17758282429607,1.90689817564533,83.707420095042,1.98971690914463e-17,1.92392191087308e-16
"ENSG00000260228",2.10191616743564,1.36505375209361,83.590966618891,2.07972574199365e-17,2.00988585522745e-16
"ENSG00000174233",0.864308511909471,5.85254949163044,83.5485553663086,2.11351646563363e-17,2.04145711507937e-16
"ENSG00000110063",-0.701566667024729,4.92212971355744,83.5246875043286,2.13277578926104e-17,2.05896635111888e-16
"ENSG00000151715",2.206881554099,3.16218902098187,83.5082255108633,2.14616222180588e-17,2.07079037083317e-16
"ENSG00000213694",1.34886351664826,5.67404185202467,83.5029380581118,2.1504797786632e-17,2.07385610892504e-16
"ENSG00000180616",2.48282074242223,4.32049829147937,83.5001002725285,2.15280062941858e-17,2.07499405659063e-16
"ENSG00000008323",-1.33640521597719,4.40329622807372,83.4208931685302,2.2186082542873e-17,2.13729062123821e-16
"ENSG00000161999",0.694382065446025,4.02742633109856,83.4170171970815,2.2218800849827e-17,2.13930942221627e-16
"ENSG00000157181",0.699109156874897,5.74112432818129,83.4054572959428,2.23166708312742e-17,2.14759581523394e-16
"ENSG00000224389",2.62315507530315,5.30676565369271,83.3950839534118,2.24048649684697e-17,2.15494280299591e-16
"ENSG00000136717",-1.32130279276186,4.55282729239546,83.3595426745738,2.2709710050134e-17,2.18310891327609e-16
"ENSG00000122008",0.768198089673334,4.20854778288794,83.3458984193319,2.28278475345748e-17,2.19330634420943e-16
"ENSG00000126903",-0.772455020645392,5.23588043424979,83.3092573677993,2.31481759182426e-17,2.2229093115153e-16
"ENSG00000128595",-0.766559056025939,8.54860148275967,83.2557020253538,2.36245460470016e-17,2.26745774935549e-16
"ENSG00000138780",0.950675466101094,4.30441786838754,83.1918597936306,2.42053500819847e-17,2.32197735913047e-16
"ENSG00000158055",-1.90306679021202,2.8152349564486,83.1838564073575,2.42791691568995e-17,2.32777698818796e-16
"ENSG00000085415",-0.697026523964649,5.82092057808792,83.1812117519962,2.43036119417238e-17,2.32777698818796e-16
"ENSG00000156564",2.52414607508138,-0.0716999982792833,83.1811477989691,2.4304203323999e-17,2.32777698818796e-16
"ENSG00000185761",1.82315554495887,1.41438034627394,83.1459627725475,2.46317736831353e-17,2.35790894604665e-16
"ENSG00000130202",0.870178341637022,7.56887249853432,83.1056915653031,2.50121630291588e-17,2.39306271001757e-16
"ENSG00000148672",0.679053426963233,7.5487810395286,83.0794350124295,2.52633584218956e-17,2.4158252522473e-16
"ENSG00000275223",1.49700218105137,-0.669819144123707,83.0550092481528,2.5499321940453e-17,2.43710807910121e-16
"ENSG00000112651",-1.10524548424385,0.728732115371717,83.0104398589896,2.59356232546913e-17,2.47750586006473e-16
"ENSG00000162755",1.60029762347931,3.0827581952152,83.0077195632492,2.59624953589407e-17,2.47877094797068e-16
"ENSG00000140451",-1.21344593003247,2.5155967651154,82.9490926064575,2.65485054850938e-17,2.5333904394695e-16
"ENSG00000168453",-1.81626619688615,5.05264013369149,82.9462215252148,2.65775437117631e-17,2.53483148940507e-16
"ENSG00000119771",-1.4350523830948,2.27058025961612,82.9213595599694,2.68303416350472e-17,2.55760091015849e-16
"ENSG00000148341",0.811198939320968,6.2890892846421,82.9169273131435,2.6875662941408e-17,2.56037702672622e-16
"ENSG00000149534",2.07474820631375,0.928878427131041,82.9157593256018,2.68876188753414e-17,2.56037702672622e-16
"ENSG00000110400",-1.11994596064775,6.41111584659481,82.8537177063305,2.75304672014158e-17,2.62022049952564e-16
"ENSG00000185269",-2.74358006946923,1.21908757470564,82.838700456034,2.76883850162125e-17,2.63387210604013e-16
"ENSG00000286451",1.30492198418193,2.97963468384318,82.8326223211392,2.77525605620861e-17,2.6385968191491e-16
"ENSG00000167912",-1.84689449096737,0.150174497433098,82.8262050018932,2.7820480120518e-17,2.64367237425278e-16
"ENSG00000031081",-0.753845712596304,5.38782013022155,82.8036711956345,2.80603033518346e-17,2.66506943792777e-16
"ENSG00000071537",0.787923052813105,7.44680090118391,82.7678241034231,2.84461204104074e-17,2.70030291244515e-16
"ENSG00000113389",-2.27272780653479,4.82291509261945,82.7439459436585,2.8706081113239e-17,2.72355870259567e-16
"ENSG00000075340",-2.23169468092043,3.72548387074494,82.7208217383165,2.89601164005195e-17,2.74622834771975e-16
"ENSG00000205250",-0.546048724232469,5.68589129306429,82.70151449489,2.91739552107282e-17,2.76506460329716e-16
"ENSG00000158560",-1.89711055465268,2.06894843748923,82.6710510242543,2.95145979267727e-17,2.79589326610491e-16
"ENSG00000160072",-1.02731697660783,4.26162425545564,82.6551361666199,2.96941497972066e-17,2.81143777465692e-16
"ENSG00000140403",1.15407329001613,6.06102824305542,82.6130821104448,3.01739227828158e-17,2.85537621006167e-16
"ENSG00000159166",-1.67375525867509,6.1674074898646,82.6006042159283,3.03177745315713e-17,2.86679728283228e-16
"ENSG00000166401",-0.98748668132602,3.61128646609775,82.5998805980253,3.03261379600248e-17,2.86679728283228e-16
"ENSG00000140632",0.543301977324356,6.99665277344917,82.5902108241028,3.04381227206139e-17,2.87588870671442e-16
"ENSG00000158683",1.40726759292072,0.546744293484224,82.5731237445343,3.06370268794763e-17,2.89317884155719e-16
"ENSG00000156398",1.25890151464672,4.95639752603058,82.4881413468921,3.16459134060591e-17,2.98690126118009e-16
"ENSG00000139292",-3.42772373128679,2.798618995995,82.4723846693853,3.18366210647176e-17,3.00334265521309e-16
"ENSG00000125378",2.11696606418263,3.44253323494568,82.4534644768737,3.20671493426869e-17,3.02352157721508e-16
"ENSG00000115902",1.12780850685598,6.68215337995163,82.4490679492057,3.21209582473737e-17,3.02702584768514e-16
"ENSG00000079819",-1.13400780131339,6.39273587247303,82.4127533636909,3.25689065340319e-17,3.06765029539602e-16
"ENSG00000251669",0.723308425805054,2.13065293366777,82.3201039630578,3.37405016392899e-17,3.17635736964495e-16
"ENSG00000187123",2.08517111196972,3.65251855085929,82.298005244934,3.40261709033888e-17,3.20159335949734e-16
"ENSG00000241158",-2.19331413120289,-0.432143761525821,82.2885299719754,3.41494031407099e-17,3.21152711645932e-16
"ENSG00000138175",0.781474023472502,5.26373771738147,82.2751587041602,3.43240713187802e-17,3.22628531858385e-16
"ENSG00000125821",-0.891194761417079,3.83108910879164,82.2714861129895,3.43722036671042e-17,3.22914070401493e-16
"ENSG00000025293",0.633026525940156,6.46585603705951,82.2637524872034,3.44737818757853e-17,3.23701158883212e-16
"ENSG00000115355",-1.21119804601054,5.5026765863165,82.2611876596755,3.45075366885629e-17,3.2385091707512e-16
"ENSG00000004455",-0.604947381216628,7.33112266018622,82.2375600705067,3.48200629325472e-17,3.26615422700964e-16
"ENSG00000151692",-1.00794802549852,5.12012377348527,82.2050664773369,3.52545278389455e-17,3.30520284708629e-16
"ENSG00000188185",0.98153677314101,2.14886673032133,82.2013752707185,3.53042266173969e-17,3.30815700008869e-16
"ENSG00000139722",-0.78367726520528,4.88147585202738,82.1576814310782,3.58979196176445e-17,3.36205644699134e-16
"ENSG00000160179",1.1199335867047,5.65620028751026,82.122491784884,3.63833718903744e-17,3.40576823439079e-16
"ENSG00000100092",-1.03675919108296,2.9501060616663,82.1201110648065,3.64164527218552e-17,3.40711132770115e-16
"ENSG00000125508",1.92485756257635,2.14800360490149,82.115959244466,3.64742161037998e-17,3.41076114393784e-16
"ENSG00000030110",-0.697502320716442,4.78138270723129,82.0549042787874,3.73344071925561e-17,3.48928063552134e-16
"ENSG00000169752",-1.6368335626269,-0.539867336715885,82.0536520570881,3.73522619164287e-17,3.48928063552134e-16
"ENSG00000088881",1.48635740457791,4.03535274776454,82.0491339992603,3.74167539530552e-17,3.4935108875676e-16
"ENSG00000169087",-0.605985095256178,3.38835103423517,81.9924484303927,3.8235504841326e-17,3.56812397154458e-16
"ENSG00000121753",1.75958709241407,4.52723157416454,81.9672810615837,3.86047828119483e-17,3.5990038197701e-16
"ENSG00000249459",-1.21010145776963,1.65175668081818,81.9671995630301,3.86059844533289e-17,3.5990038197701e-16
"ENSG00000165028",-1.08081604956741,1.53722113724506,81.9061481377786,3.95168255924674e-17,3.68202881083912e-16
"ENSG00000057757",-0.578312210663527,5.78760081298048,81.9018615062379,3.95815870909152e-17,3.68617463394555e-16
"ENSG00000100601",0.573077166439202,3.63777773630498,81.8740024276549,4.00050915074954e-17,3.72370831288806e-16
"ENSG00000175084",-3.21218578630124,1.8459158304677,81.8487161227974,4.03934395755812e-17,3.75793288491391e-16
"ENSG00000167925",0.980401458793375,4.90717159614647,81.8138170166739,4.09356724717289e-17,3.80643154864931e-16
"ENSG00000198353",1.41555232266606,3.0939575941653,81.8087099835114,4.10156344607986e-17,3.81191803563109e-16
"ENSG00000088836",-2.06610157706145,3.84878632480426,81.7290917487863,4.22827979539857e-17,3.92767890289629e-16
"ENSG00000074621",0.79895851427518,4.02509478955221,81.7219121500418,4.23989871434237e-17,3.93646134846652e-16
"ENSG00000198585",0.745690940724346,5.42979870594615,81.7151345741779,4.25089656519112e-17,3.94465850651511e-16
"ENSG00000197763",-0.791079789204101,3.85581778306555,81.6585189506908,4.3438966215972e-17,4.02890320008209e-16
"ENSG00000133142",0.953414550797624,6.87556130229208,81.6428716458472,4.36995973213631e-17,4.05101058145236e-16
"ENSG00000147852",-1.40368932182107,4.31451603480539,81.6409923289674,4.37310062410303e-17,4.05185706322904e-16
"ENSG00000168672",1.08709355154575,7.25038589484528,81.6013148164289,4.43994733561566e-17,4.11169868330844e-16
"ENSG00000136828",0.865969647673647,4.05964578614252,81.5350271827533,4.5539319510874e-17,4.21511014383601e-16
"ENSG00000152464",-0.752823969964508,3.63054359031781,81.511680205222,4.59477691544264e-17,4.2507529266567e-16
"ENSG00000052850",-2.95228682738013,1.90271230597877,81.490325608778,4.63245961203449e-17,4.28343545621166e-16
"ENSG00000111647",0.70979478103696,5.16496144851327,81.4886330539164,4.6354596174358e-17,4.28403147977248e-16
"ENSG00000158006",0.712273952612798,4.74519153737079,81.4384831542706,4.72524333211086e-17,4.36479053958519e-16
"ENSG00000269516",2.66991304002232,1.85216971556634,81.4163045168533,4.76550710033565e-17,4.39974838278705e-16
"ENSG00000228956",-2.09442843537472,0.824547315125876,81.3997199111674,4.79584118110567e-17,4.42550783368594e-16
"ENSG00000119772",-0.683110463813791,6.01894747889801,81.3954270659103,4.80372467899002e-17,4.43053470899952e-16
"ENSG00000130943",-1.442250463265,-0.549679011326901,81.3577710185725,4.8734396632785e-17,4.49255552943282e-16
"ENSG00000134909",1.11564489687637,6.6825457055884,81.330020313003,4.92546836430786e-17,4.53821776139976e-16
"ENSG00000196502",1.18253599971591,3.73892462256473,81.3236057279603,4.93757428679552e-17,4.5470684115563e-16
"ENSG00000175832",-1.9545517418848,4.08235352749227,81.2625029480779,5.05440508301526e-17,4.65230362600615e-16
"ENSG00000157259",0.570713586760505,5.45502654815364,81.2557054099928,5.06757332228323e-17,4.66206492593259e-16
"ENSG00000198648",1.03918015238336,5.64407971411159,81.1565033222991,5.26373173836661e-17,4.84007850644145e-16
"ENSG00000005187",-1.48707966043619,2.05877353054504,81.1511866377471,5.27445831546142e-17,4.84749104808551e-16
"ENSG00000263934",-3.17702554515049,3.00239952411042,81.0862622800119,5.40723681297613e-17,4.96701127042474e-16
"ENSG00000218418",-1.00098288843057,-0.62951500301353,81.0606382560184,5.46056410664493e-17,5.01346491527804e-16
"ENSG00000125878",-1.96769322070818,-0.31270693972925,81.0474358267422,5.48824693033657e-17,5.03633880771753e-16
"ENSG00000162852",0.644893036705447,5.58052442449898,81.0247012789105,5.53624870777242e-17,5.07782609666993e-16
"ENSG00000137285",-2.85438572485289,3.72172245249469,81.0228635214647,5.54014739525624e-17,5.0788407673851e-16
"ENSG00000183474",0.782975367914552,2.10962104748326,80.9144703488691,5.7750614870058e-17,5.29152737156985e-16
"ENSG00000101019",0.81839483691857,5.50499656457979,80.7423580115007,6.1688842079559e-17,5.64953000877653e-16
"ENSG00000103257",-1.5063094167159,7.99726425435956,80.7219376424335,6.2173718729691e-17,5.69009403337236e-16
"ENSG00000196218",-2.07495219196574,3.7996809953606,80.7204685141358,6.22087506288967e-17,5.69009403337236e-16
"ENSG00000071564",-0.754285570133422,6.65369820736703,80.7197610710529,6.22256269649089e-17,5.69009403337236e-16
"ENSG00000129465",1.40801024336929,2.22571514383251,80.7022390870791,6.26450970618898e-17,5.72557299176709e-16
"ENSG00000153140",0.631119893417617,4.03613744994512,80.6878913251161,6.29906996313906e-17,5.75426843242457e-16
"ENSG00000145990",-1.15624482643748,4.40174506396194,80.6850770821894,6.30587130471051e-17,5.75758972339733e-16
"ENSG00000141699",0.581547432579853,6.6900612555515,80.6829348056793,6.31105362946135e-17,5.75943017624903e-16
"ENSG00000126261",-0.651882654642099,7.31823594362016,80.6544921235088,6.38026692866929e-17,5.81967376623054e-16
"ENSG00000066777",0.856731027198336,7.45202422675751,80.618595419891,6.46871264297951e-17,5.89739075441159e-16
"ENSG00000234602",2.69719660161713,0.779803817209544,80.60725452318,6.49691158777485e-17,5.92013166124493e-16
"ENSG00000198919",0.830074391440806,4.71570097593945,80.5882975650484,6.54432474977175e-17,5.96034945161986e-16
"ENSG00000181333",-3.19185507244214,1.37949766873108,80.5621853930337,6.61020555890089e-17,6.01733827353801e-16
"ENSG00000112299",-2.11585766576269,2.09902714916733,80.5181290242996,6.72287889464949e-17,6.11684448903877e-16
"ENSG00000170634",-0.760243115448081,3.41935506833332,80.5137812763663,6.73410262321219e-17,6.12399292554916e-16
"ENSG00000149554",-0.870134126008482,4.95299437523757,80.4953433971928,6.78191040255995e-17,6.16438712652475e-16
"ENSG00000006453",-0.81336196051042,5.35774610464575,80.4833174136387,6.81327694658589e-17,6.18980425097423e-16
"ENSG00000119723",0.613113628189354,2.56834700173064,80.4586164673537,6.87816222696321e-17,6.24563228077918e-16
"ENSG00000046604",-0.985116554980703,7.86493732409325,80.4263108566952,6.96396492464354e-17,6.32038892462159e-16
"ENSG00000164309",1.70721838382696,4.70988870449607,80.3822876491604,7.08262928169144e-17,6.42488086660368e-16
"ENSG00000106665",-0.969008050674286,4.71846651097875,80.3760410220744,7.09963140313152e-17,6.43709351745544e-16
"ENSG00000112149",-1.03827379389907,4.79511839350214,80.3729289311517,7.10811726912417e-17,6.44157632739564e-16
"ENSG00000279382",1.12646717139654,0.987830267813282,80.3704339648347,7.11492778095399e-17,6.44453717529836e-16
"ENSG00000244617",-1.36472541132698,0.84568317529333,80.3633964394516,7.13417359200576e-17,6.45875307572926e-16
"ENSG00000180481",1.46917149418655,0.430219016946213,80.3445005376795,7.18610906316371e-17,6.50253490750356e-16
"ENSG00000213853",1.04634621264288,7.83150661567848,80.304129308575,7.29835041147116e-17,6.60081537960405e-16
"ENSG00000136111",-0.89673954850701,5.87281714405995,80.2994756181478,7.31140184832807e-17,6.6093328438067e-16
"ENSG00000115828",-1.85672744797143,4.59192641813801,80.2716314005054,7.38998501426294e-17,6.67705153698034e-16
"ENSG00000170921",1.34449982385756,6.44879200729761,80.25253403265,7.44437423113705e-17,6.72285394815892e-16
"ENSG00000250539",1.07010618154426,-0.509850692157519,80.2489738499416,7.45455815903335e-17,6.72870986583119e-16
"ENSG00000102024",-1.04912128778849,7.3461812439284,80.2359648401361,7.49189010472467e-17,6.75905244170299e-16
"ENSG00000164002",-0.692609578143866,2.36864760184749,80.1643969552681,7.70066526709985e-17,6.94396132265801e-16
"ENSG00000160256",-1.09554228276542,3.79427839856634,80.1355196355085,7.78655709903823e-17,7.01793362325606e-16
"ENSG00000120314",0.538542088221853,4.94754653690799,80.0933057437596,7.9138580289771e-17,7.12913570237917e-16
"ENSG00000186625",-0.647272993533332,4.29336246488261,80.0312551992155,8.10479808920859e-17,7.29752810131316e-16
"ENSG00000154134",-1.36144062766773,2.00633669430757,80.0234450449938,8.12915809789274e-17,7.31584005366022e-16
"ENSG00000103852",-0.904182498801596,3.85966244050964,80.0064143996683,8.18253327724612e-17,7.36023319715887e-16
"ENSG00000170802",-0.713282130718939,4.53056374378062,79.9710825877009,8.29439516721736e-17,7.45716556111465e-16
"ENSG00000244731",2.59055345780692,5.35880464832614,79.959651553089,8.3309153797024e-17,7.48629885998158e-16
"ENSG00000133101",-2.67006042941708,1.54089839640792,79.9445423475682,8.37943560940409e-17,7.52618147475761e-16
"ENSG00000203950",-0.901781113189748,5.83954908478746,79.9332807462754,8.41578525000592e-17,7.55509882167363e-16
"ENSG00000162004",1.79495939901451,2.6231539951022,79.9267741995275,8.43685917793999e-17,7.57028094367896e-16
"ENSG00000198843",0.644170969826209,6.96598110151461,79.8821416015711,8.58286025213662e-17,7.69748827740931e-16
"ENSG00000135828",0.839262767956728,4.19786605926042,79.8474791413674,8.69800253931937e-17,7.79690833835094e-16
"ENSG00000123739",0.78655212393809,5.14689421028194,79.8089620847837,8.82777696638616e-17,7.90934026919367e-16
"ENSG00000132357",-0.963637710914245,3.41941903241013,79.7960127202793,8.87184395974173e-17,7.94490881042751e-16
"ENSG00000156804",-1.42067124317972,7.64107921131877,79.7001850905708,9.20491636818838e-17,8.23912494609303e-16
"ENSG00000139180",-0.792028533900793,3.84024330507762,79.653450056473,9.37190095651778e-17,8.38446308889057e-16
"ENSG00000143870",-0.81708539478811,7.86742051500553,79.6460148347006,9.3987472456584e-17,8.40434684877262e-16
"ENSG00000117480",0.960257860686203,4.598841394927,79.6388223559361,9.42479084245323e-17,8.42349365319604e-16
"ENSG00000117602",-0.758637873269944,5.38899397517104,79.6079151457624,9.53753494097896e-17,8.52007296201008e-16
"ENSG00000124193",0.544306735328364,7.29518147982678,79.603697441007,9.55302547455911e-17,8.52972151847231e-16
"ENSG00000106688",2.69088594230182,5.12143236792937,79.5698593981547,9.67822548401073e-17,8.63727012282567e-16
"ENSG00000197599",1.89179523599626,0.524704711621888,79.5297552745855,9.8287540389409e-17,8.76730644729068e-16
"ENSG00000132603",-0.63527580690039,5.20134732863642,79.487941258619,9.98821500943477e-17,8.90517914664704e-16
"ENSG00000196396",1.3715507549766,7.24029046206024,79.4474001594111,1.01453119582339e-16,9.04081008801359e-16
"ENSG00000176624",-0.643414228812398,5.91396774633568,79.4430833684586,1.01621856184639e-16,9.05141195047119e-16
"ENSG00000159214",0.877029503453697,3.53883526914185,79.3162118736389,1.06709472149205e-16,9.49991130420819e-16
"ENSG00000110195",-3.30937799858048,3.92003113818562,79.2367434615695,1.10026238167323e-16,9.79039735708062e-16
"ENSG00000168140",-1.26452467159709,4.94975834949556,79.2252066470909,1.10516314619558e-16,9.82919672518593e-16
"ENSG00000134452",-0.601045317825718,6.23300036523252,79.094931514424,1.16205463163357e-16,1.03301317889303e-15
"ENSG00000106344",-0.563679350827064,5.54631611586983,79.0741270317332,1.17140962027845e-16,1.04082062401683e-15
"ENSG00000169814",0.720885644592951,5.0518247016858,79.0686923859033,1.17386585861753e-16,1.04249376154959e-15
"ENSG00000285646",-0.940105700994256,-1.10116317503302,79.0024439181455,1.20422825984272e-16,1.06893624158221e-15
"ENSG00000148513",5.09923674633097,4.9182627691968,78.9651881445868,1.2216495796433e-16,1.08387134412451e-15
"ENSG00000197147",-0.81452573353509,5.39198255726865,78.8576447718571,1.27337716706423e-16,1.12921423279202e-15
"ENSG00000112033",-0.708494573922127,5.93604608996888,78.8430199483432,1.28058015623135e-16,1.13504833730681e-15
"ENSG00000132434",-1.26132118808147,5.58510656858683,78.7969746228029,1.30352769741935e-16,1.15482521971082e-15
"ENSG00000176142",-0.51488504552889,5.53744573862528,78.7388219370251,1.33310263984043e-16,1.18045135410992e-15
"ENSG00000130513",2.42770572942574,3.98507195067242,78.7214224361484,1.34208238658807e-16,1.18730261589011e-15
"ENSG00000123728",0.992165393582576,5.94918942199035,78.721300621668,1.34214546858922e-16,1.18730261589011e-15
"ENSG00000228544",1.20404857920324,0.990341936050468,78.6853456176248,1.36089615245086e-16,1.20330477495266e-15
"ENSG00000130402",-0.777283660702939,9.22782286797896,78.6650879598676,1.37157670150369e-16,1.21215923454563e-15
"ENSG00000180822",-0.781161667557525,3.74756033754401,78.6619335993067,1.37324737899248e-16,1.2130463005884e-15
"ENSG00000133067",-2.89775465840978,4.00886276363825,78.6606743460988,1.37391490353343e-16,1.21304680900321e-15
"ENSG00000176619",-0.856445179229965,6.7494278247625,78.6439733427313,1.38279903535446e-16,1.22029834328126e-15
"ENSG00000140527",1.55839243714306,0.779213755859685,78.6362997057561,1.38690043979571e-16,1.22332420945705e-15
"ENSG00000149639",0.73952343554827,7.31045733997774,78.6315819807791,1.38942805465494e-16,1.22495964411362e-15
"ENSG00000091490",-1.25865966304588,5.75572376012032,78.5545945801955,1.43133814629861e-16,1.26129739364724e-15
"ENSG00000150540",0.927561864718732,5.1588395673931,78.5435901796643,1.43743191418334e-16,1.26605383317998e-15
"ENSG00000110092",1.96481014947891,8.99164395952203,78.5276206327166,1.44632172235089e-16,1.27326715808896e-15
"ENSG00000168778",0.784194110423556,4.20764145879781,78.5098542020502,1.45627696233142e-16,1.28141100101035e-15
"ENSG00000163378",-0.771355528403423,4.59564615574606,78.489093373276,1.46799765607288e-16,1.29109967933528e-15
"ENSG00000253552",-1.47478104878663,0.361097093712322,78.4700611767807,1.47882598214191e-16,1.29999453664558e-15
"ENSG00000274104",-0.997199388765772,0.225199255587425,78.4669955176506,1.48057769723603e-16,1.30090565977435e-15
"ENSG00000081692",-0.88332323934897,3.56766214967913,78.4433364602554,1.49416702538774e-16,1.3122119680228e-15
"ENSG00000095002",-0.702270872154955,6.28125552035258,78.4193460818541,1.50807508068786e-16,1.32378714129107e-15
"ENSG00000149403",1.87703517290626,0.839875542463019,78.3985741286072,1.52022269916158e-16,1.33380658236135e-15
"ENSG00000141854",1.51406424222094,3.46478412684986,78.3608820652279,1.54251784451953e-16,1.35271526307238e-15
"ENSG00000111725",0.538309948867061,4.95543002022362,78.326545702783,1.56311491869977e-16,1.37011730801501e-15
"ENSG00000162688",1.29760928050842,6.24223676769259,78.2910582733496,1.58469394045893e-16,1.38836288001286e-15
"ENSG00000111490",1.32052779220336,2.46721446259396,78.2691762920729,1.59814927573594e-16,1.39947708363434e-15
"ENSG00000131507",0.59731278968708,7.25606455433878,78.2032927182173,1.63936098241511e-16,1.43487476170192e-15
"ENSG00000275763",1.59247494507188,-0.874318112031762,78.2001591622036,1.64134757323534e-16,1.43592254266495e-15
"ENSG00000167371",1.43442922876737,2.26996803450937,78.1832074644425,1.65213665427753e-16,1.44466641673076e-15
"ENSG00000273174",-1.36968605755325,-0.674192531361829,78.176855636818,1.65619773088394e-16,1.44752159199025e-15
"ENSG00000112941",-0.688913353852204,5.53977383369093,78.1568487082068,1.66905516840666e-16,1.45805837670415e-15
"ENSG00000106615",-0.598373839116795,6.56264826718607,78.151008565049,1.6728272735926e-16,1.46065206203083e-15
"ENSG00000213397",-1.35463776221932,-0.78989885839017,78.1360309767989,1.68254052183122e-16,1.46842835945616e-15
"ENSG00000100968",1.38761388107377,5.36181123357824,78.1070518243465,1.70149580027253e-16,1.48425926212742e-15
"ENSG00000175455",-0.84027286667653,5.90599938815198,78.1025188423853,1.70448023860748e-16,1.48614988397856e-15
"ENSG00000162882",-1.18515294600034,2.25490249276351,78.0694829373211,1.72639050879699e-16,1.50453237057977e-15
"ENSG00000254285",1.5106823677036,2.16502477502817,78.0255393835429,1.75597576817796e-16,1.52958272373662e-15
"ENSG00000126562",3.17326995061577,4.23472830535959,78.0146657850416,1.76337504474173e-16,1.53529273881104e-15
"ENSG00000172530",-0.571898625574564,4.01164791643633,77.9782701505932,1.78837105645024e-16,1.55631065907737e-15
"ENSG00000107554",1.14703200689155,4.64115156856974,77.9666174096842,1.79644925652949e-16,1.56259297358959e-15
"ENSG00000188488",2.7964827630862,5.92791173506949,77.9627468596093,1.79914062609296e-16,1.56418593247508e-15
"ENSG00000135111",1.66081593513437,6.40914135864676,77.9177899256036,1.83070067562985e-16,1.59086401759941e-15
"ENSG00000164209",0.650386622455662,5.61058542150329,77.912405552699,1.83451777882566e-16,1.5934197402713e-15
"ENSG00000112715",-1.06076164107519,7.18523460189455,77.9085121783775,1.83728287756869e-16,1.59505971251643e-15
"ENSG00000073584",1.03691583172725,3.68042275737269,77.864998496785,1.86847397902994e-16,1.6213647295132e-15
"ENSG00000197956",-1.47895007524049,9.01221187111302,77.7884167347235,1.92467111946962e-16,1.66933325326245e-15
"ENSG00000224531",-0.739542547602929,4.74277270897922,77.7624289123642,1.94412625545962e-16,1.68540363843182e-15
"ENSG00000169247",-1.6969547312713,1.47490802285166,77.7543498709704,1.95021473787974e-16,1.68987640078879e-15
"ENSG00000116815",-0.671717920680191,3.64859551926088,77.7498810473692,1.9535907620571e-16,1.6919956562045e-15
"ENSG00000183421",-1.45234012684041,3.96541466289118,77.73081400949,1.96806150671589e-16,1.70371740524268e-15
"ENSG00000077312",-0.667851245042915,5.89125933058618,77.6964750509449,1.99439586761408e-16,1.72569324643981e-15
"ENSG00000182551",-0.800700333312353,6.2633361336547,77.6614048511186,2.02165779224086e-16,1.74845040063132e-15
"ENSG00000198730",0.612676038210365,6.37024535174868,77.6581908706066,2.02417490694869e-16,1.7497953045429e-15
"ENSG00000198945",-0.790515211133174,3.33205806906904,77.6109728035919,2.06152132526786e-16,1.78123277263524e-15
"ENSG00000170846",0.726865865807033,4.75336520639194,77.6026241630198,2.06819647420678e-16,1.78615182682208e-15
"ENSG00000175544",2.15114376073372,1.85616713557883,77.59085206269,2.07764589309949e-16,1.7934610110913e-15
"ENSG00000101210",3.17654936578559,6.6417501010542,77.5855975345841,2.08187772153676e-16,1.7962614800432e-15
"ENSG00000174130",-1.30418266242088,3.33867383096141,77.5754672825377,2.09006084545531e-16,1.80246688748891e-15
"ENSG00000078246",-0.644908328914268,5.34965329340815,77.5428546243866,2.11662596024708e-16,1.82451151492767e-15
"ENSG00000204052",1.39348649392125,1.21252955102304,77.5213635537521,2.13431765368195e-16,1.83889007509083e-15
"ENSG00000003509",-0.456822322140349,3.78883654111837,77.4951512040597,2.15609791569303e-16,1.85677598913943e-15
"ENSG00000146409",-1.1386433031546,4.35927008061701,77.4841604344167,2.16529687398512e-16,1.86381540672226e-15
"ENSG00000103710",-1.47832959213628,3.33918610195922,77.4692386870509,2.17784931260011e-16,1.87373336317742e-15
"ENSG00000103460",2.71903509198211,4.68628203308712,77.4433128120025,2.19983335225645e-16,1.89175267190735e-15
"ENSG00000163818",0.739440973071654,4.86052580599503,77.4414803845311,2.20139561255324e-16,1.8922014839848e-15
"ENSG00000154856",-1.571129361026,4.69560038420245,77.4368398123929,2.2053569990677e-16,1.8947110580559e-15
"ENSG00000253522",-1.74302745653234,0.98164548846213,77.4080391513828,2.23010368022297e-16,1.91506731519809e-15
"ENSG00000257108",1.69203794219366,0.925347403200216,77.3821689398323,2.25257102168186e-16,1.93261231976407e-15
"ENSG00000167772",-1.97499559087368,4.38081056849601,77.3820669338009,2.25266006042436e-16,1.93261231976407e-15
"ENSG00000104419",-1.60303186509826,9.08895294070835,77.3230096287963,2.30481021026073e-16,1.97642093843575e-15
"ENSG00000162415",1.62774643209671,2.76304317381351,77.2239886296056,2.39499649276778e-16,2.05278964234026e-15
"ENSG00000070081",1.05456780618625,7.29598656942372,77.2192537649537,2.39939696690914e-16,2.05559265351594e-15
"ENSG00000215154",0.63120056963165,1.00146774904221,77.0461410047885,2.5660074056948e-16,2.19729485380306e-15
"ENSG00000169031",-1.85383978128524,0.444308741170232,77.0174688836363,2.59470771899019e-16,2.22082559967029e-15
"ENSG00000167608",1.2540087759387,6.37263474398997,77.0001605578156,2.61218950158116e-16,2.23473671941477e-15
"ENSG00000197905",-1.0654182202365,4.62292827269552,76.99428855452,2.61814729043031e-16,2.23878057914182e-15
"ENSG00000010803",-0.626679644281687,5.52381326673629,76.985677806813,2.62690861910752e-16,2.24521682163193e-15
"ENSG00000261490",-1.31050733833348,1.09844263430557,76.9743962733264,2.63843219091635e-16,2.25400679607264e-15
"ENSG00000261189",-1.3019350539724,1.68339588984862,76.9706046418832,2.64231660194948e-16,2.25626546273508e-15
"ENSG00000162704",-0.57651908983442,7.99946703923442,76.9604651256145,2.65273257785168e-16,2.26409667414201e-15
"ENSG00000126705",-0.704577072692082,5.36096129853645,76.9589554840017,2.65428691740437e-16,2.26436071546673e-15
"ENSG00000144043",-0.499015840497539,6.91839414429857,76.8832094417653,2.7334661529105e-16,2.33081492682307e-15
"ENSG00000058866",-1.28990325133628,0.788080282072273,76.8745628965231,2.74265473947063e-16,2.33755409566503e-15
"ENSG00000161996",0.865492439055365,5.04335610035856,76.8549851917216,2.7635749988303e-16,2.35428112780916e-15
"ENSG00000155850",-1.31088543240605,5.91338817111722,76.8495232456995,2.76944015419513e-16,2.35817310507963e-15
"ENSG00000167491",-0.553522405166822,6.8009968582125,76.8298430489086,2.79067744743988e-16,2.37514466139619e-15
"ENSG00000179010",0.57093405710433,8.29658917902898,76.815056713052,2.80674164260377e-16,2.38769957884366e-15
"ENSG00000214456",2.44830506215471,2.60266605781561,76.7202756026068,2.91195173431289e-16,2.4760438589847e-15
"ENSG00000188725",0.552284593292266,5.91979442129727,76.6582717770523,2.98292070886542e-16,2.53520382489926e-15
"ENSG00000271601",-0.77435284534324,4.50646179693718,76.6536996866701,2.98822240710949e-16,2.53852354696438e-15
"ENSG00000026025",-0.999855103467341,9.17023130277737,76.645879437925,2.99731263239431e-16,2.54505705686217e-15
"ENSG00000259343",1.36278078789545,-0.0828400213426134,76.6419954934758,3.00183767040822e-16,2.54770991831007e-15
"ENSG00000166188",-0.590408235087058,3.53777154145123,76.6285755022223,3.01752588060887e-16,2.5598302573001e-15
"ENSG00000213468",-2.06707456790044,2.7238007020984,76.6241051528023,3.02277013296157e-16,2.56308359805618e-15
"ENSG00000286511",-1.31344696960194,-1.08659813612973,76.5967743618081,3.05503284107205e-16,2.58923286642211e-15
"ENSG00000062598",0.579401874156484,5.93992637781824,76.5790836181091,3.07610080216575e-16,2.6058743078617e-15
"ENSG00000132518",1.63046269517129,-0.719469942252603,76.5770647733646,3.07851434400578e-16,2.60670478998031e-15
"ENSG00000260032",0.663769116170743,9.02207265523106,76.572246028418,3.08428290478832e-16,2.61037400987854e-15
"ENSG00000067955",-0.569983163895775,6.10066741719773,76.524566497461,3.14195121750941e-16,2.65794459274703e-15
"ENSG00000148841",-0.785671888358955,4.74458798362498,76.5141597608941,3.1546819957846e-16,2.66747355366482e-15
"ENSG00000103356",0.600920364185805,5.65745110089671,76.4680857570001,3.2116730956517e-16,2.71440103455916e-15
"ENSG00000183527",-0.846694754187137,5.23045939930777,76.4019601899892,3.29528601125722e-16,2.7837743600904e-15
"ENSG00000130204",-0.824389505535414,6.43294379359747,76.3711063647196,3.3350469224247e-16,2.81605540506316e-15
"ENSG00000140092",-1.43941631083857,5.90336271906221,76.3579635654537,3.35213044929749e-16,2.82916698894769e-15
"ENSG00000112685",1.09188960118939,6.27491792363596,76.3349998209859,3.38219166694164e-16,2.85321438025671e-15
"ENSG00000118513",1.59931130784194,6.03798078055065,76.3231507560071,3.39780911676503e-16,2.86506037161438e-15
"ENSG00000138061",-1.96768228279719,7.28715696835536,76.3218843209847,3.39948261397734e-16,2.86514317808248e-15
"ENSG00000024526",-0.968665979142779,4.54187513234589,76.2213820035963,3.53497352096327e-16,2.97795731353775e-15
"ENSG00000198650",6.35606992486867,5.53939143940048,76.1613946907515,3.61842629221773e-16,3.04684895383593e-15
"ENSG00000197601",0.856903155297045,6.37091176297432,76.1368414590048,3.6531544352153e-16,3.07466787911596e-15
"ENSG00000113318",0.625535274873935,4.68510174865173,76.0895907548867,3.7209344646389e-16,3.13026623694969e-15
"ENSG00000108506",0.879291202575319,4.79784800909535,76.0605721562231,3.76318800580463e-16,3.16434874940243e-15
"ENSG00000119812",-0.56164029825964,6.0348792543331,76.0406968625453,3.79240694810063e-16,3.18744443493781e-15
"ENSG00000205464",0.975278804665586,2.692858927625,75.9831696266376,3.87827420888509e-16,3.25810860559824e-15
"ENSG00000132613",-1.00109679539945,4.4277575569324,75.978281006975,3.88566089727466e-16,3.26280703599406e-15
"ENSG00000082684",-1.55827479787875,2.14347409816939,75.9504828637234,3.92793427775299e-16,3.29678212477025e-15
"ENSG00000099940",0.572191517905584,5.70952463573646,75.9395084222668,3.94475079906969e-16,3.30936935117526e-15
"ENSG00000276045",-0.791059430977993,5.06224811913289,75.9380118101592,3.94704972798573e-16,3.30977134405737e-15
"ENSG00000179715",1.42328058267477,4.04702770138932,75.9346675602568,3.95219167527294e-16,3.31255586128407e-15
"ENSG00000225698",-3.59123128898357,3.60223139081208,75.902259764972,4.00237142912959e-16,3.35306916411833e-15
"ENSG00000157823",0.80366851279574,4.48732471568592,75.8746876599933,4.04556914214606e-16,3.38701133245832e-15
"ENSG00000099810",-0.863497489370153,5.48979870618862,75.8740264989059,4.0466107463338e-16,3.38701133245832e-15
"ENSG00000113194",0.542814068504822,6.61475022392904,75.865547682564,4.05999240719794e-16,3.39664866155088e-15
"ENSG00000164576",0.546387740261504,5.55081625677477,75.8536888325795,4.07878346944378e-16,3.41080063182729e-15
"ENSG00000169598",-0.625075568704999,2.957346180048,75.8505049399755,4.08384345431901e-16,3.41346253433613e-15
"ENSG00000141449",2.04744174048336,3.86834886785579,75.8480639199917,4.08772711853128e-16,3.41513922057175e-15
"ENSG00000250742",1.15125597183827,3.13375993649961,75.8358417272485,4.10722870643748e-16,3.42985655246487e-15
"ENSG00000164329",0.5502901861464,5.5983624362821,75.7656487168198,4.22105824419634e-16,3.52329542659215e-15
"ENSG00000147003",-1.77648306664696,0.369993055259802,75.7431734906359,4.25817370454707e-16,3.55264510726157e-15
"ENSG00000172794",1.40831574192799,2.06659461117304,75.6749256743008,4.3729067741371e-16,3.64669547950507e-15
"ENSG00000135679",0.964852659142039,6.48534496854894,75.6629469617076,4.39336370198097e-16,3.66207603169706e-15
"ENSG00000116885",0.7860079712147,3.40926249155572,75.6393326455862,4.43397464611758e-16,3.69423412109879e-15
"ENSG00000235106",0.666999430143245,4.53005458080309,75.602141193896,4.49870390495792e-16,3.74644810546587e-15
"ENSG00000007541",0.781708413357778,5.50830795847881,75.5842994753442,4.53009356555479e-16,3.770862323584e-15
"ENSG00000117400",-1.03974022401043,0.0258379779965295,75.5578150219407,4.57709642087243e-16,3.80824472565543e-15
"ENSG00000171453",-0.704995459513634,4.8178052357097,75.5455503033765,4.59902930917753e-16,3.82474371629268e-15
"ENSG00000165672",0.662685270782407,7.41639348238083,75.5292798313722,4.62828927578695e-16,3.84731834314502e-15
"ENSG00000179454",0.841367842601579,4.32625167152659,75.5227292607706,4.64012240875086e-16,3.85465694433983e-15
"ENSG00000243155",-1.08021279957146,-0.366659605240321,75.5220472143776,4.64135622833969e-16,3.85465694433983e-15
"ENSG00000244045",0.736586184170457,3.4050836561597,75.5036984286894,4.67467355893987e-16,3.88055512049285e-15
"ENSG00000072310",1.14300152592127,8.00482213649361,75.4830895313278,4.71238237144813e-16,3.91007347499537e-15
"ENSG00000197557",0.9106440576759,4.16804809780199,75.4793456155526,4.7192655905743e-16,3.91399920480462e-15
"ENSG00000245648",-1.99528709845775,0.876495048809406,75.4310883852818,4.80889967039582e-16,3.98652083888601e-15
"ENSG00000117620",0.829417486655743,5.59313844759125,75.424685233782,4.82092132399327e-16,3.99466592440955e-15
"ENSG00000108061",0.73827149465614,6.26879125585263,75.3833611559202,4.89923775672629e-16,4.0577111256529e-15
"ENSG00000279413",-0.877456796548354,0.0263240864049338,75.3273027681016,5.00753293917215e-16,4.14551702765877e-15
"ENSG00000260941",-1.80245209009574,0.201731467967566,75.2838351645176,5.09316370413198e-16,4.21448869202696e-15
"ENSG00000151131",-0.673644851511405,4.11975970228076,75.272186794617,5.11636069241056e-16,4.23175844809292e-15
"ENSG00000169047",1.51263951158964,6.04375975012233,75.2466519615461,5.1675850901063e-16,4.2721835281297e-15
"ENSG00000153989",-0.626617534639468,5.52405876598722,75.1833296463364,5.29685588945816e-16,4.37706564822649e-15
"ENSG00000163803",-1.17126597341367,2.04398994213353,75.1472513779726,5.37196177058873e-16,4.43711356419018e-15
"ENSG00000158008",-2.84679780862973,3.64547311080356,75.0675428200826,5.54172413511118e-16,4.57525549566056e-15
"ENSG00000131051",0.48547804148948,7.98235815621341,75.0546982225455,5.56958210274853e-16,4.5961687515785e-15
"ENSG00000113356",-1.09149379817991,2.61414929769161,75.0400046614297,5.60162338456446e-16,4.62051365616591e-15
"ENSG00000132470",-1.59646709276964,7.58415519204216,75.0081338809348,5.67176212634711e-16,4.67624703327295e-15
"ENSG00000162873",-1.94607156400283,1.56702598182718,74.9889767942944,5.71434696113199e-16,4.70922258853959e-15
"ENSG00000260284",3.25430144543307,1.07182973668637,74.9670178931239,5.76355674450612e-16,4.74644278580922e-15
"ENSG00000179163",0.825325752717029,5.6616419095249,74.9664963703914,5.76473065419649e-16,4.74644278580922e-15
"ENSG00000096093",0.871758340937494,4.33791992403964,74.9610172494287,5.7770783366429e-16,4.75445704917923e-15
"ENSG00000166471",0.728077741026701,5.37288567949788,74.9012825389316,5.91343840908162e-16,4.86447841629925e-15
"ENSG00000260423",-1.67493872681185,-0.136349598302927,74.8765695426125,5.97079704123882e-16,4.90944197947792e-15
"ENSG00000204267",-1.05358910756233,5.60706485789959,74.8533942354601,6.02509632880651e-16,4.95185052093686e-15
"ENSG00000182165",1.12934964827295,2.31524262704834,74.851973844769,6.02844042305934e-16,4.95236108467043e-15
"ENSG00000062716",0.906671813677532,7.78951198126227,74.8094492932178,6.12942945154005e-16,5.0330502421946e-15
"ENSG00000274922",-1.2570146144783,0.781030774855003,74.7819384491563,6.19567033667627e-16,5.08514675466913e-15
"ENSG00000111247",-0.956427213070802,4.53941972861887,74.7335604517185,6.31391097925421e-16,5.17985624224968e-15
"ENSG00000020426",0.617726825355851,3.93455006780425,74.7068479707266,6.38017124829055e-16,5.23185548529795e-15
"ENSG00000104691",0.936027070622775,3.29830143599194,74.6814720372131,6.44376550575716e-16,5.28162266871164e-15
"ENSG00000100003",1.85228059470207,5.09913075151279,74.6130371496891,6.6184736011845e-16,5.42237828190737e-15
"ENSG00000203709",1.98721913041726,2.67544522669692,74.5326101772819,6.8299121022109e-16,5.59308605650661e-15
"ENSG00000233230",-0.965337259989121,-0.837077823084456,74.5202657786222,6.86296249960502e-16,5.61762204963169e-15
"ENSG00000122912",0.693375064328164,4.59991977575121,74.5061078052771,6.90106707291155e-16,5.64627116158863e-15
"ENSG00000109667",-1.09537799145604,2.60325041075084,74.4167372975151,7.14657038560241e-16,5.844506392686e-15
"ENSG00000187522",-0.766378174997684,4.85963146492803,74.391367455228,7.21785353543228e-16,5.90014921808729e-15
"ENSG00000111669",-0.80282090059176,9.18626292248583,74.3897944082518,7.2222969491066e-16,5.90112924125566e-15
"ENSG00000166135",0.530202925040805,6.09625955395203,74.3625774298614,7.2996154002016e-16,5.96162572513995e-15
"ENSG00000167987",0.665300544627255,5.76912697175879,74.2939886101751,7.49818609240926e-16,6.12105065748383e-15
"ENSG00000144452",2.79898902365245,4.81297228296702,74.2682223224296,7.57418135050657e-16,6.18031450888351e-15
"ENSG00000178409",-0.915337207922297,3.87584558069577,74.2593235467165,7.60060748470076e-16,6.19909636465191e-15
"ENSG00000051620",-0.883511869462015,6.87431252791179,74.2269264147166,7.69760296467158e-16,6.27539232279008e-15
"ENSG00000114796",-0.668833111541833,6.16946014914211,74.1909042178892,7.80691788856123e-16,6.36165871671826e-15
"ENSG00000171346",-2.60422342424007,7.21143338381441,74.1842044315396,7.82742140326753e-16,6.37551009774429e-15
"ENSG00000161955",0.921662756693833,2.90630127072487,74.1755574867571,7.85396413062062e-16,6.39426587321969e-15
"ENSG00000107864",0.849106513217925,3.17629719669978,74.1215827175924,8.02170912168846e-16,6.52791255057135e-15
"ENSG00000088543",1.1472068871012,2.73305974320449,74.1181771666148,8.03241338868255e-16,6.53370012134875e-15
"ENSG00000272379",-1.23853661903003,1.18655718769952,74.1159766124137,8.03933778977361e-16,6.53640928566841e-15
"ENSG00000168653",-0.883959923218732,7.25637533798894,74.1027354264115,8.08113058105894e-16,6.56745321752904e-15
"ENSG00000135503",0.641661093624648,5.8205036177168,74.078012908308,8.15974881863416e-16,6.62838372100572e-15
"ENSG00000131966",0.47219606900941,5.867983648558,74.0216834335023,8.34177060046039e-16,6.77321980719524e-15
"ENSG00000262823",2.0294308555776,-0.325111258622173,74.0132092589429,8.36950593838383e-16,6.79270745235721e-15
"ENSG00000123130",-0.807675021947854,5.15932740280539,73.9983538381161,8.41835117352289e-16,6.82930290562151e-15
"ENSG00000130270",1.5222039863643,1.55444461719842,73.9641628969057,8.53186728497275e-16,6.91830593754277e-15
"ENSG00000172869",0.850165315402961,5.54027307828393,73.9281503798982,8.65310058705023e-16,7.01348455781059e-15
"ENSG00000185187",1.04824578486694,5.28244459806474,73.887879839845,8.79072666415209e-16,7.12185908987074e-15
"ENSG00000153922",0.866990196836988,6.22115005816499,73.8768732256031,8.82872477300776e-16,7.14945886783015e-15
"ENSG00000170485",-1.5666708161266,4.141191175319,73.8538859369276,8.90861870494367e-16,7.21094601715689e-15
"ENSG00000157193",-1.1650171495594,4.37106329521699,73.8172149288337,9.03758322353096e-16,7.31208023441197e-15
"ENSG00000266405",-1.08156745551361,-0.279984410385394,73.8119350706446,9.05630580883085e-16,7.32397021125014e-15
"ENSG00000143179",-0.837610011677679,5.91705068761933,73.7454846934309,9.29531216579518e-16,7.51391722984368e-15
"ENSG00000077235",0.586569748025844,7.31044576658958,73.733079371194,9.34063073405761e-16,7.547196436741e-15
"ENSG00000008283",0.872825373526289,7.75488236658283,73.7244930769779,9.3721281952021e-16,7.56928364184439e-15
"ENSG00000171790",-1.32765670889447,-0.398719830723758,73.7007354567049,9.45983849170333e-16,7.63673069183756e-15
"ENSG00000125037",0.576890246247599,6.23724635926882,73.6974245274055,9.47212758091904e-16,7.64325893707877e-15
"ENSG00000112981",2.00673180590385,1.88785757719988,73.6716819011674,9.56822655329287e-16,7.71681147018611e-15
"ENSG00000144476",1.26408803594898,4.83904307202552,73.6707389461378,9.57176527201444e-16,7.71681147018611e-15
"ENSG00000148572",-0.560663197474274,4.78464454628658,73.6451471018732,9.66831181386156e-16,7.79119429643394e-15
"ENSG00000118096",0.770246468579239,4.8258210493128,73.6367572585895,9.700176162436e-16,7.81341027645642e-15
"ENSG00000121005",-2.58723604913494,5.51305432575072,73.6291263796342,9.72924993224268e-16,7.83192557283854e-15
"ENSG00000280088",0.599055016314398,3.092584573688,73.6284648033063,9.73177468364587e-16,7.83192557283854e-15
"ENSG00000278993",-0.838852925159041,-0.687439208980854,73.6137817092839,9.78797962287973e-16,7.87367418756907e-15
"ENSG00000136732",-1.07301344715247,4.43642078344439,73.6028072680631,9.83020196258744e-16,7.90414293967906e-15
"ENSG00000168872",-0.564309633306633,3.66201576153091,73.5878668442561,9.88797810307669e-16,7.94708553861064e-15
"ENSG00000105173",-1.82197010285454,4.37735844144168,73.5743180247998,9.94066875515199e-16,7.98590474022546e-15
"ENSG00000172164",-1.15189214253668,4.35400119315967,73.5687759912471,9.96230293292485e-16,7.99975124697735e-15
"ENSG00000187741",-0.91409123175806,4.36523425976337,73.5606574140034,9.9940807824008e-16,8.02172732878666e-15
"ENSG00000166292",-2.4731940306488,1.7448840208951,73.5443038650837,1.00584027030379e-15,8.06979392866577e-15
"ENSG00000111319",1.79305249066033,6.36295411296487,73.5423079788768,1.00662814662292e-15,8.07255411409953e-15
"ENSG00000204685",-0.559709015265043,2.33821429083924,73.5411776012118,1.00707463930976e-15,8.07257538112206e-15
"ENSG00000166928",1.97535208206774,2.16482115534056,73.5006471781641,1.02321655384583e-15,8.19835360411807e-15
"ENSG00000162650",-0.809994554632401,2.8045333841048,73.4860244825249,1.02910410911185e-15,8.24189587693803e-15
"ENSG00000111321",-0.762901019127523,7.02390218973479,73.4795162885498,1.0317354846925e-15,8.25840359383158e-15
"ENSG00000204380",-1.59104152559639,0.892470756925684,73.4786816836354,1.03207342031995e-15,8.25840359383158e-15
"ENSG00000164241",1.11991255408986,2.45515323266348,73.4720437941132,1.03476511097337e-15,8.27630072048536e-15
"ENSG00000198816",-0.970571197837177,5.06480058079392,73.4668223017249,1.03688741979826e-15,8.28963006210586e-15
"ENSG00000205485",-0.887711790060045,0.821105875214523,73.4224414038276,1.05510443287481e-15,8.43156389504702e-15
"ENSG00000145217",1.10040115829968,1.85740108113515,73.4088318942819,1.06075511875202e-15,8.47299696963625e-15
"ENSG00000177885",0.601105214927816,7.92545433158293,73.3908060036456,1.06828649291549e-15,8.52940945265446e-15
"ENSG00000149257",-0.926561293479927,8.35247911200118,73.3859795673717,1.0703121548832e-15,8.54183302896691e-15
"ENSG00000143942",-0.940233021217353,2.06354265360928,73.3755052382214,1.07472157767278e-15,8.57326142750553e-15
"ENSG00000106462",-0.816536009753435,5.47623401760713,73.3481989765835,1.086303120756e-15,8.66185057444545e-15
"ENSG00000160193",-0.783009839493291,3.96636657089617,73.3294501661078,1.09432793490365e-15,8.72201423314089e-15
"ENSG00000166913",0.528820699797668,9.01570052930062,73.3247559605488,1.09634647487235e-15,8.7342749386677e-15
"ENSG00000164465",-1.04604703061244,4.55146700221414,73.3072397523375,1.1039117585739e-15,8.79069486205867e-15
"ENSG00000127824",-1.47171461011948,6.03230327881441,73.2643107339739,1.12267622759033e-15,8.93493110004411e-15
"ENSG00000145388",0.527242133994685,4.89333627279161,73.2635603572575,1.12300706480651e-15,8.93493110004411e-15
"ENSG00000231439",1.60406327259597,-0.194497267276106,73.2433361833044,1.13196092206228e-15,9.00152890326504e-15
"ENSG00000181751",1.14487745301448,5.26141002391319,73.2420582699119,1.1325291050757e-15,9.00152890326504e-15
"ENSG00000121690",-1.27676386086884,1.40994741988127,73.241309156059,1.1328623080918e-15,9.00152890326504e-15
"ENSG00000182263",-2.14251926102361,3.15323145305728,73.2229425118775,1.14106271464805e-15,9.06272866987721e-15
"ENSG00000092531",0.592805077570514,3.50400663841055,73.2184826312136,1.14306299340092e-15,9.07465286947879e-15
"ENSG00000272463",1.9805288066289,0.803552958709066,73.2136244445502,1.14524593782074e-15,9.08801619419008e-15
"ENSG00000032219",0.617311107907821,4.71991351026416,73.1527362732135,1.17296415560024e-15,9.30391280508383e-15
"ENSG00000151474",-0.880674494125504,4.87865097062708,73.1472500708446,1.17549462820526e-15,9.31991992057425e-15
"ENSG00000148308",-0.70209547993057,6.09845229161579,73.1188669908664,1.18867429514624e-15,9.42030853164265e-15
"ENSG00000196821",-0.540671628764679,7.55535465687293,73.1153882976019,1.19029984072725e-15,9.42908253621395e-15
"ENSG00000229320",-0.740066680448136,3.09944495918607,73.1140602695608,1.19092100098373e-15,9.42989602346196e-15
"ENSG00000135821",0.957631756245793,9.99211179943646,73.0787283329212,1.20756741465901e-15,9.55754401123505e-15
"ENSG00000178951",0.571724038632107,5.77539057493261,73.0607063421289,1.21614851262117e-15,9.62127409636965e-15
"ENSG00000127423",-0.91057087564315,2.93842093790706,73.0590502935095,1.21694011130078e-15,9.6233507584081e-15
"ENSG00000123485",-0.828331878268766,4.82826970510551,73.0317238288686,1.23007755528811e-15,9.72301198417217e-15
"ENSG00000183570",-2.13083372067719,1.71871168185645,72.9910765057151,1.24988416358494e-15,9.87527939499689e-15
"ENSG00000143256",-0.969990236854041,6.03511298081222,72.973157783239,1.25871741628699e-15,9.94075222207025e-15
"ENSG00000133424",1.14020255979419,5.3214472163228,72.9643099221056,1.26310226364947e-15,9.97105207085787e-15
"ENSG00000136938",-0.664346532475886,7.70905342745313,72.9456369668258,1.27240687605382e-15,1.00401458835865e-14
"ENSG00000138606",-1.18487398444479,2.35044680601924,72.9229315330318,1.28381400843296e-15,1.01257628731044e-14
"ENSG00000137154",-0.908293506817144,10.7223508772601,72.9057338273099,1.29252265771117e-15,1.01888313518253e-14
"ENSG00000100522",0.795632935558161,5.02737905954436,72.9049309873901,1.29293065537787e-15,1.01888313518253e-14
"ENSG00000173559",-0.955839551555963,4.32204397427789,72.8677836996672,1.31195134423039e-15,1.03321602391846e-14
"ENSG00000237499",-1.00567937158938,0.597670626018526,72.8671954790487,1.31225479175921e-15,1.03321602391846e-14
"ENSG00000159212",3.14659888309527,5.58998383702365,72.8524385384443,1.31989070960351e-15,1.03877854722062e-14
"ENSG00000205838",1.2926524409759,-0.179526223016517,72.7989421331523,1.34794975193567e-15,1.06040268547604e-14
"ENSG00000168795",-0.65187474121401,5.01378963558212,72.7471730029608,1.3756754120726e-15,1.08174597469851e-14
"ENSG00000172460",1.77555035159178,-0.350374044434391,72.7436661218885,1.3775742341279e-15,1.08277096673804e-14
"ENSG00000164663",-1.11707669791173,3.80513300249097,72.7265504260353,1.38687962305048e-15,1.08961410730204e-14
"ENSG00000253414",2.07973031801086,0.450571589830563,72.7171265424193,1.39203018799709e-15,1.09318847406265e-14
"ENSG00000284024",-0.578429049054319,4.89600076703893,72.713904200577,1.39379576010218e-15,1.09410260184456e-14
"ENSG00000168398",1.04978049044263,3.48666877385401,72.6906079303034,1.40662750398871e-15,1.10369892331952e-14
"ENSG00000168461",1.28248219563459,7.45603711221187,72.6721424827569,1.41688297158243e-15,1.11126638581894e-14
"ENSG00000075218",-0.842227995873222,4.52103696101434,72.6016721867528,1.45671898062874e-15,1.14188907554016e-14
"ENSG00000034152",-0.782535531455761,5.78563252259299,72.6008627305313,1.45718305714137e-15,1.14188907554016e-14
"ENSG00000034510",-0.987889770568562,10.3117601612428,72.5896881734202,1.46360489584347e-15,1.14642746966413e-14
"ENSG00000163472",-1.08265129621198,5.04268422880059,72.5875849576097,1.46481676727499e-15,1.14688279652163e-14
"ENSG00000164916",-0.835446104453175,5.95224407909131,72.5769870272298,1.47093869793505e-15,1.1511804233237e-14
"ENSG00000228192",-1.12529801725654,0.746124370992747,72.5603790617837,1.48058427841403e-15,1.15823083250728e-14
"ENSG00000129667",-0.78382132449083,5.64211564113444,72.4929328617022,1.5204155947501e-15,1.1888787118364e-14
"ENSG00000170779",-0.702706265250665,4.41688452826009,72.4643191381558,1.53763862416531e-15,1.20182944977734e-14
"ENSG00000166770",-1.5682093488779,3.54690639198802,72.4510634535954,1.54568396240445e-15,1.20759879330808e-14
"ENSG00000087266",-0.717906142034579,5.97723505922176,72.4350572849473,1.5554552560427e-15,1.21471104323334e-14
"ENSG00000157502",2.27953446785867,2.33228987936657,72.4090958067703,1.57143658936555e-15,1.22666475053136e-14
"ENSG00000107651",0.598056349910113,6.31724398375046,72.3549747860578,1.60528669725239e-15,1.25255059843957e-14
"ENSG00000204176",-1.56721962049676,-0.784783310873568,72.3335012337521,1.61892024216746e-15,1.26264671374536e-14
"ENSG00000163171",-1.1985752691997,5.36877501980977,72.2456024499879,1.67595510515233e-15,1.30611576170645e-14
"ENSG00000164961",0.827776760189555,6.94786029600844,72.2453967413016,1.67609093238555e-15,1.30611576170645e-14
"ENSG00000196371",-0.911125189361399,2.82220521429174,72.2364418437309,1.68201452567629e-15,1.31017045794434e-14
"ENSG00000104321",4.41903534572193,5.13867332704593,72.2252850119214,1.6894242221589e-15,1.31537875653365e-14
"ENSG00000152672",-2.39152550373352,0.644818952482152,72.2124022447427,1.69802113433029e-15,1.32150656359433e-14
"ENSG00000162437",-0.985409664930808,4.92962957743456,72.1954014687568,1.70943362218949e-15,1.32981944911816e-14
"ENSG00000111371",1.17477569928343,8.59863164867043,72.098600917313,1.77590486122525e-15,1.38041826351961e-14
"ENSG00000137486",1.10677547210757,5.42410172715596,72.0984729075027,1.77599446703094e-15,1.38041826351961e-14
"ENSG00000185518",-1.95483772966283,1.95856236042468,72.0926360389879,1.78008507306767e-15,1.38300671973322e-14
"ENSG00000006007",0.586791796594375,6.40038852483426,72.0249099220497,1.82824942516813e-15,1.41982068936627e-14
"ENSG00000134460",-1.57392189458975,2.86632487021488,71.9939271657869,1.85071922381146e-15,1.43665733003341e-14
"ENSG00000243176",-0.803365218480987,1.12954149381615,71.9268469830738,1.90032693856974e-15,1.47453696069567e-14
"ENSG00000172493",0.787930388219253,6.4084333543665,71.9139775680726,1.90999644349118e-15,1.48140790252527e-14
"ENSG00000134744",-0.91787919254027,5.19619970591843,71.8645657394205,1.94758546258905e-15,1.50991834584696e-14
"ENSG00000164180",0.692015549316531,4.08075399545778,71.8552393576578,1.95476355563893e-15,1.51483764592931e-14
"ENSG00000198912",-0.466907669398874,4.73229906302973,71.849251141988,1.95938646977712e-15,1.5177734715633e-14
"ENSG00000164398",-2.38146975359267,1.86458425664134,71.8380830317473,1.96803774422363e-15,1.52373855468006e-14
"ENSG00000114529",1.46880245196102,3.80400809786876,71.837149416757,1.96876270260509e-15,1.52373855468006e-14
"ENSG00000263266",-0.937227006539935,3.33606382470418,71.8071220041358,1.99222334782086e-15,1.54124024883734e-14
"ENSG00000156042",1.44730978213462,1.61997947184859,71.7942605789909,2.00235811202025e-15,1.54842216587689e-14
"ENSG00000276115",-1.16260231421401,-0.594411541331499,71.7918582966409,2.00425685705205e-15,1.54893024226386e-14
"ENSG00000150594",1.91067108002201,4.03790956889909,71.7912747263504,2.00471838040968e-15,1.54893024226386e-14
"ENSG00000177868",-0.709166551917456,3.43716092803958,71.7891517394795,2.00639827346178e-15,1.54956992771647e-14
"ENSG00000125733",-0.800967261806011,5.20527660502979,71.785982858098,2.00890841064751e-15,1.55085000733688e-14
"ENSG00000198677",0.586317559276965,6.6135220302369,71.7439032609851,2.04254229615891e-15,1.57614591779967e-14
"ENSG00000166927",2.00448176410026,5.70395858580042,71.722601813002,2.05978425554922e-15,1.58877676165943e-14
"ENSG00000162975",2.76573831689215,2.98799723184131,71.7191217446231,2.06261502927126e-15,1.59028580552716e-14
"ENSG00000224842",1.78655734603973,0.86049971412403,71.6589799925534,2.11216019572955e-15,1.62779532372581e-14
"ENSG00000228109",-1.23764880959866,1.45593468041472,71.638361535888,2.1294206128551e-15,1.64040246110159e-14
"ENSG00000130528",1.612620963389,-0.0708556229926806,71.6087138423851,2.15448930776265e-15,1.65901149574882e-14
"ENSG00000261488",1.75493456821027,0.98814510224653,71.5922035772341,2.1685783908753e-15,1.66915377796191e-14
"ENSG00000168101",0.710269027975979,4.95877871821325,71.5591328465087,2.19707942871881e-15,1.69037566199398e-14
"ENSG00000071626",-0.484486376093098,6.77551775039169,71.53713025944,2.21625065378163e-15,1.70440451970318e-14
"ENSG00000138685",-1.76828727285565,3.04227192102833,71.5188102785542,2.23234179310458e-15,1.71605378414987e-14
"ENSG00000070814",-0.673971366514208,6.21896913554088,71.5079293053761,2.24195467496641e-15,1.7227153201643e-14
"ENSG00000278934",-1.31885832500818,-0.790113580032011,71.5042927665425,2.24517670081236e-15,1.72446257746517e-14
"ENSG00000114956",-0.565582972032158,4.9422825592654,71.4796659811445,2.26711960226682e-15,1.74058131388894e-14
"ENSG00000152580",-2.19148675312074,2.59329993482173,71.467915750917,2.27766533824807e-15,1.74793996506565e-14
"ENSG00000119673",0.787905538753284,4.14691651505938,71.4258880622131,2.31579134282372e-15,1.77644930169877e-14
"ENSG00000116396",-1.22902504231465,3.97951142711912,71.3629793582343,2.37406585513547e-15,1.82038405451956e-14
"ENSG00000175087",0.605131697469526,4.80122981124042,71.3438090291349,2.39211626448421e-15,1.83273235352123e-14
"ENSG00000157107",0.683468368044602,5.1932274003421,71.343736000233,2.39218529099373e-15,1.83273235352123e-14
"ENSG00000069020",1.36344475438249,5.67503052153829,71.3282023189631,2.40691337957519e-15,1.84323960200899e-14
"ENSG00000107758",0.597108613124561,6.07304934107358,71.2810474723933,2.45218517188583e-15,1.87711885127355e-14
"ENSG00000211689",2.64599569585819,1.58537419510514,71.2224773088922,2.50961394584908e-15,1.92027170580997e-14
"ENSG00000278133",0.722801313503841,3.20888858393029,71.1447892854145,2.58788610836575e-15,1.97933021610414e-14
"ENSG00000157734",-1.83478099542391,3.19717895014291,71.1428507879558,2.58987034556453e-15,1.98001520996754e-14
"ENSG00000127083",1.89079491540584,3.08571106707393,71.0996921019923,2.63444685169847e-15,2.01324871170974e-14
"ENSG00000147606",-2.62489910244015,1.3249105619335,71.0739236080384,2.66142989742977e-15,2.03301499262716e-14
"ENSG00000168675",1.05840886557826,6.35376071619803,71.0333981650362,2.70443032695473e-15,2.06499491127845e-14
"ENSG00000082512",0.914188982972492,5.2737355590721,71.0214819018208,2.71720712459579e-15,2.07388011674982e-14
"ENSG00000145740",0.541571863335229,5.77166412362076,71.0166987678824,2.72235277543863e-15,2.07693591777172e-14
"ENSG00000105289",1.23062843483462,5.52017654101431,71.0155798558121,2.72355790794707e-15,2.07698411864744e-14
"ENSG00000111481",0.504641335603028,7.70744133503893,70.9524711503848,2.79240764496458e-15,2.12859640597719e-14
"ENSG00000204348",-0.675180425150744,3.69554167130372,70.9428912044531,2.80301142947377e-15,2.13578432673938e-14
"ENSG00000188739",-0.742291975764682,0.262212541255858,70.8921192369649,2.85989111094785e-15,2.1782118729447e-14
"ENSG00000090621",-0.682342157744129,7.27889824444284,70.8902283214598,2.86203183290588e-15,2.17892988601474e-14
"ENSG00000177873",0.669402963975034,3.25859121843335,70.8343133702693,2.92606922450958e-15,2.22675092281926e-14
"ENSG00000182963",-1.07205459239649,4.13388635446806,70.8270600001447,2.93448143687103e-15,2.2322186689172e-14
"ENSG00000197748",1.57921960472937,1.62425096744056,70.7484109428369,3.02727678963666e-15,2.30184407399296e-14
"ENSG00000149930",0.521151937409195,6.21009495411933,70.7294665972162,3.05006731379628e-15,2.31820410795348e-14
"ENSG00000115705",1.72174954155582,0.645952857658755,70.7111625653376,3.07225184574983e-15,2.33374351436018e-14
"ENSG00000243156",-0.939206493249537,4.54231795737586,70.7104828423527,3.07307879749979e-15,2.33374351436018e-14
"ENSG00000137409",-0.583943449672672,7.78587290819517,70.674301854528,3.1174220965786e-15,2.36643042957311e-14
"ENSG00000100426",-0.691145980297994,5.70852866477945,70.6678724547545,3.12536919483986e-15,2.37147329644336e-14
"ENSG00000214077",2.53671334852984,0.860384304152951,70.6657059660711,3.12805169497696e-15,2.37251894196168e-14
"ENSG00000272333",-0.600154212096268,6.20660252771006,70.6520172477414,3.14505453056326e-15,2.38442066702311e-14
"ENSG00000072364",0.747787323478801,7.291713464085,70.6483315877687,3.14964841215231e-15,2.38690855500943e-14
"ENSG00000286548",-1.47950842539269,-0.0605815188444521,70.6173502011744,3.18853269688365e-15,2.4153699579725e-14
"ENSG00000150556",2.09975430365354,3.83980279136765,70.6161656878549,3.19002893144647e-15,2.41549734409444e-14
"ENSG00000182952",-0.625294005313135,6.60364453490526,70.6144049138831,3.19225438613409e-15,2.41617656158996e-14
"ENSG00000182185",-1.23436521108135,3.50469028804247,70.5784151966355,3.23808662480835e-15,2.44984690233005e-14
"ENSG00000149091",-0.715416358754036,6.50239091029745,70.5570017827519,3.26567045133794e-15,2.46968873883303e-14
"ENSG00000156113",1.84433955162746,5.03190507540733,70.5405541845757,3.28701831254681e-15,2.48480004441403e-14
"ENSG00000132763",-0.648053690897181,3.93073146121995,70.504804829682,3.33390511330613e-15,2.51919676779443e-14
"ENSG00000121101",2.04720834979494,1.77773003576806,70.4915840761611,3.3514150033548e-15,2.53137608309872e-14
"ENSG00000164402",0.580404530568797,6.41683466944446,70.3902819375663,3.48869621785331e-15,2.63397288544276e-14
"ENSG00000272933",0.955022123084715,0.547285724194806,70.3781732792289,3.50548040543521e-15,2.64554678896496e-14
"ENSG00000099337",1.1728333657908,5.59321833034505,70.3450526899267,3.55180700498762e-15,2.67939717157672e-14
"ENSG00000169679",-0.815240396237265,5.6943755784474,70.3232494729471,3.58264017548788e-15,2.70153646400388e-14
"ENSG00000119203",-0.555852095093066,6.04633332869694,70.2987860440669,3.6175567228592e-15,2.72673525384845e-14
"ENSG00000101680",-1.81359137105836,3.09894587067194,70.2719743048769,3.65621926459062e-15,2.7538847996452e-14
"ENSG00000182197",-0.661066625544421,6.2850050193794,70.2717087717935,3.65660423968725e-15,2.7538847996452e-14
"ENSG00000196466",0.752619893170669,2.55795091145234,70.2691448353103,3.66032358860453e-15,2.75554492671933e-14
"ENSG00000167619",2.19719610360723,2.03857911926512,70.2589554819756,3.67514241355614e-15,2.76555607024241e-14
"ENSG00000112118",-0.708537617645933,7.64474037441521,70.2213343980298,3.73038235884457e-15,2.80596337231866e-14
"ENSG00000206530",0.960582266830498,3.59356951058936,70.1853803302764,3.783956860574e-15,2.84508505085241e-14
"ENSG00000168298",-2.60738345086197,1.25038930365906,70.1742538932242,3.80069284331478e-15,2.85648766257063e-14
"ENSG00000091622",-1.46752459393999,3.11222404618316,70.1440768774001,3.84646071187424e-15,2.88969134355922e-14
"ENSG00000108239",0.667415688668709,4.28847044368499,70.1323604995432,3.86437972091835e-15,2.90195451544438e-14
"ENSG00000166963",1.06251139710884,4.68319126376655,70.1269110176741,3.8727428049476e-15,2.90703450831147e-14
"ENSG00000118939",-0.902576599278576,0.312156829559058,70.1030598495645,3.90956142315453e-15,2.93346135166397e-14
"ENSG00000166685",0.60461154099171,5.22336282374168,69.9408940916747,4.16942903647917e-15,3.12715774496837e-14
"ENSG00000092964",-0.883330441749828,6.66051001098124,69.9336705732241,4.18140153928306e-15,3.13484464948393e-14
"ENSG00000148346",-3.13220201977194,5.51838041077002,69.912915507115,4.21599492794258e-15,3.15947736915614e-14
"ENSG00000171596",-1.53753618692596,-0.385889464308919,69.9028243673181,4.23291839456593e-15,3.1708533673956e-14
"ENSG00000049449",-0.924312496792965,5.87586858339772,69.901353836808,4.23539027695999e-15,3.17139886197399e-14
"ENSG00000135124",0.737029423927315,5.23605013175771,69.8945263192031,4.24688604542342e-15,3.17869808206424e-14
"ENSG00000175348",0.598193633051108,6.11736433546841,69.8668077214595,4.29388102624682e-15,3.21255072420309e-14
"ENSG00000251322",-0.757073344769559,4.57780915324955,69.8045472967283,4.40136003378141e-15,3.29160922263225e-14
"ENSG00000126858",0.548335218746898,5.54915394048774,69.7789576090211,4.44631787368262e-15,3.32386475489271e-14
"ENSG00000286311",-1.12499715800845,-0.957651155933717,69.7515042607211,4.4950649450874e-15,3.35892527614008e-14
"ENSG00000229419",0.830711074489048,1.29924118199353,69.7464136030853,4.5041631372072e-15,3.36434164844043e-14
"ENSG00000184564",3.25858381998029,5.99976648348381,69.7356246016044,4.52350702359513e-15,3.37740335571216e-14
"ENSG00000157954",-0.483946588328751,6.58017970634799,69.7269584091383,4.53910551842941e-15,3.38765905495257e-14
"ENSG00000182511",-0.960798166921222,3.74862240574777,69.6778566454503,4.62851480947313e-15,3.45297076926568e-14
"ENSG00000135473",0.724875480338298,4.60528482029286,69.6693216664546,4.64423633176084e-15,3.46327881927291e-14
"ENSG00000139974",0.650768421147937,3.27690721754433,69.6664682438155,4.64950436743761e-15,3.46578628831784e-14
"ENSG00000153037",0.52791838757752,3.66731217453506,69.6232695273322,4.72999865606679e-15,3.52434311989114e-14
"ENSG00000228203",-1.41910895285592,1.21299287938479,69.5577064380009,4.85485867641328e-15,3.61589556128602e-14
"ENSG00000159307",2.23600385685021,2.73515523125733,69.5434659955824,4.88241490210322e-15,3.63493091442708e-14
"ENSG00000100207",-0.6556035824489,6.43181684439089,69.5408597987692,4.88747511682436e-15,3.63720938726684e-14
"ENSG00000137497",0.62926247980733,7.88648147409535,69.5071295303148,4.95344521452187e-15,3.68479597389464e-14
"ENSG00000215021",-0.752433159081257,7.71782771044864,69.4968906213265,4.97364769870125e-15,3.69831170662217e-14
"ENSG00000132825",0.966201835461857,4.56853254109992,69.4456537464765,5.07599868496401e-15,3.77287552440234e-14
"ENSG00000236144",-0.969181586366581,2.67685379834867,69.4355589603147,5.0964131517487e-15,3.78650173218976e-14
"ENSG00000123444",0.591100977581814,2.81975500112519,69.4042928840079,5.16016864849285e-15,3.83230491542621e-14
"ENSG00000172361",1.05059570288574,1.19879694903638,69.3957179992167,5.17779403187646e-15,3.84382521843955e-14
"ENSG00000178401",1.88132528138829,4.00367389748738,69.3615235652025,5.24868530878195e-15,3.89486284765917e-14
"ENSG00000169951",0.56420391353716,3.5813603294348,69.3371698686881,5.29977093716531e-15,3.93116777345688e-14
"ENSG00000075643",-1.07707190104253,4.90489510435876,69.3190001448507,5.33821103651119e-15,3.95806695197984e-14
"ENSG00000111186",-1.76399503910115,3.21833697799266,69.3154191449376,5.34582014521037e-15,3.96209359417629e-14
"ENSG00000204054",0.691610123876989,5.27570181500995,69.3036801120306,5.37084066924899e-15,3.97901629703872e-14
"ENSG00000225526",1.29577075232778,0.618220972864437,69.2806023511948,5.42037328504625e-15,4.01407774057089e-14
"ENSG00000111052",2.13961373613111,3.59393242690017,69.2734730312471,5.43576812938402e-15,4.02384007884561e-14
"ENSG00000143318",2.04575066675501,0.0778661701938223,69.2435451518107,5.50087599500722e-15,4.07037968255457e-14
"ENSG00000159423",0.937910227479804,5.06353757768429,69.2298331471289,5.5309684664483e-15,4.09098228823757e-14
"ENSG00000102230",-2.16814392751874,0.858657464054406,69.228384737699,5.53415683406428e-15,4.09167660560818e-14
"ENSG00000185716",0.527362375505923,3.82195830886339,69.2049644552474,5.58596965846665e-15,4.12830622300656e-14
"ENSG00000112983",0.520377748228473,5.91795094703798,69.2031831493826,5.58993041014741e-15,4.12955541428762e-14
"ENSG00000165997",-0.746063004195428,5.82047203013205,69.1991209110121,5.59897343381278e-15,4.13455659010097e-14
"ENSG00000170876",-0.540186169390795,6.65426704507479,69.1667852592037,5.67148446951298e-15,4.18640257838889e-14
"ENSG00000198003",1.76164886474745,0.789243680599052,69.1565900661603,5.69454243372193e-15,4.20131779322063e-14
"ENSG00000135636",-0.789368152647015,5.10073076364677,69.155809991806,5.69631057734884e-15,4.20131779322063e-14
"ENSG00000280832",-0.986114822047453,2.41411373260133,69.1493137682917,5.71105665970044e-15,4.21048636103087e-14
"ENSG00000054116",-0.484900196054866,6.08347087333346,69.1400657399312,5.73211561908686e-15,4.22429979254262e-14
"ENSG00000158545",-0.588536116610826,5.67192971816102,69.1034465224599,5.8162740270809e-15,4.28458452833323e-14
"ENSG00000153404",-1.90860162851079,4.94873278260648,69.0605674070884,5.91640401741026e-15,4.35658122545174e-14
"ENSG00000196781",-1.00794189621746,5.71793091139383,69.0457432279959,5.9514238272493e-15,4.38059476204008e-14
"ENSG00000130775",-0.933035068388938,4.81402795682025,69.0377401052913,5.97041675661201e-15,4.39279692432278e-14
"ENSG00000205403",-1.48966127825031,1.38019773212602,69.0012291635171,6.05784256413483e-15,4.45531906819589e-14
"ENSG00000185664",1.08984914910271,1.49203158149591,68.9966741867472,6.06883968510964e-15,4.46160291805878e-14
"ENSG00000177335",-2.39848888794036,1.86190514054603,68.989578183255,6.08601174943994e-15,4.47241946257833e-14
"ENSG00000104613",-0.696365152122469,5.70819812323595,68.9798791411654,6.10956234690689e-15,4.48791276112854e-14
"ENSG00000187605",-0.710430647714248,5.98384167913815,68.9722954279037,6.12804063424171e-15,4.49966907773873e-14
"ENSG00000196924",-0.972250158079198,10.140220530824,68.95759589044,6.16401778984387e-15,4.52425970789671e-14
"ENSG00000178971",0.712580614177608,4.96453057963378,68.8889443546078,6.33488339986612e-15,4.64779585626321e-14
"ENSG00000165512",-0.826839430997253,4.67285269235052,68.8798174580078,6.35795601988635e-15,4.66284290684246e-14
"ENSG00000115255",2.099646541049,5.11384099358125,68.8725097313253,6.3764908818136e-15,4.67455123572857e-14
"ENSG00000168781",0.787292846573184,4.0718914326115,68.8565965416983,6.41704081939705e-15,4.70238269231239e-14
"ENSG00000166908",0.596487505607875,6.48913794078299,68.850729650548,6.4320563279591e-15,4.71148773632381e-14
"ENSG00000272323",1.08365685477939,1.13071791028585,68.841413957179,6.45597139782403e-15,4.72710176262574e-14
"ENSG00000223658",-1.40012608002042,-0.0848130243985634,68.8392934860414,6.46142754570287e-15,4.72919292560337e-14
"ENSG00000125457",0.687778844744373,4.74306531393973,68.7886417314223,6.59314981435746e-15,4.82366085372218e-14
"ENSG00000230082",-1.46794302924126,0.641601779928267,68.7574790817533,6.67553174760855e-15,4.88196909632104e-14
"ENSG00000250519",-0.902404019824608,0.84267246977968,68.7367861899193,6.73080838720226e-15,4.92041571328114e-14
"ENSG00000165629",-0.670252262462165,7.89273099605323,68.6622939733514,6.9336478415054e-15,5.06666078510648e-14
"ENSG00000160789",-0.911750634912982,8.88722388208487,68.6266551976909,7.03285969047026e-15,5.13709445985032e-14
"ENSG00000174950",-1.79541373166575,0.708451111101346,68.6078340534942,7.08583064593929e-15,5.17370886344214e-14
"ENSG00000146109",-0.51523548012189,5.15197387690365,68.5938934809618,7.12532471189113e-15,5.20045769903194e-14
"ENSG00000121964",-0.622574512911455,4.39100222466864,68.5848405362647,7.15109077565677e-15,5.21716963608686e-14
"ENSG00000175048",-0.871117028644917,3.51781514696769,68.5153337361784,7.35207328197394e-15,5.36164831004579e-14
"ENSG00000230943",-1.27285156620313,-0.531579269391299,68.4984060164429,7.40187717723988e-15,5.3958052945747e-14
"ENSG00000119714",1.06237524812145,3.63368144518166,68.4706214653616,7.4843620448851e-15,5.45374907341226e-14
"ENSG00000184709",2.53217361695265,0.146576187408664,68.463778602965,7.50481851480908e-15,5.46646532428304e-14
"ENSG00000129250",-0.706470473928509,7.05873340627777,68.4546999311453,7.53204589440294e-15,5.48410131014414e-14
"ENSG00000154222",-0.462433752546799,5.35229594009923,68.452123457565,7.53979099293858e-15,5.48754376068695e-14
"ENSG00000105193",-0.87596448215021,9.33810204836609,68.4364079443279,7.58720734901727e-15,5.51984509055704e-14
"ENSG00000243244",-1.04924447508179,3.48338225660792,68.4247509048609,7.62257273377485e-15,5.54335677256685e-14
"ENSG00000118418",-0.732927411210587,5.5129583452827,68.4115486947155,7.6628266638533e-15,5.5704033318211e-14
"ENSG00000274414",-1.3847128379408,-0.410357253858316,68.4030500676591,7.68885256170717e-15,5.58708950828326e-14
"ENSG00000144504",0.683622101664884,3.61660229072268,68.3992030317858,7.70066287614763e-15,5.59343675684397e-14
"ENSG00000108774",0.576661618577601,5.54250872275463,68.3930011773178,7.71974095738055e-15,5.60505582965419e-14
"ENSG00000116212",-0.665801365027933,5.46154529487029,68.3558628625898,7.8349868500051e-15,5.68646212401807e-14
"ENSG00000251396",-1.13761740609819,1.19006479266833,68.3121246339315,7.97294015431982e-15,5.78427744422692e-14
"ENSG00000027869",-1.21436143537156,2.86708469784899,68.2951312947413,8.02719662067157e-15,5.82131786829244e-14
"ENSG00000108387",-1.23153519861196,3.91091003321927,68.2820727311808,8.06914294776417e-15,5.84940501928795e-14
"ENSG00000177791",-2.36395831628104,1.14130064131174,68.2685585315582,8.11278559464138e-15,5.87869897989392e-14
"ENSG00000135316",-0.546287384788529,7.95535956441821,68.2581708497336,8.14649321045512e-15,5.90077333778406e-14
"ENSG00000170011",1.9911245544934,2.0410112425318,68.2142023426992,8.29074034315999e-15,6.00286565929116e-14
"ENSG00000104312",-0.783635827680454,5.70050066923286,68.2124929909145,8.29639991720492e-15,6.00457308770883e-14
"ENSG00000049883",0.56677308289076,3.74369683125352,68.1918223990948,8.36514833711545e-15,6.05192195526873e-14
"ENSG00000168517",0.842516655224772,0.746148146455772,68.18014662593,8.40423442133476e-15,6.07778193460185e-14
"ENSG00000159387",-2.36327027972135,1.79395664159153,68.1644566272192,8.45704878496727e-15,6.1135454412156e-14
"ENSG00000214753",-0.526656197590208,6.08405776582017,68.138382944558,8.54555707996625e-15,6.17507318913096e-14
"ENSG00000100994",-0.86618084305178,7.93192638527034,68.1297063337078,8.5752168756355e-15,6.1940446598117e-14
"ENSG00000151458",1.2719516779545,6.63713714947798,68.1246295203215,8.59261937398986e-15,6.20415090012416e-14
"ENSG00000171101",1.35611251070021,-1.0734139603073,68.1179556809406,8.61555040766616e-15,6.21823931804096e-14
"ENSG00000187122",3.00623180566543,3.15675377239433,68.066328552399,8.79503678065826e-15,6.34526493322541e-14
"ENSG00000135083",-1.48996397807968,2.5554315683826,68.0564887803651,8.82967106276819e-15,6.36772630014385e-14
"ENSG00000107833",-1.11158276928187,4.73432299676377,68.0486591703986,8.85732815095395e-15,6.38514008757631e-14
"ENSG00000204104",0.533764764802375,4.89547634647682,68.0467685791202,8.86401950341372e-15,6.38743212076422e-14
"ENSG00000185352",2.91737715697535,4.00267148646361,68.0324373137114,8.91490806091235e-15,6.42155832918312e-14
"ENSG00000081177",0.582351588558222,5.52075174625031,68.0287850020409,8.92792400681275e-15,6.42838803784285e-14
"ENSG00000179967",-1.03544596679733,4.02269985782795,68.0070309960433,9.00584790394705e-15,6.4819296271068e-14
"ENSG00000188859",-1.40450806237093,2.04702605128635,68.0029423473714,9.02057002142953e-15,6.48995757712659e-14
"ENSG00000164172",0.729440702876969,5.28901622386902,67.9916409415234,9.06138969002886e-15,6.51674795105753e-14
"ENSG00000141101",-0.649015828123698,4.98602679552009,67.9879588238468,9.07472935715004e-15,6.52376195841284e-14
"ENSG00000287331",2.38352967291604,-0.654515715176152,67.9789391310876,9.10748984589963e-15,6.54472640526363e-14
"ENSG00000262766",0.984770128658495,-0.817117721233064,67.9423729570517,9.2415283940757e-15,6.63842489855643e-14
"ENSG00000176473",0.5694714339589,3.23904650881544,67.9304456040217,9.28567865449799e-15,6.66750585740266e-14
"ENSG00000161798",-3.63380179889257,4.9868040474176,67.9157247032355,9.34046285359338e-15,6.70419646334477e-14
"ENSG00000052723",-0.531653971768071,5.62426220558188,67.908512142179,9.3674234211869e-15,6.72089535244763e-14
"ENSG00000125968",-1.24749008176311,3.53546117843492,67.9069723892341,9.37318917685665e-15,6.72238031343331e-14
"ENSG00000170881",0.813483505990973,6.33148277664738,67.8798881225661,9.47519596217337e-15,6.7928602349235e-14
"ENSG00000135931",0.687703197541253,4.57894622713225,67.8246984078841,9.68653351813313e-15,6.94163402788831e-14
"ENSG00000240024",-1.06178808763502,1.65544321420154,67.8221103196431,9.69655992356402e-15,6.94608239030257e-14
"ENSG00000101417",1.23753787574199,5.24916964450795,67.8093720335465,9.7460615049698e-15,6.97879396269255e-14
"ENSG00000128965",-1.34337087791832,2.18936414833174,67.800279029598,9.78155314330789e-15,7.0014517343756e-14
"ENSG00000258708",1.24919723348763,0.452814552490744,67.7738892709732,9.8852968488327e-15,7.07292600655268e-14
"ENSG00000182831",0.547763740547729,6.3453431628992,67.7695629736642,9.90240997900033e-15,7.08238429799677e-14
"ENSG00000080815",0.501073667907538,6.69871363156569,67.7664762677161,9.91463803023785e-15,7.0883426294798e-14
"ENSG00000107742",-1.41878393281072,5.54470396254738,67.7601311279704,9.93982227539259e-15,7.10355550274422e-14
"ENSG00000179134",-0.56334960430202,7.20735504463608,67.7491861220999,9.9834153595969e-15,7.13190724903175e-14
"ENSG00000111850",-0.624205820883584,2.7037732652523,67.7420350865247,1.00120014355888e-14,7.1495203027283e-14
"ENSG00000186976",1.28055930854553,1.14204953371638,67.7275376818151,1.00702079519184e-14,7.18826303883404e-14
"ENSG00000126970",-1.39475740730038,3.33525978440123,67.6928473922018,1.02108770595709e-14,7.2858152985279e-14
"ENSG00000127922",-0.733049849429149,6.72582113945975,67.6440506456868,1.04121083416765e-14,7.42648731444752e-14
"ENSG00000074219",-1.15961140409529,5.67922080891537,67.6124350450903,1.05446169297125e-14,7.51805145894205e-14
"ENSG00000131203",-2.4524122161354,5.3593801950809,67.5588602739931,1.07730557943363e-14,7.67791296188829e-14
"ENSG00000107443",-0.801616756341304,4.03034758338627,67.535120764146,1.08758685910118e-14,7.74815111372197e-14
"ENSG00000163406",-1.54304444421106,3.27641740769262,67.5056564502461,1.10048519664017e-14,7.83697132204051e-14
"ENSG00000175662",0.749890718097755,5.75208487485698,67.5042896638252,1.10108725241322e-14,7.83818980308874e-14
"ENSG00000174885",1.97627081693202,-0.643675846198265,67.4830331126733,1.11049341365546e-14,7.90205563676274e-14
"ENSG00000166925",-0.750907102857745,5.87801093413083,67.4788404428251,1.11235824212393e-14,7.91222984268673e-14
"ENSG00000166436",0.894872687497439,3.84104233805556,67.4400022864584,1.129783607809e-14,8.03303528492185e-14
"ENSG00000084774",-0.6831735950669,6.6724094630247,67.438295826156,1.13055552025182e-14,8.03538249407582e-14
"ENSG00000169504",-0.697109196341669,8.19825441099369,67.4366124106032,1.13131752953367e-14,8.03765751060874e-14
"ENSG00000224631",-1.01720579807328,1.63075244359472,67.4027228181108,1.14676851730861e-14,8.14425060242444e-14
"ENSG00000164638",-1.49069064468408,3.34654314944888,67.3451443341514,1.17350926595834e-14,8.33090809104225e-14
"ENSG00000213420",-1.74649533219158,2.30485080692918,67.3428365991558,1.17459403929233e-14,8.33535559369837e-14
"ENSG00000124151",0.702898840745387,6.51574699049183,67.329910039403,1.18068901545722e-14,8.37534002072383e-14
"ENSG00000185008",2.91836126445846,2.9814104436072,67.3257596506189,1.18265271243693e-14,8.38599903851968e-14
"ENSG00000131238",0.701125201484657,8.26074941215425,67.3088083741302,1.19070721788124e-14,8.439821854569e-14
"ENSG00000178826",-2.18477896578815,2.34471386981502,67.3015261040212,1.19418439799381e-14,8.46117095080304e-14
"ENSG00000167088",-0.574313744809996,6.19514807285988,67.2107466541633,1.23839949269197e-14,8.769745240691e-14
"ENSG00000172340",0.671353952800085,6.2292978248984,67.2101409279795,1.23869999578487e-14,8.769745240691e-14
"ENSG00000148803",-1.17889548769026,2.64260812319794,67.1849438459095,1.25126572683354e-14,8.85526110492155e-14
"ENSG00000139910",2.99801483023739,4.3893740778151,67.1153279891935,1.28665523931151e-14,9.10217249809327e-14
"ENSG00000228288",-1.22792796248191,3.0854479237773,67.0999022378861,1.29463260345212e-14,9.15504579766217e-14
"ENSG00000130826",-0.653406386543483,6.99440986739265,67.0638822044307,1.31345496166286e-14,9.28453899833819e-14
"ENSG00000100867",4.92117727048385,7.30516056807269,67.0625524351578,1.31415509304108e-14,9.28587911120092e-14
"ENSG00000100888",0.498702171328384,6.88602681987541,67.0514380795338,1.32002160325593e-14,9.32370987185202e-14
"ENSG00000189007",-0.789648688578586,2.99218721983318,67.0276788368721,1.33265120379231e-14,9.40926245907399e-14
"ENSG00000140265",0.50833751918758,4.77354753974863,67.0259875558581,1.3335548626757e-14,9.4119890734752e-14
"ENSG00000100234",1.31347632271617,9.49395313307093,67.0227411100297,1.33529118460908e-14,9.4205880782273e-14
"ENSG00000132406",0.538762686069926,4.45968929876829,66.9865240971557,1.35481667335806e-14,9.55463577163103e-14
"ENSG00000167840",-0.723180475912272,3.64019665749194,66.9627632361189,1.36778289189666e-14,9.64233923946376e-14
"ENSG00000011426",-0.920008316023473,6.43682248052734,66.9319030463814,1.38481017352816e-14,9.75859257502135e-14
"ENSG00000113712",0.687276771661229,6.76121089930467,66.9282552118273,1.38683696121462e-14,9.76909010479146e-14
"ENSG00000225573",-1.3581452496893,-0.198537546165603,66.9271239597781,1.38746610802726e-14,9.76973812342228e-14
"ENSG00000134056",0.6233974004113,4.05266204957181,66.9096168072389,1.39723949865462e-14,9.83474922659837e-14
"ENSG00000106105",-0.579554469134212,7.38177996217019,66.9057362223496,1.39941522208473e-14,9.84625302099693e-14
"ENSG00000108187",0.797039478486972,3.15669074991023,66.867885343892,1.42081703128929e-14,9.99296990142677e-14
"ENSG00000019505",3.06658137522531,6.20333088213142,66.8319054784777,1.44146684862143e-14,1.01342864486767e-13
"ENSG00000109917",-0.545454526569432,5.57474589697751,66.7955044814995,1.46266637168787e-14,1.02793570201928e-13
"ENSG00000164430",-1.02156906672517,3.94194430680293,66.7742625813201,1.47518238345694e-14,1.03633129356179e-13
"ENSG00000255135",-1.12687463919517,2.45394374658537,66.7678426235903,1.4789863183562e-14,1.03860243854296e-13
"ENSG00000269343",0.80703349876443,4.40751852284451,66.7625903449455,1.48210573817621e-14,1.04039132249899e-13
"ENSG00000167526",-0.863580049455573,9.61235669709299,66.7542787397233,1.48705570714005e-14,1.04346331795769e-13
"ENSG00000116525",0.72425896905988,3.72546735043842,66.7528768721696,1.4878922294851e-14,1.0436476617769e-13
"ENSG00000117676",-0.677454870775668,5.98583865096038,66.7221074338309,1.50637294807802e-14,1.05620320661693e-13
"ENSG00000079337",0.938572102381464,3.04898050438764,66.6961653765956,1.52213398352435e-14,1.0668428860247e-13
"ENSG00000075391",-0.710391267587445,5.80216190224392,66.6801734697122,1.53193256852626e-14,1.07329697828796e-13
"ENSG00000099331",-0.521204827996057,6.71729748745416,66.6441204454594,1.5542570097041e-14,1.08851854033493e-13
"ENSG00000066739",0.65389391317388,5.41551410006207,66.6327254944746,1.56138089611959e-14,1.09308682596702e-13
"ENSG00000177189",-0.858897386486418,5.61735882237495,66.5978012732757,1.58342055006484e-14,1.10808976393148e-13
"ENSG00000171219",-0.79622822909562,5.40936947204648,66.565664104514,1.6039784440174e-14,1.12204461306879e-13
"ENSG00000203711",1.1381387621,0.488181234910448,66.5534973296293,1.61183148281007e-14,1.12710461396961e-13
"ENSG00000064692",-1.95892926593456,2.43646570745427,66.5211902013918,1.63287277654926e-14,1.14137932589846e-13
"ENSG00000037749",0.84691944591697,4.57786704818648,66.5165252213477,1.63593382912188e-14,1.143079695892e-13
"ENSG00000228221",2.71876602082933,2.6487205798775,66.4851312060173,1.65668490627994e-14,1.15713460351073e-13
"ENSG00000129988",-3.3782308110458,4.90754489362034,66.4730012033238,1.66477360321381e-14,1.1623379000097e-13
"ENSG00000215014",-0.898851553176717,-0.0148596570116727,66.4523261277046,1.67865233682367e-14,1.17157823108783e-13
"ENSG00000173557",-2.08820926247543,1.02608461133602,66.4484407847801,1.68127347741659e-14,1.17295749931925e-13
"ENSG00000162746",2.18847442897807,2.25822194940312,66.426347141414,1.69625700248303e-14,1.18295714575005e-13
"ENSG00000271335",-1.08104088214434,0.61669797364119,66.42128773668,1.69970710755737e-14,1.18490888739952e-13
"ENSG00000149346",0.639155940756793,4.41494545223981,66.4190099075827,1.70126271198723e-14,1.18553893508137e-13
"ENSG00000114757",2.52528448396151,1.75067503841134,66.4123892719956,1.70579231695396e-14,1.18824016318494e-13
"ENSG00000145331",0.644319232914687,3.25470977314209,66.4054122541745,1.71057890700838e-14,1.19111826801947e-13
"ENSG00000153237",1.09119331069634,0.402377852592739,66.3968572205855,1.71646658536955e-14,1.19476059145432e-13
"ENSG00000090013",1.03238693347016,6.13136495935435,66.3745471635172,1.73191694808976e-14,1.20505376632963e-13
"ENSG00000230216",1.23484833533659,-0.967954207128569,66.3661591776815,1.73776207878902e-14,1.20826690996936e-13
"ENSG00000157456",-0.818096170665185,5.50829048436042,66.3660138047233,1.73786355645472e-14,1.20826690996936e-13
"ENSG00000106263",-0.618753404506761,8.1948986063971,66.3416141017404,1.75498072684076e-14,1.21970154603667e-13
"ENSG00000272970",-1.21801841734856,1.36851180652666,66.3204202111411,1.76998683287987e-14,1.22966082950417e-13
"ENSG00000173918",-1.1687279007452,4.95482271066289,66.3040992860036,1.78163081448673e-14,1.23723190691152e-13
"ENSG00000162687",-1.64438208962103,0.394348432495459,66.3032410948234,1.78224521448658e-14,1.23723190691152e-13
"ENSG00000151694",-0.648982295037739,5.46341475683864,66.298343844797,1.78575536559607e-14,1.23919567300501e-13
"ENSG00000171385",2.27045784727358,3.81674701419295,66.2946030098949,1.78844134048781e-14,1.24058623572816e-13
"ENSG00000166451",-0.776608008618088,3.58103722625587,66.2496916509125,1.8210081934383e-14,1.26269527343712e-13
"ENSG00000169994",-1.61078552600147,0.149513713639431,66.2229081875981,1.84071382905452e-14,1.27587283242544e-13
"ENSG00000033867",1.13427620747798,5.82156211725575,66.1995529375481,1.85807262448362e-14,1.28741428168031e-13
"ENSG00000119946",-2.42982997934989,1.25782760613043,66.1814347330116,1.87165260769467e-14,1.29632968883285e-13
"ENSG00000178982",-0.642003080702456,7.32189677564107,66.1789247172818,1.87354179461563e-14,1.29714420100758e-13
"ENSG00000175283",0.574320837178597,4.495739225405,66.1717730108785,1.87893514450576e-14,1.30038327276525e-13
"ENSG00000168255",-1.14157325134917,0.448033824150961,66.1575844672644,1.88968160196435e-14,1.30707458535283e-13
"ENSG00000186280",-0.793905293264885,0.946589893436208,66.1571116589971,1.89004077384976e-14,1.30707458535283e-13
"ENSG00000178988",0.537552210965175,6.35390058301824,66.1493591788362,1.89593982349964e-14,1.31065577764392e-13
"ENSG00000269858",1.30368305960484,2.59440405538423,66.1353904408258,1.90661587774473e-14,1.31703555446086e-13
"ENSG00000129351",-0.456625777620853,8.3927024068165,66.1353892525654,1.90661678848441e-14,1.31703555446086e-13
"ENSG00000027001",0.781784183417285,4.83341648425792,66.1136856303458,1.92332487574532e-14,1.3280726211107e-13
"ENSG00000287252",-2.21050876091423,1.50783183476119,66.0936010418891,1.93891809125608e-14,1.33833177395695e-13
"ENSG00000164188",2.11670932048425,2.37128622685554,66.0919874961773,1.94017632958134e-14,1.33869222619216e-13
"ENSG00000145439",0.732793233328051,4.75820216520302,66.0792055432645,1.95017279827379e-14,1.34507936499825e-13
"ENSG00000131196",-1.10002740571134,4.56384065958164,66.0718653087392,1.95593688454606e-14,1.34854359575905e-13
"ENSG00000115484",-0.538865570830745,7.4256351178883,66.0602182122883,1.96511830906995e-14,1.35436043218508e-13
"ENSG00000127955",-1.14335381818236,4.07630364968,66.0469518685296,1.9756291432706e-14,1.36108874461385e-13
"ENSG00000109111",0.594302712763546,7.38533579503989,66.0296000367859,1.98946249577313e-14,1.37010010878916e-13
"ENSG00000112855",0.464694244553573,5.13248736441424,66.0268441903328,1.99166850195019e-14,1.37110017840538e-13
"ENSG00000162804",1.12938552687636,4.03472094141381,66.0104303842408,2.00485865172234e-14,1.37965831091661e-13
"ENSG00000185274",-2.31276873861311,1.98842547964187,65.9900830025504,2.02133217370826e-14,1.39046859211066e-13
"ENSG00000107281",1.11384453784586,5.40460217322404,65.9516339189183,2.05283466856331e-14,1.41160517776293e-13
"ENSG00000181019",1.29311176975085,7.2008628806003,65.9067691263471,2.09022024057021e-14,1.4367696801017e-13
"ENSG00000237248",-1.48145086040316,0.0642383159214813,65.8964910948884,2.09888107646195e-14,1.44217790021496e-13
"ENSG00000152503",1.76105799372705,3.57366389648946,65.873206585669,2.11863597601086e-14,1.45520208201229e-13
"ENSG00000186409",0.884571595173927,2.81142589067194,65.8503556806927,2.13820528413179e-14,1.46808900369154e-13
"ENSG00000124383",-0.471718845690599,6.01968470792276,65.8151151085247,2.16874291292902e-14,1.48849419246615e-13
"ENSG00000005882",0.875180770437051,4.38129877449001,65.7793346774018,2.20019837065067e-14,1.50951369164068e-13
"ENSG00000048828",0.521286940729311,8.04096405650396,65.765675979258,2.21232704108697e-14,1.51726260268816e-13
"ENSG00000225265",0.922896771067633,1.1022468111234,65.7519221588789,2.22460830543641e-14,1.52511028493318e-13
"ENSG00000133302",0.677119652580024,3.64158391452479,65.7506578546136,2.22574069106429e-14,1.52531166876704e-13
"ENSG00000122515",-0.592377269022147,7.16419840260104,65.7358894539911,2.23901127072734e-14,1.53382813529148e-13
"ENSG00000231312",0.61765476424933,2.70955452490689,65.7005443684084,2.27109652843795e-14,1.55522227632641e-13
"ENSG00000154229",-1.60757706370797,3.92937909547476,65.6583077264581,2.31004641677904e-14,1.58129936877596e-13
"ENSG00000165304",-0.920775198924764,5.35587592733,65.6398120110635,2.32731424574166e-14,1.59252037251879e-13
"ENSG00000062822",-0.736489149510689,4.80008581495314,65.6373571979919,2.32961585250882e-14,1.59349579260739e-13
"ENSG00000126777",0.617670868462325,8.31151664836537,65.5610344229707,2.40233191853085e-14,1.64261702760297e-13
"ENSG00000128567",-0.993009774266959,7.24739918118131,65.5453394475141,2.4175666457086e-14,1.65241270770943e-13
"ENSG00000100814",-0.777220149239932,5.19348824600285,65.5403790808666,2.42240178310924e-14,1.65509555338808e-13
"ENSG00000282608",1.08544831879563,2.39562299938014,65.5088331479782,2.45338033506788e-14,1.67563205160401e-13
"ENSG00000245571",0.782781849667675,2.73418872343411,65.5011971005136,2.46093890304172e-14,1.68016354236197e-13
"ENSG00000161265",-0.713130709509644,1.08775613879984,65.4957264025343,2.46636852595173e-14,1.68323867729869e-13
"ENSG00000151640",-2.01800355140956,2.13731435056877,65.4804551997952,2.48158907868389e-14,1.69299107888607e-13
"ENSG00000091651",-0.828817876094757,3.77728598168758,65.4552015671317,2.50696706346385e-14,1.7096631777383e-13
"ENSG00000110080",-0.965294369515161,5.59230376767522,65.4501402161117,2.51208473332328e-14,1.71251113679474e-13
"ENSG00000116138",0.543138178284664,5.16947158098704,65.4232759504467,2.53942479522962e-14,1.73050049365441e-13
"ENSG00000009694",-2.3814628052244,1.15572821508603,65.3777669285309,2.58642629673308e-14,1.76186971853862e-13
"ENSG00000142748",-0.983841533511307,0.617048395508941,65.340045962983,2.62604858900281e-14,1.78819063035504e-13
"ENSG00000255857",0.772788398221262,0.892842898793276,65.3375806251429,2.62865940054226e-14,1.78929854704576e-13
"ENSG00000065054",0.983729209584826,6.24719721371114,65.3303578253735,2.63632347716319e-14,1.79384404798519e-13
"ENSG00000141569",-0.674640333115905,5.43446929747199,65.3056577056173,2.66270333852597e-14,1.81111624237511e-13
"ENSG00000232022",1.7016844269456,-0.0498028260113719,65.279806461478,2.69059773895716e-14,1.82940529630478e-13
"ENSG00000143952",-0.550192753644219,5.7228864323464,65.2435125074993,2.73025818921903e-14,1.85567772591613e-13
"ENSG00000147475",1.15078100765073,7.1214578270902,65.2265147614871,2.74903476225671e-14,1.86752493177124e-13
"ENSG00000182107",0.943080251993656,5.77496915011065,65.2258763103019,2.74974255953562e-14,1.86752493177124e-13
"ENSG00000184378",-0.925323646370008,1.34238841485648,65.2010599880086,2.77739719277756e-14,1.88560284218881e-13
"ENSG00000175611",-0.771365941412726,1.5394884875998,65.19998955759,2.77859634065765e-14,1.88571306880154e-13
"ENSG00000174469",2.84397452290286,5.5762445808427,65.1831106836739,2.79757403824261e-14,1.89788424496668e-13
"ENSG00000248265",1.86653901063244,0.203587078424978,65.1489646686209,2.83636659611196e-14,1.92348380499942e-13
"ENSG00000136444",0.679625490371344,5.35389557012103,65.1360114325092,2.85122400357582e-14,1.93283869463426e-13
"ENSG00000287543",-1.13314833080315,-0.578723939647324,65.1080731318808,2.8835370587869e-14,1.95401535116305e-13
"ENSG00000170915",-0.916615818349412,3.83919408314616,65.0743605586268,2.92302062138028e-14,1.98003348460576e-13
"ENSG00000138386",-0.78810775120571,5.19123530364032,65.0356062412682,2.96908306699015e-14,2.01048707455014e-13
"ENSG00000112246",-2.66500381751617,2.13479934486113,65.0196115561998,2.98830670627076e-14,2.02226290909546e-13
"ENSG00000150054",1.34787551993519,4.78085539706467,65.0190364642401,2.9890002284864e-14,2.02226290909546e-13
"ENSG00000007968",-0.981728553418143,4.29779997938773,65.018365812565,2.98980919428068e-14,2.02226290909546e-13
"ENSG00000142687",0.682393679909853,6.88553993001912,65.01735846187,2.99102471423008e-14,2.02233299265489e-13
"ENSG00000284308",1.17184069936561,-0.299694319927803,65.0061082815613,3.00463365256257e-14,2.03077951961383e-13
"ENSG00000049540",-2.08547633236371,6.97087924716526,64.9881348338923,3.02650516514284e-14,2.04480222673172e-13
"ENSG00000227719",1.12147863204234,0.343122548328321,64.9661985511473,3.05341663346214e-14,2.06221840807313e-13
"ENSG00000117394",-1.1523439727254,7.43618130256295,64.9141579983405,3.11822935650037e-14,2.10520993081027e-13
"ENSG00000170955",-1.32156183533482,1.84552254314717,64.894949804422,3.14250075500253e-14,2.12080904385848e-13
"ENSG00000144278",-2.36323778516668,2.68402954048442,64.8800060567271,3.16151530171518e-14,2.13285015977729e-13
"ENSG00000174912",0.914026717343614,-0.414364602518295,64.8289716359481,3.22733092703724e-14,2.17644400819256e-13
"ENSG00000280734",-1.25373701690527,1.94460046873677,64.8221950481957,3.2361735257715e-14,2.18159837237702e-13
"ENSG00000163945",0.804559529685384,4.74318039442817,64.7622368338459,3.31548363929228e-14,2.23423551061311e-13
"ENSG00000198626",-2.19862429393941,2.12582816778676,64.7370913902522,3.34932560222195e-14,2.25620496493381e-13
"ENSG00000116221",-0.678568034102586,6.74559304652743,64.7325163490996,3.35552026543523e-14,2.25954100658038e-13
"ENSG00000109576",-1.30317662511744,2.78115508969548,64.6794675140105,3.42819831901929e-14,2.30762661089278e-13
"ENSG00000198046",-1.52476157186094,3.0395727902159,64.6538999146179,3.46379131382037e-14,2.33072276787883e-13
"ENSG00000126216",-0.697781545796746,5.35882392451993,64.6519583291557,3.46650939577997e-14,2.33168908618514e-13
"ENSG00000205302",0.490364571833649,6.26553589869807,64.6382844318176,3.48571289100242e-14,2.34373922593538e-13
"ENSG00000238018",-1.25372515792613,-0.598483197226697,64.6038918744554,3.53448906519398e-14,2.37565732142454e-13
"ENSG00000186603",-1.88559275108501,2.37543189709541,64.5715538061946,3.58097921359245e-14,2.40601588240929e-13
"ENSG00000140057",1.50826033656003,0.832717049569701,64.5685252923673,3.58536454701181e-14,2.40807276148637e-13
"ENSG00000196872",1.01283079831681,3.85249324570519,64.5424639816113,3.62332622808928e-14,2.43267100171605e-13
"ENSG00000277363",1.44927270377487,4.47718100359711,64.5397065671846,3.62736639604431e-14,2.43448487126399e-13
"ENSG00000138036",0.592242015655587,4.4107419945017,64.5279780713853,3.64460182205383e-14,2.44515005309904e-13
"ENSG00000171723",0.940631696185959,4.54120424335083,64.5221176508158,3.653244826902e-14,2.44988213204454e-13
"ENSG00000141497",-1.07422742608759,2.2458768600806,64.5213698716731,3.65434914462108e-14,2.44988213204454e-13
"ENSG00000174125",-1.00602870143378,3.92138180670632,64.5170148364388,3.66078733809029e-14,2.45329403482631e-13
"ENSG00000213280",-1.03328030358622,-1.22016924507264,64.5151695117038,3.66351879180758e-14,2.45422024992251e-13
"ENSG00000058729",0.488479195293136,4.73990777671922,64.5063554943497,3.67659369699977e-14,2.46207239179057e-13
"ENSG00000176903",0.581452827338891,5.57646762163545,64.5009556951747,3.68462710998513e-14,2.46639507487879e-13
"ENSG00000160917",-0.574975725559498,4.65051198677831,64.5001945955799,3.68576083875113e-14,2.46639507487879e-13
"ENSG00000223653",-1.42120415384977,-1.14072182679428,64.4935336447145,3.69569796806468e-14,2.47213514686136e-13
"ENSG00000152894",-0.993191710712981,7.2403944588062,64.4776977770578,3.71943128159074e-14,2.48709618196958e-13
"ENSG00000171960",-0.64688079645656,4.44212487307159,64.4532945072907,3.75630588031847e-14,2.51083025914121e-13
"ENSG00000171791",1.33775717400191,6.18321091651645,64.4333570886371,3.78670581566963e-14,2.530220623637e-13
"ENSG00000197818",0.794356849967019,5.16076598943554,64.4275701474264,3.7955759247516e-14,2.53521611896372e-13
"ENSG00000168411",-0.616134055678204,6.05165594941696,64.3893538607204,3.85468148579273e-14,2.57374988486043e-13
"ENSG00000141542",-0.812599097295195,4.59226099896973,64.3628930264173,3.8961489546865e-14,2.60048283258121e-13
"ENSG00000048392",0.83770122583708,6.00093815156012,64.3616437592849,3.8981177964062e-14,2.60084249747014e-13
"ENSG00000229133",-0.950644905574009,-1.0320478850692,64.3178431694157,3.96778533867161e-14,2.64635422588043e-13
"ENSG00000153132",2.26292982628564,4.21196887848021,64.30455680812,3.9891652975353e-14,2.65963850555616e-13
"ENSG00000137824",0.562390660129009,5.57104849968339,64.2878839813694,4.0161590775256e-14,2.67665449989138e-13
"ENSG00000188316",1.09767209057456,-1.02405929720023,64.2632957850759,4.05630455750053e-14,2.7024200473194e-13
"ENSG00000172466",0.600582741235011,7.30355163432186,64.2486327947371,4.08043737888036e-14,2.71750256488744e-13
"ENSG00000189079",0.677690976024169,5.8262095941304,64.2436564265949,4.08866050885038e-14,2.72198233290522e-13
"ENSG00000267750",1.69805736942148,0.36370166462992,64.2092488200247,4.14597593127891e-14,2.75912953670329e-13
"ENSG00000265194",-1.48520962599957,-0.636784357980495,64.1928165685134,4.17363358699663e-14,2.77651966643361e-13
"ENSG00000112164",-2.56818759185991,1.84404674000654,64.1527900299646,4.24178465388561e-14,2.82082556800261e-13
"ENSG00000256043",0.769136543934064,5.58153031814961,64.1500806301377,4.24643815292726e-14,2.82288805283044e-13
"ENSG00000161647",0.927779776889687,2.91090253767918,64.1227759799494,4.29362327059804e-14,2.85321227788225e-13
"ENSG00000182700",0.699228881711899,3.39395153785067,64.1043306560203,4.3257974745134e-14,2.8735428950493e-13
"ENSG00000151835",-1.1027967649448,4.87925358141135,64.1010887653902,4.33147737721019e-14,2.87626544493242e-13
"ENSG00000113621",0.479711059084829,5.78875017891435,64.0999361915512,4.33349853738244e-14,2.87655735028875e-13
"ENSG00000103342",0.550893952482888,7.93809716909911,64.0858958498576,4.35819625157926e-14,2.89189614825697e-13
"ENSG00000089094",-0.516380079202823,5.24190467067956,64.0613040646831,4.40179704730897e-14,2.91915467900009e-13
"ENSG00000157833",-1.11093079597608,3.22308224466699,64.0609175327018,4.40248586128066e-14,2.91915467900009e-13
"ENSG00000137806",0.55755360328603,4.03878095278706,64.027564497599,4.46233335498219e-14,2.95775944097726e-13
"ENSG00000126953",-0.612288942156344,3.43640430226759,64.0122827103685,4.4900278484722e-14,2.97503193107513e-13
"ENSG00000111726",-0.740324688188215,5.90784822209853,64.0094725505055,4.49513940903223e-14,2.97733414317109e-13
"ENSG00000214708",1.51084339804285,-1.26150797208433,64.0027743762187,4.50734677586386e-14,2.98433284162402e-13
"ENSG00000117868",-0.602465941918484,7.62585225036604,63.9916435402395,4.52770660979037e-14,2.99612352187424e-13
"ENSG00000267259",1.9471866195083,1.15481422728644,63.9912384696004,4.52844928614046e-14,2.99612352187424e-13
"ENSG00000103653",-0.56666042212378,6.31727436743462,63.9630043725379,4.58051889949977e-14,3.02947191796734e-13
"ENSG00000231881",-1.66917939015412,0.143476057070105,63.9473573514444,4.60963486856888e-14,3.04762046490479e-13
"ENSG00000146263",-0.78939881106417,4.64284788612778,63.9326328527196,4.6372046383573e-14,3.06473393758875e-13
"ENSG00000159131",-0.552697077309618,6.84307209645743,63.899947509973,4.69899951827771e-14,3.10444617647784e-13
"ENSG00000109861",-1.04658960698141,7.35725148010944,63.8845598917095,4.72837815978156e-14,3.1227212044338e-13
"ENSG00000169429",-2.18246131649242,3.37922987843772,63.8648611788026,4.76625820556711e-14,3.14659543531233e-13
"ENSG00000280399",-1.14680926489912,-0.984509048346047,63.7778042615739,4.93736503438905e-14,3.25837428321727e-13
"ENSG00000158710",-0.805920783508022,9.9498760732251,63.7221046462903,5.05007652872585e-14,3.33154849127551e-13
"ENSG00000100084",-0.594710465656577,3.5221255282597,63.6646270024237,5.16910724161589e-14,3.40883692931508e-13
"ENSG00000126457",-0.617788097773373,7.01284051772582,63.6257416250196,5.25123572439881e-14,3.46174249203935e-13
"ENSG00000165868",0.813105468991139,4.48964805311301,63.5948045847385,5.31751574525208e-14,3.50416581067554e-13
"ENSG00000134308",-0.587965622124272,8.67875589497708,63.5512393111057,5.41228370204717e-14,3.56532473643006e-13
"ENSG00000135049",-0.847687222163649,4.67365313183919,63.548370917185,5.41858277898407e-14,3.56818188212029e-13
"ENSG00000130768",-1.11254417523137,3.82284993461486,63.546973762158,5.42165364910943e-14,3.56891192797692e-13
"ENSG00000280099",1.5114991599971,2.81789343923154,63.5330954523306,5.45225287157307e-14,3.58775597786437e-13
"ENSG00000092847",-0.535763326800645,6.19081544781202,63.500568509484,5.52465318601975e-14,3.63408289863751e-13
"ENSG00000141293",1.49729871474925,3.91921663647384,63.483393006705,5.56327371686069e-14,3.65816422133992e-13
"ENSG00000104381",1.6057954989189,5.1880329848907,63.4723865634416,5.58816562305191e-14,3.67320406042892e-13
"ENSG00000185633",-1.5944163834259,4.53661134319139,63.4524936556738,5.63344022579491e-14,3.70162611368345e-13
"ENSG00000238105",0.917161452386347,3.65030625207618,63.448820047232,5.64184142492803e-14,3.70580757806396e-13
"ENSG00000162366",-2.19905239985148,5.43773877466903,63.4329944863657,5.67817768692097e-14,3.72832836713786e-13
"ENSG00000161249",-2.27309124968911,5.48386483921675,63.4191950703225,5.71005437482587e-14,3.74790577298206e-13
"ENSG00000262772",1.59895848270748,2.20159502288109,63.3994777488381,5.75591483308644e-14,3.77664426349842e-13
"ENSG00000213057",1.10087629115982,-0.264084143266305,63.366049677889,5.83451535235324e-14,3.82683610633252e-13
"ENSG00000153982",1.23268734953935,3.20580201696983,63.355382224863,5.85982519910144e-14,3.84205121561849e-13
"ENSG00000163191",-0.983049288239221,9.44839968247409,63.3294489089241,5.92181790822641e-14,3.88129816629989e-13
"ENSG00000158717",-0.613168283544492,3.51880126594822,63.3005946476011,5.99157067271289e-14,3.92418868310659e-13
"ENSG00000166012",-0.770001199039558,5.75732218896099,63.3005939165143,5.99157245050968e-14,3.92418868310659e-13
"ENSG00000163293",-1.55919375096945,2.77247268755616,63.299143132017,5.9951013968599e-14,3.92508654449561e-13
"ENSG00000139289",-1.37360152670645,6.1283644421987,63.2473393521455,6.12249413211764e-14,4.00705013583863e-13
"ENSG00000088247",-0.535391783029223,7.57499380350622,63.2002225728392,6.2407301663127e-14,4.08296403830559e-13
"ENSG00000285103",-1.2279488036219,0.0665153863173258,63.1980663949834,6.24619569526631e-14,4.08507038135576e-13
"ENSG00000077044",0.790032537672004,5.34886947247661,63.1398456656834,6.39561383929291e-14,4.18128772498416e-13
"ENSG00000155545",0.686884591315155,4.99137472979447,63.0881312479934,6.53135457572449e-14,4.26849719810554e-13
"ENSG00000225313",-1.16486739973907,0.876077724295401,63.0748455008485,6.56669382773399e-14,4.29005126935437e-13
"ENSG00000119684",0.48506021076334,4.59937734646113,63.0691064922003,6.58201880359375e-14,4.29851913823207e-13
"ENSG00000166263",0.901866510941978,4.00524183714126,63.0658945405004,6.59061146976799e-14,4.30258583676023e-13
"ENSG00000111254",-1.39364352321987,1.17733776317591,63.0238037727785,6.70426436577648e-14,4.37521206619098e-13
"ENSG00000224397",-1.14770415717522,2.56896483528646,63.0098784976459,6.74229864997503e-14,4.39845508772403e-13
"ENSG00000156968",1.84702412547228,4.65041554056776,62.9921513523215,6.79103200748234e-14,4.42865866447073e-13
"ENSG00000145741",0.579348981274495,8.71824658980675,62.9791202532317,6.82708193809946e-14,4.45057226846427e-13
"ENSG00000243069",-1.51645247026428,1.90373523393399,62.9720393895371,6.84675167370005e-14,4.46179575210521e-13
"ENSG00000016402",1.85199546438448,3.94826257752007,62.9635861426089,6.87030856340582e-14,4.47499280552997e-13
"ENSG00000071553",0.615119465945365,8.20488571427581,62.963007615926,6.87192374414185e-14,4.47499280552997e-13
"ENSG00000224746",1.69766690513389,-0.623209133659627,62.9385855935374,6.94045765971714e-14,4.51800443503706e-13
"ENSG00000115084",0.60469602372509,6.59144169643858,62.932336267595,6.9581052099487e-14,4.52787182678164e-13
"ENSG00000060558",-1.14941229133182,3.82279970531219,62.9198703540321,6.99344313210489e-14,4.54923975989713e-13
"ENSG00000165898",0.605269282449411,3.86310289547427,62.9189633621488,6.99602129163093e-14,4.54928978377488e-13
"ENSG00000257621",0.605393350489726,4.88720487959275,62.8867444743404,7.08822913503636e-14,4.6076022697656e-13
"ENSG00000197747",-1.09661204134169,7.96026104861001,62.8771868310305,7.11581731325491e-14,4.62388300441159e-13
"ENSG00000160117",-1.63913726400283,0.920620366174877,62.8576577457588,7.1725252235152e-14,4.65906745590337e-13
"ENSG00000109906",2.46575418457039,2.72541276664138,62.8348209822807,7.23941618117128e-14,4.70083903974092e-13
"ENSG00000245213",0.994986075492451,0.686335432408163,62.7945148677767,7.35901519263253e-14,4.77679401583157e-13
"ENSG00000184925",1.82887305166434,1.15907807649289,62.7906619008659,7.37055179716579e-14,4.78257567202467e-13
"ENSG00000158125",-2.51665364443467,4.18418333829358,62.7733203502974,7.42270228246708e-14,4.81469718664448e-13
"ENSG00000166037",-0.583659777504642,5.12005596226723,62.7589344228503,7.46624671610231e-14,4.84121551773507e-13
"ENSG00000117569",-0.731793336193558,4.42679388957152,62.7268811989218,7.56419654595893e-14,4.90297957155742e-13
"ENSG00000260924",-1.04072080634549,-0.228654294589461,62.6766854597037,7.72019747173847e-14,5.00231391578123e-13
"ENSG00000102547",0.9563056823581,4.86313576015352,62.6670728145769,7.75044027227447e-14,5.02012135584502e-13
"ENSG00000099194",1.51827484362723,9.84146319591205,62.6409521201553,7.83322459677999e-14,5.07193623945299e-13
"ENSG00000120805",0.523379771565941,7.04184203358635,62.6304491825362,7.86676238354044e-14,5.09183894063465e-13
"ENSG00000134954",-0.793624535494871,6.96281720691204,62.5959971450321,7.97779386638741e-14,5.16137585220737e-13
"ENSG00000074319",0.487751146589145,6.36407561585499,62.5953573278897,7.97987073697335e-14,5.16137585220737e-13
"ENSG00000220472",-1.16097510807198,-0.854105091151453,62.5793161553037,8.03211955505039e-14,5.1933235146554e-13
"ENSG00000132623",0.930938036302672,4.59588966297328,62.5222401326043,8.2208392989729e-14,5.31345505222882e-13
"ENSG00000156030",0.644780186948136,5.87136526210351,62.5036559997259,8.28324704048856e-14,5.35188977521868e-13
"ENSG00000117528",0.740482103062205,6.77902137827398,62.4983783939912,8.30105681585916e-14,5.36149223603858e-13
"ENSG00000184160",1.96483657781596,1.73831125325527,62.467466677046,8.40614949419442e-14,5.4274422080372e-13
"ENSG00000287385",-1.47293904157027,-0.333526180483205,62.4218762786636,8.56360007067475e-14,5.52713832808489e-13
"ENSG00000245614",-0.976669153514803,0.728346633087144,62.3847931387473,8.69386104087828e-14,5.60922116394091e-13
"ENSG00000260136",0.920976846559929,-0.444308504253529,62.3838697905968,8.69712983164999e-14,5.60934033255496e-13
"ENSG00000237491",-1.00894232411561,0.259066695429242,62.3647735009398,8.76501212007119e-14,5.65111805883924e-13
"ENSG00000164114",1.17062994246849,4.30202200847714,62.3537969032416,8.80427259493588e-14,5.67441920470212e-13
"ENSG00000154080",-2.64889587105853,2.32974365018486,62.3203741299796,8.92491275748425e-14,5.75013507733346e-13
"ENSG00000204338",2.33018293707372,1.02029934386008,62.3177661005393,8.93439631242897e-14,5.75420680348648e-13
"ENSG00000136848",-0.703447598977417,6.01463459848919,62.3077780929256,8.9708096920683e-14,5.77561368776418e-13
"ENSG00000122417",-0.753662095540482,5.18175706129596,62.2705838414079,9.10773043914307e-14,5.86169148008259e-13
"ENSG00000122550",-0.629394120425347,5.19695930193166,62.2659020017965,9.12511406079253e-14,5.87080207066482e-13
"ENSG00000106571",1.22733392219024,5.80532289327122,62.251977052849,9.17701524865748e-14,5.90210584662597e-13
"ENSG00000197498",-0.662036370026994,5.45429570376827,62.208168572589,9.34224810813277e-14,6.00624986181403e-13
"ENSG00000115904",-0.557786409140108,6.4315415328282,62.1981106765636,9.38060510240866e-14,6.02877899655861e-13
"ENSG00000234949",1.30949159926644,0.907394081934081,62.170782143305,9.48562964686684e-14,6.09412334924811e-13
"ENSG00000235997",-1.17881508161774,-0.437726010424547,62.1476437864804,9.57547768548156e-14,6.14967472258258e-13
"ENSG00000139547",2.13901629255108,2.19289890892437,62.1464484206236,9.58014262792272e-14,6.15049890987146e-13
"ENSG00000171865",-0.550282968457769,5.11292501694101,62.1218470464411,9.67666062386835e-14,6.20930989198272e-13
"ENSG00000019169",-2.32397262555787,3.80407512971604,62.1213614135039,9.67857573332472e-14,6.20930989198272e-13
"ENSG00000099326",0.736543176536324,3.77026281411395,62.0952056232745,9.78228859533571e-14,6.27363416685352e-13
"ENSG00000231500",-0.778450513358977,10.7051241302237,62.0941729400328,9.78640630690945e-14,6.27406266866652e-13
"ENSG00000151657",-0.519264244700787,4.32884688279672,62.0889146985322,9.80740009368638e-14,6.28530630387483e-13
"ENSG00000023902",-0.814756334166693,5.85517060303488,62.0657842153926,9.90029029350667e-14,6.34260231977102e-13
"ENSG00000116786",-0.519191343131158,5.97083710152177,62.0109978560604,1.01238631513988e-13,6.48355010555072e-13
"ENSG00000183908",-1.66133885488487,1.03602627353787,61.9839823027501,1.02359759188295e-13,6.55304223905914e-13
"ENSG00000206535",-0.875528464395675,1.84664885051977,61.9673932473379,1.03054389919121e-13,6.5951908650562e-13
"ENSG00000240445",-0.912277071158192,2.3270349647614,61.9626735568022,1.03252883922211e-13,6.60556965450994e-13
"ENSG00000249715",1.65327459509022,-0.660300493442664,61.9286329330048,1.0469598031192e-13,6.69553618112942e-13
"ENSG00000156170",0.772354895827772,5.26523527904999,61.9258357831571,1.04815461365275e-13,6.70082112939061e-13
"ENSG00000152457",-0.60739384590065,4.92902002773143,61.91639242586,1.0521985369753e-13,6.7243102566784e-13
"ENSG00000236699",1.59617736652569,2.86065650912815,61.897674179187,1.06026080145704e-13,6.77345397151411e-13
"ENSG00000143217",-1.06212959644128,6.72340951985818,61.8419558124405,1.08463025888477e-13,6.92670475723183e-13
"ENSG00000135052",1.03353825003976,7.8907761292653,61.7987676795766,1.10390735642367e-13,7.04733836385879e-13
"ENSG00000226200",0.884474465708753,2.4598019458047,61.7920469578141,1.1069380745922e-13,7.06420691252032e-13
"ENSG00000214413",0.609594998437319,3.17536797708756,61.7870570800626,1.10919369267836e-13,7.0761188644104e-13
"ENSG00000139278",-0.871766043362621,4.54499794540876,61.7762296662221,1.11410405625821e-13,7.10495251585703e-13
"ENSG00000090339",-1.21557855394923,5.8894992490603,61.7570551286698,1.12285378882356e-13,7.15824209993791e-13
"ENSG00000224520",1.42892965557858,0.502431834136328,61.716754106449,1.14147051972139e-13,7.2743748467739e-13
"ENSG00000170017",1.38245260865359,7.63927384063855,61.7133963772681,1.14303557217434e-13,7.28179719324232e-13
"ENSG00000152661",1.69815756367332,7.83175541904194,61.6717665053002,1.162620118752e-13,7.40396873944729e-13
"ENSG00000261801",0.935587314692734,3.06437335305061,61.6553433970898,1.17043904463228e-13,7.45115342799155e-13
"ENSG00000235169",1.16525233080051,0.898767859332261,61.6317656464618,1.18175705049816e-13,7.52057286020316e-13
"ENSG00000106415",0.926834607825987,4.55323131689549,61.6276259318185,1.18375559382408e-13,7.53065643248419e-13
"ENSG00000068024",-0.75556324006583,4.16728886370746,61.6250964543202,1.18497843494422e-13,7.53579992124669e-13
"ENSG00000171608",-0.947194939757725,4.55177371889988,61.6077813271981,1.19338347010049e-13,7.58659858587477e-13
"ENSG00000160325",0.792058855185157,5.33241732271059,61.5648821914691,1.2144673014444e-13,7.71793545725743e-13
"ENSG00000197714",-1.40102528703611,1.97093470126742,61.5165987142448,1.23864709893582e-13,7.86884856285177e-13
"ENSG00000150471",-2.22702484460664,2.12247247418981,61.5065281801523,1.24375117540283e-13,7.89851479686686e-13
"ENSG00000147408",-1.03057218242728,4.04252955557974,61.5012910266064,1.24641391377461e-13,7.91266187215799e-13
"ENSG00000102898",-0.638304117693891,6.85274594759094,61.4993235905506,1.24741570669993e-13,7.91625850434694e-13
"ENSG00000197106",-2.25958620776759,2.40477569294032,61.4846876672008,1.25489366045147e-13,7.96093683163285e-13
"ENSG00000251136",-0.965256102901884,4.06504456080742,61.4668715494106,1.26405751125504e-13,8.01627545840537e-13
"ENSG00000117153",0.573682121289612,6.21553096499741,61.4574275621649,1.26894243099122e-13,8.04444926276341e-13
"ENSG00000115993",0.776384865943452,6.07108636292931,61.4499213845005,1.27283858981724e-13,8.06633737686274e-13
"ENSG00000113575",0.477665560341855,7.19104845148747,61.4302493832253,1.28310687804776e-13,8.12857816019946e-13
"ENSG00000154945",0.711714810782246,5.7632742830093,61.4274916674214,1.28455299667359e-13,8.1349059552574e-13
"ENSG00000171150",-0.586312612896992,5.3043548237996,61.4230416939467,1.28688998494537e-13,8.1468691424248e-13
"ENSG00000174227",0.500679551633922,5.39471702877107,61.3736622645254,1.31311208444175e-13,8.30998002499181e-13
"ENSG00000130517",0.815675395473667,4.73430532973897,61.3667208968532,1.31684112544096e-13,8.33068048331136e-13
"ENSG00000132507",-0.653700804133157,8.06938875358772,61.3516588034495,1.3249695509111e-13,8.37918852293851e-13
"ENSG00000116954",-0.496905496562481,4.93378381587102,61.3457253232119,1.32818549382472e-13,8.39660679933405e-13
"ENSG00000162377",-0.589235725052451,5.38391801422398,61.3145928170726,1.34518874682077e-13,8.50114417205564e-13
"ENSG00000244005",0.667731511434541,4.78050593202366,61.3104107296115,1.3474894882428e-13,8.51272622860716e-13
"ENSG00000283000",-2.03877018620849,-0.0360666880513451,61.2718887830674,1.36886953237939e-13,8.64479133851259e-13
"ENSG00000167972",1.09064628187412,6.53904150133035,61.2694329868916,1.37024406496014e-13,8.65046825876257e-13
"ENSG00000171735",-0.571607372909883,5.15779500076578,61.2665537750992,1.37185735987746e-13,8.65764804352924e-13
"ENSG00000002834",0.90991544956844,8.25765115597656,61.2273190882621,1.39403339953042e-13,8.79454716290642e-13
"ENSG00000089775",0.552574643410519,3.96906995535207,61.2219153701507,1.39711585583251e-13,8.81093730439723e-13
"ENSG00000124766",-0.74466615326338,8.14603572468569,61.1717972317705,1.42603440435101e-13,8.99019540600908e-13
"ENSG00000111196",-0.709569467420625,4.81158386949005,61.151114079074,1.43814400357283e-13,9.06339679036125e-13
"ENSG00000155666",0.581870952706354,1.96619812552687,61.114896373075,1.45959912017768e-13,9.19542389947753e-13
"ENSG00000139517",0.776024511855457,5.00399131152015,61.0871527536888,1.47625234108975e-13,9.29711827553337e-13
"ENSG00000064300",-1.80103374155922,3.31477255495298,61.0741239185372,1.48413894085155e-13,9.3435510751845e-13
"ENSG00000188811",0.583731888447857,4.89858528721729,61.0599542471992,1.4927643499848e-13,9.39460138322614e-13
"ENSG00000269190",-1.4217766216403,3.3521572494011,61.0590180277282,1.49333602571325e-13,9.39494833471896e-13
"ENSG00000122025",2.34228024396772,2.48606837157268,61.0136719033435,1.52129128867075e-13,9.56751243372878e-13
"ENSG00000164244",0.533693505694331,6.89183764257896,61.0100523704025,1.52354529542051e-13,9.57837602250547e-13
"ENSG00000169122",1.37704106079163,4.48544402720922,60.9967575177034,1.5318533959241e-13,9.62633668066968e-13
"ENSG00000135597",-0.60272884935378,5.86908775491641,60.9961526024636,1.53223249892999e-13,9.62633668066968e-13
"ENSG00000112320",-1.27550897239579,2.40969924565364,60.9614307276931,1.55415217122435e-13,9.76067668861478e-13
"ENSG00000112137",-1.20328186207371,1.99481510647834,60.9561308861805,1.55752562955753e-13,9.77848676230318e-13
"ENSG00000119403",-0.821110107722541,5.18600897918951,60.9418327974176,1.56666353628063e-13,9.83246252514566e-13
"ENSG00000021645",1.8877176766985,1.87802017134473,60.921297738969,1.57988215535224e-13,9.91200298087149e-13
"ENSG00000174628",0.675805722338804,3.39151967820507,60.8934951908558,1.59795833977535e-13,1.00219538909773e-12
"ENSG00000162892",2.17056640407319,0.0727635001449166,60.8772748290128,1.60860040147299e-13,1.00852203040299e-12
"ENSG00000011422",-0.903007292400968,5.6878377137436,60.853598575436,1.6242626575778e-13,1.01799066905669e-12
"ENSG00000197757",0.929396184277176,3.34717615306708,60.8474986840442,1.62832269697905e-13,1.02018371383586e-12
"ENSG00000110514",0.548638672176409,6.14158143010854,60.8356859968018,1.63621425035064e-13,1.02477495817415e-12
"ENSG00000156671",0.882387789855419,5.42629340453121,60.8309684420225,1.63937661442202e-13,1.02640212953899e-12
"ENSG00000007171",-1.31993927839312,0.324443331248244,60.817821287604,1.64822223447731e-13,1.03158520305139e-12
"ENSG00000188868",0.745698401992072,1.88136532817628,60.8140657194569,1.65075786885671e-13,1.03281679115122e-12
"ENSG00000155903",-0.65052362340689,4.96787759396209,60.8026099898858,1.65851672144775e-13,1.03731437860013e-12
"ENSG00000115129",-0.834733871036876,3.57534678877248,60.793388288867,1.6647891977892e-13,1.04087954380853e-12
"ENSG00000198771",-1.03869247925382,4.80424406641168,60.7275448770335,1.71027568961266e-13,1.06895169218814e-12
"ENSG00000229431",-0.883244424440221,-0.946257654525353,60.6940401728362,1.73390074904734e-13,1.08334547659474e-12
"ENSG00000279026",1.04314377348632,-0.896410793578537,60.649010376234,1.76617171544017e-13,1.1031295041355e-12
"ENSG00000271133",-1.35395234567907,0.475329926442104,60.643014054144,1.77051448387811e-13,1.10546232175678e-12
"ENSG00000120093",1.76834126173917,4.28294643877209,60.6028135701864,1.79990864813003e-13,1.123429598222e-12
"ENSG00000105220",-0.69892751503479,8.60041869818727,60.5540270687371,1.8362426882305e-13,1.14571464883486e-12
"ENSG00000171433",1.42589582896459,-0.909898725003095,60.5220255661586,1.86047682814186e-13,1.16043733025529e-12
"ENSG00000162949",2.36274588164074,4.86825975004481,60.4931150648504,1.882647422117e-13,1.1738632606604e-12
"ENSG00000169955",0.629324822195942,3.98865269775207,60.4893824063442,1.88552923912528e-13,1.1752572241676e-12
"ENSG00000196636",-1.0998431613923,3.42116556948034,60.4434759650502,1.92133744912001e-13,1.19716634205532e-12
"ENSG00000261167",0.740426971978582,1.73807646923758,60.3845563371099,1.96830316699695e-13,1.22601020552536e-12
"ENSG00000261737",-0.745747837724203,-0.403448642646432,60.3731206553569,1.97755201595756e-13,1.23134940315769e-12
"ENSG00000272711",-1.00236774072768,1.72748977534949,60.3617473793513,1.986793861186e-13,1.23668058683268e-12
"ENSG00000270175",0.955158983043144,0.397895771465454,60.3358604321995,2.00799213739722e-13,1.24944786161412e-12
"ENSG00000197191",1.37976930383242,0.875266644595224,60.2935761253057,2.04310957471426e-13,1.27086446459997e-12
"ENSG00000188659",1.29048276277323,1.13141704316273,60.2814353640389,2.05330654591344e-13,1.27677057972901e-12
"ENSG00000097096",1.22228408214762,3.80846300507598,60.2580097707307,2.07312687467652e-13,1.28865453166837e-12
"ENSG00000180891",1.01757006238983,5.73335639182595,60.2407720105196,2.08783481864383e-13,1.29735359349143e-12
"ENSG00000139714",-1.45206380167466,2.60313844974511,60.2268702406166,2.09977298092781e-13,1.3043261945736e-12
"ENSG00000108406",0.78775783075887,6.38378865778416,60.2170422199753,2.10825431878531e-13,1.30914747524982e-12
"ENSG00000173436",0.695439106274051,2.88067329057606,60.2125180131986,2.11217020044819e-13,1.31113145412122e-12
"ENSG00000123131",-0.688072579313634,6.93353700247591,60.1825611534608,2.1382847890655e-13,1.32688924406426e-12
"ENSG00000012171",1.76866223145906,4.24432976016237,60.1425378131419,2.1736835898457e-13,1.34839553656595e-12
"ENSG00000061987",0.562126348556747,5.85314696496339,60.1324335983515,2.1827133534921e-13,1.35353530423847e-12
"ENSG00000043143",0.925217329378737,5.58705767406067,60.1271589215296,2.18744215516024e-13,1.35600538234678e-12
"ENSG00000229689",-1.12916874915011,2.16547728216807,60.1235361245772,2.19069601297092e-13,1.35755976435826e-12
"ENSG00000118515",-0.921177895093758,5.91881783057134,60.0460475826733,2.2614740759768e-13,1.40094313671206e-12
"ENSG00000233806",1.18728031005141,-0.287711188077487,60.0177490051128,2.28789305857062e-13,1.41682665813015e-12
"ENSG00000109762",0.791582315026434,4.30152650337955,60.0102661543488,2.29493078094205e-13,1.42070119277651e-12
"ENSG00000166743",1.4515132534569,0.59344428613353,59.9680239610322,2.33507160933317e-13,1.44505894625899e-12
"ENSG00000215417",-1.20681339923932,0.272845113815171,59.9615785031891,2.3412583903519e-13,1.44839481645307e-12
"ENSG00000112309",-1.21092769026135,-0.648639096187331,59.8929287151983,2.40818762335649e-13,1.48929331838177e-12
"ENSG00000254093",-0.838388590927275,2.27998215148369,59.85689336567,2.44408869175362e-13,1.51098181936148e-12
"ENSG00000284753",-1.00555357423129,3.17401679565816,59.8377149675728,2.46341519270408e-13,1.52241235218831e-12
"ENSG00000185009",0.723754283469241,6.44794510642725,59.8025440455478,2.49925909535581e-13,1.54403955252484e-12
"ENSG00000039319",0.745837577241121,5.31698384870226,59.7918402111452,2.51027178786505e-13,1.55031657988759e-12
"ENSG00000205517",1.70401109001487,3.26286115379514,59.7831486843457,2.51925009912716e-13,1.55533336058808e-12
"ENSG00000181481",0.594861002154172,5.01187490537484,59.7717491445514,2.53107488505236e-13,1.56210349539641e-12
"ENSG00000104756",-0.813753464692066,5.24542054008392,59.7382431340708,2.56615583373345e-13,1.58321717448928e-12
"ENSG00000165283",-0.641399011587853,6.7578431769079,59.7188110492436,2.58672554464924e-13,1.59536670756461e-12
"ENSG00000130733",-0.656048932897013,5.55117840892251,59.714911305963,2.59087358367682e-13,1.59738334711573e-12
"ENSG00000237330",1.41473635989935,1.78348476389852,59.6775278258894,2.63097921215288e-13,1.62156048494194e-12
"ENSG00000198369",0.747523115429676,5.93007699926825,59.6224844583339,2.69117315210475e-13,1.65809814669652e-12
"ENSG00000066923",-1.32105020525444,2.21516001706571,59.5969435527401,2.7195738562775e-13,1.67502909915256e-12
"ENSG00000261556",-0.872687330546056,0.911235726534818,59.5845216690826,2.73349566531275e-13,1.68303382399148e-12
"ENSG00000092978",0.85928528811988,5.34779163051609,59.5748341849206,2.744402761869e-13,1.6891610518324e-12
"ENSG00000267666",1.37532059834413,-0.685627714552777,59.574034896772,2.74530463449338e-13,1.6891610518324e-12
"ENSG00000141012",-0.6589999473833,4.99605876204443,59.5599060371134,2.76129628754634e-13,1.69842600195782e-12
"ENSG00000154839",-0.82281059929425,4.02296546112208,59.5041841287572,2.82528591609383e-13,1.73719743887473e-12
"ENSG00000141391",-0.876000275377187,2.45518187279965,59.4888833472589,2.84311720546657e-13,1.74757065674302e-12
"ENSG00000168495",-0.621219746056294,4.90992196567076,59.468734740296,2.86677131930274e-13,1.76151475525265e-12
"ENSG00000105197",-0.641527895068658,6.06863213414734,59.4564267135528,2.88131827004806e-13,1.76985534264215e-12
"ENSG00000072110",-0.762097902492603,8.55895106855902,59.4315796025625,2.91091248845746e-13,1.78742999122431e-12
"ENSG00000054967",-0.73335818861137,2.77281312824122,59.3970762244336,2.95251692074474e-13,1.81236509465087e-12
"ENSG00000184898",0.771472745448117,3.81601874727432,59.3939390469165,2.95632936612508e-13,1.81409306717554e-12
"ENSG00000105085",-0.539854846399325,2.97563382718821,59.3811999602056,2.97186157921878e-13,1.82300905237205e-12
"ENSG00000076242",0.505996121230184,5.4207101115346,59.3714777084892,2.98377084354991e-13,1.8296973736509e-12
"ENSG00000063854",0.75938053005888,5.2477651103559,59.3674317202368,2.98874114443637e-13,1.83212753404141e-12
"ENSG00000100442",0.566587042598715,5.28346361653071,59.2926778714825,3.08208977159259e-13,1.88871458105546e-12
"ENSG00000139173",-0.788782004032989,2.72006110127946,59.2894618368077,3.08617110980646e-13,1.89057865089794e-12
"ENSG00000124535",-0.555122818276589,6.35614317379112,59.2833739561743,3.09391191988697e-13,1.8946824915456e-12
"ENSG00000123609",-0.770215381201838,5.05141599080231,59.2751373674378,3.10441601163743e-13,1.90047520766279e-12
"ENSG00000214198",0.88819270865633,-0.414443528353226,59.272056439242,3.10835434374526e-13,1.90224592207398e-12
"ENSG00000270170",-0.73063233926888,4.24662388387951,59.2449150320793,3.14326747717395e-13,1.92296498065388e-12
"ENSG00000105518",0.907064516712286,4.27558942455704,59.239634686875,3.15010562263832e-13,1.92600793334386e-12
"ENSG00000227218",1.22394228580282,1.17901218686979,59.2394389769525,3.15035935875192e-13,1.92600793334386e-12
"ENSG00000010810",-0.808363506835,5.22460570995808,59.2360992661476,3.1546924412007e-13,1.92800894222306e-12
"ENSG00000154473",0.571452097496486,7.37055728860235,59.1925008809828,3.21181330350056e-13,1.96225933369393e-12
"ENSG00000138180",-0.752488356072559,5.50844130350904,59.1685832609816,3.24359109105939e-13,1.98100855487536e-12
"ENSG00000124942",0.893815252569716,10.2200382299349,59.1620132271611,3.25237564799765e-13,1.98570689109706e-12
"ENSG00000162545",1.41816867521183,6.0795080883849,59.1608550124493,3.25392674110167e-13,1.98598723379722e-12
"ENSG00000254635",-0.615119370044356,5.37182142860368,59.1355894639645,3.2879488766473e-13,2.00607897244083e-12
"ENSG00000162520",1.07082515674731,1.25488691221358,59.1224334706301,3.3058063017805e-13,2.01629795495586e-12
"ENSG00000116353",-0.562236460700944,4.5111194105238,59.1029958540406,3.3323693213329e-13,2.03181807631253e-12
"ENSG00000111554",0.731058564849417,3.97296926569681,59.1020526410924,3.33366375735498e-13,2.03192615344412e-12
"ENSG00000143977",-0.608289441531024,5.73352654705443,59.0960541241129,3.34190780967517e-13,2.03626865133574e-12
"ENSG00000071073",1.0198830992553,6.56686717179244,59.0762143883827,3.36932125522236e-13,2.05228449397134e-12
"ENSG00000079385",-1.57047837761378,5.36843267636875,59.0709980839683,3.3765664298371e-13,2.05557761335174e-12
"ENSG00000117643",1.14596584865232,4.0144331180214,59.0706948608119,3.37698807383715e-13,2.05557761335174e-12
"ENSG00000134698",-0.532368225326727,5.10396290355417,59.0218202486695,3.44564892286841e-13,2.09666987651825e-12
"ENSG00000160392",-0.681221157565073,4.52395972905246,59.0126889392613,3.45863216049383e-13,2.1035454989417e-12
"ENSG00000163517",0.97985070555695,5.43631160407243,59.0122472823184,3.45926137416683e-13,2.1035454989417e-12
"ENSG00000243364",-1.04249462322063,4.72210165218669,59.0044049616602,3.47045330552151e-13,2.10964587970673e-12
"ENSG00000143643",-0.584804206784523,4.99507299534641,58.9449765550255,3.55646019206618e-13,2.16120607996323e-12
"ENSG00000186416",-0.515961370229601,4.05948754108204,58.9391434351186,3.56501708806762e-13,2.16568239137521e-12
"ENSG00000185924",1.54334142822278,4.20909351269341,58.9267720434366,3.58323407828151e-13,2.17602208399947e-12
"ENSG00000064995",-0.538688177153825,5.13265836258392,58.9124798381821,3.60439638764299e-13,2.18781994074919e-12
"ENSG00000148180",-0.706865796108781,8.55476640347259,58.91202813085,3.60506727645994e-13,2.18781994074919e-12
"ENSG00000160404",0.672265433566195,4.00759389778509,58.8994998640148,3.62372488697289e-13,2.19840921428495e-12
"ENSG00000140830",-0.552590451432335,3.51616450372466,58.8977721616085,3.62630548143061e-13,2.19924121694765e-12
"ENSG00000165424",0.923141537163668,4.60903151832859,58.8894103892964,3.63882131378285e-13,2.20609606850275e-12
"ENSG00000132549",0.805766756691185,6.37776498645475,58.8851294271268,3.64524587386613e-13,2.2092546469136e-12
"ENSG00000140043",0.772371105328526,0.644627244423748,58.8780132474151,3.65595064563795e-13,2.21500434186752e-12
"ENSG00000256229",1.54912319006027,4.20585949154034,58.8714770208902,3.66581093136834e-13,2.22023873525566e-12
"ENSG00000132670",0.464268675209318,6.81177476692736,58.8693063843038,3.66909139390994e-13,2.22148582797716e-12
"ENSG00000148356",0.561621735108274,4.95101854713542,58.852650087738,3.69436261286759e-13,2.23604216981151e-12
"ENSG00000115694",-0.552355881916295,6.34958752295846,58.8483760540528,3.7008755017048e-13,2.23923897621447e-12
"ENSG00000142530",-1.3443314925661,2.09943624537286,58.8234512954393,3.73908784412865e-13,2.26160724007356e-12
"ENSG00000155367",1.28641656960097,2.41477527362694,58.7904466501446,3.79030052850716e-13,2.29182134350028e-12
"ENSG00000227885",-1.0066011928795,1.07044898222037,58.7787577053923,3.80860717772782e-13,2.30212520267576e-12
"ENSG00000168907",1.84721863574592,2.42567399831175,58.7677843805468,3.82587419714866e-13,2.3117940165362e-12
"ENSG00000116096",0.821268905660704,5.59985480487635,58.7418068873915,3.86706627651967e-13,2.33590838383725e-12
"ENSG00000171962",0.925223844028112,2.12196647675697,58.7221803781056,3.89848406723333e-13,2.35410452240504e-12
"ENSG00000166289",-1.43499026403496,4.07858804994689,58.7144813390289,3.91087874136804e-13,2.36080526213083e-12
"ENSG00000126226",-0.617905051259937,5.52391737074728,58.6667411059974,3.98862790528575e-13,2.40693975916846e-12
"ENSG00000121440",-1.00320226033431,4.77101822636332,58.6627644017411,3.99517422623999e-13,2.41009050835333e-12
"ENSG00000027697",-0.627740288921182,6.57346595713044,58.6577362984283,4.00346683896737e-13,2.41429227013059e-12
"ENSG00000110172",-0.635691259106349,5.45044700875081,58.6534351009602,4.01057437432836e-13,2.41777682201804e-12
"ENSG00000204706",-1.38273610852086,-0.735905249980595,58.6394301659186,4.03380519073986e-13,2.43097577233852e-12
"ENSG00000183569",1.55671714004724,2.2687789574059,58.6118465113342,4.0799574415004e-13,2.4579750230543e-12
"ENSG00000188610",-0.979186049548086,1.39373708184487,58.5816880459804,4.13102745963975e-13,2.48791812701748e-12
"ENSG00000145780",0.586997101973914,5.44545283429629,58.5622516763069,4.16428192990088e-13,2.50711551608862e-12
"ENSG00000204851",-1.32041699439969,1.12002925397241,58.5600418587302,4.16807984718572e-13,2.50857168301171e-12
"ENSG00000168427",-1.90840205673628,0.00602707086890151,58.5576719339413,4.17215681569761e-13,2.51019477882594e-12
"ENSG00000141376",0.673103285512024,4.77264532053042,58.5455160380214,4.19313183810859e-13,2.52198022061902e-12
"ENSG00000104980",-0.723912028099368,5.16342266210961,58.5441653975526,4.19546892536227e-13,2.52255169634674e-12
"ENSG00000071967",1.2985968819401,7.47343729690751,58.5233356227687,4.23167862562789e-13,2.54348218251553e-12
"ENSG00000197892",1.01442674018997,5.29915855968996,58.502038502231,4.26902662540353e-13,2.56508279692234e-12
"ENSG00000240875",1.43155377997779,1.77894426217596,58.4958185131284,4.2799969887742e-13,2.57082513975644e-12
"ENSG00000164117",0.486775188046968,4.2999839643899,58.4856171918113,4.29805092013996e-13,2.58081710582719e-12
"ENSG00000116649",-0.774979512057046,6.32717712068265,58.4667818274883,4.33158712556812e-13,2.60009592870736e-12
"ENSG00000260077",-0.802495520390068,1.96070176367523,58.442575401262,4.37507425976126e-13,2.62533324435954e-12
"ENSG00000142676",-0.654940417582725,9.47143015437902,58.4099568700205,4.43437109023688e-13,2.66003764476347e-12
"ENSG00000146731",-0.867284532859359,8.52251843751083,58.4043188701465,4.4447021894349e-13,2.66535586618668e-12
"ENSG00000154767",0.656216686120119,4.46462172421269,58.3676478382286,4.51249333052189e-13,2.70511630506039e-12
"ENSG00000238164",1.39870910581789,0.843350490407338,58.3267013508377,4.58942123045152e-13,2.75032597494077e-12
"ENSG00000168228",0.501962616580199,3.18112107296153,58.3228827386774,4.59666249755363e-13,2.75375815235525e-12
"ENSG00000107798",0.682750746698678,6.72896332026252,58.2723858751397,4.69351087062164e-13,2.81085201563603e-12
"ENSG00000101413",0.53357677069491,5.81223299088517,58.2666085044447,4.70472172414203e-13,2.81663853583592e-12
"ENSG00000023318",-0.464219269542201,6.42628727198502,58.2412123488515,4.75432351718795e-13,2.84539770090867e-12
"ENSG00000001167",-0.713610624333069,6.17710230762191,58.2027955850648,4.83036032532262e-13,2.88995373674236e-12
"ENSG00000174282",0.526650374524101,6.59236545341122,58.1905831564316,4.8547878899188e-13,2.90361335553578e-12
"ENSG00000226268",-0.94490996611089,-0.8828586389331,58.1879650908151,4.86004079617815e-13,2.90579953980566e-12
"ENSG00000125434",0.923667837459581,3.77707672929695,58.184750735862,4.86649794103541e-13,2.90870406018902e-12
"ENSG00000183150",-1.20484468416475,1.67317988192208,58.1775636579116,4.88096699176633e-13,2.91639381229455e-12
"ENSG00000111906",-0.62282296146691,5.66267989014761,58.1441483468015,4.94881067244734e-13,2.95595955699416e-12
"ENSG00000204228",1.00574656164479,3.49673038990626,58.1420727936872,4.95305593827809e-13,2.95752401199612e-12
"ENSG00000176919",-1.2343431770505,-0.341245486433906,58.1406423267194,4.95598390439479e-13,2.95830112415925e-12
"ENSG00000057593",3.49648230611663,2.62619805531134,58.1356515822488,4.96621293639652e-13,2.96343441230905e-12
"ENSG00000223764",1.93588074998875,1.79694483880237,58.1190856660835,5.00031932216049e-13,2.98280773471482e-12
"ENSG00000166816",1.52531328630759,2.44642127827101,58.1144632525296,5.00987816305583e-13,2.98752996818556e-12
"ENSG00000167513",-0.890920319712968,4.86032748891709,58.1055747077644,5.02831089515621e-13,2.99753912032452e-12
"ENSG00000138640",-0.788122360262779,4.18384299575499,58.0865027057217,5.06809284901675e-13,3.02026450648482e-12
"ENSG00000196632",-1.69269680993624,2.39959455863849,58.0631239238826,5.11729153172163e-13,3.04858494526541e-12
"ENSG00000172113",0.522197378299018,4.87013986004636,58.060068011436,5.12375793684157e-13,3.05143776539864e-12
"ENSG00000100889",0.753694106366433,5.96416156798408,58.0527098914757,5.13936177428954e-13,3.05972870542645e-12
"ENSG00000225171",-0.985998730066142,-1.03997245892303,58.0503855396717,5.14430081360704e-13,3.06166698945958e-12
"ENSG00000198918",-0.748027600649695,7.19155356277805,58.0303242416401,5.18712871297998e-13,3.08614645180504e-12
"ENSG00000173809",-3.17198040249024,3.27190632442548,58.0151509281374,5.21976016979358e-13,3.10454538810352e-12
"ENSG00000231889",-0.76452486692004,0.929058660181201,58.0109370569424,5.22885912014245e-13,3.10894049287842e-12
"ENSG00000203797",1.23726897901305,1.40762493888654,58.0076097065391,5.23605511936155e-13,3.11220165068457e-12
"ENSG00000257103",-0.51883287399053,7.68687054299364,58.0033798089123,5.24521746050042e-13,3.11662904840188e-12
"ENSG00000067836",0.855469173195646,3.63412682148298,57.9884819561348,5.27761650708655e-13,3.13485594483639e-12
"ENSG00000117036",-0.681842387903945,6.31981297602684,57.9846922718685,5.28589025792069e-13,3.13788842870901e-12
"ENSG00000273015",0.654350367461401,3.98839002803251,57.9845632000832,5.28617228148472e-13,3.13788842870901e-12
"ENSG00000076685",-0.745886275579924,5.06546621534129,57.9794683111329,5.29731681123567e-13,3.14347791721874e-12
"ENSG00000070193",3.26137056406379,4.30797835201476,57.903825396112,5.46559279623732e-13,3.24227663985533e-12
"ENSG00000226525",-0.857836388962255,0.224127414555597,57.8299729748622,5.63508650802591e-13,3.34173307492583e-12
"ENSG00000115652",-0.548911469765633,5.53342964440016,57.8010580714982,5.70288232556478e-13,3.38083519352582e-12
"ENSG00000028839",-0.617961696830823,3.7395517795838,57.7926790754908,5.72268156863513e-13,3.39146733041172e-12
"ENSG00000136542",2.03571173578329,4.51174674024165,57.791756961948,5.72486471705742e-13,3.39165600891988e-12
"ENSG00000021300",-1.60968452473772,5.52083253498817,57.7636355611707,5.7918484150407e-13,3.43022269530317e-12
"ENSG00000100979",-1.23004478100488,6.58436745343489,57.7481614421665,5.82904349900763e-13,3.45037806268362e-12
"ENSG00000111077",0.706546879429818,5.6936350582839,57.7478998334232,5.82967439335098e-13,3.45037806268362e-12
"ENSG00000114861",0.763765474143296,5.79612803545831,57.7295788225163,5.87402896222078e-13,3.47549898389302e-12
"ENSG00000204767",-1.95240322556261,0.952563545449584,57.7286477628617,5.87629209254637e-13,3.47554803280043e-12
"ENSG00000143772",-0.937946516894381,6.2754175651892,57.7279726407451,5.87793366444585e-13,3.47554803280043e-12
"ENSG00000188895",0.925324137483745,7.38137882555688,57.6703561881148,6.01974667771642e-13,3.55824350257739e-12
"ENSG00000198455",0.662583970260883,4.63305606890671,57.6338771134438,6.11131255025018e-13,3.6111940436631e-12
"ENSG00000184227",1.17969727910329,2.21227756335546,57.6218143813312,6.14189913336754e-13,3.62808903662516e-12
"ENSG00000119906",0.543411939343663,5.63594578498105,57.6126882523971,6.1651421286739e-13,3.64063652715328e-12
"ENSG00000099904",-0.767972817445785,4.78763478079828,57.6071091535064,6.17939499492931e-13,3.64786874935977e-12
"ENSG00000159873",1.0630251284339,6.57691355737444,57.5954086928118,6.20939405459042e-13,3.66438867828976e-12
"ENSG00000086548",3.4298929449406,7.15286990198783,57.5808372670744,6.24695947917408e-13,3.68536162851827e-12
"ENSG00000163565",-0.902090002140419,6.82568416741199,57.5453339992417,6.33944997114103e-13,3.73871323200756e-12
"ENSG00000198894",0.616080648787911,5.21240605158972,57.5397978726948,6.35399622951154e-13,3.74607725842321e-12
"ENSG00000183496",-1.0241045173047,2.74054841298638,57.511586527751,6.4286464513312e-13,3.78886006664977e-12
"ENSG00000116990",-1.3306897289139,3.60355166372116,57.4764359416047,6.52289751207168e-13,3.84316358761126e-12
"ENSG00000136504",0.62182417780859,6.21001142584213,57.4548410291646,6.58149085523522e-13,3.87642991175577e-12
"ENSG00000130038",1.26722690928221,3.48323248145997,57.4417656235986,6.6172259689575e-13,3.89621579551308e-12
"ENSG00000105419",1.18650523950084,4.13326359851762,57.4269236712729,6.65802623920916e-13,3.91897026662577e-12
"ENSG00000244513",-0.695683608102089,-0.221761163833849,57.3967008026283,6.74189440209499e-13,3.96705193740873e-12
"ENSG00000113658",0.555765942405787,6.2910973484016,57.3701946294576,6.81632532543488e-13,4.00955126193433e-12
"ENSG00000113396",-2.4424899535645,2.24547222045663,57.3647584446223,6.83169256992091e-13,4.01729144719436e-12
"ENSG00000163655",-0.536576009272111,7.28884854147831,57.3530606907521,6.86487887697341e-13,4.03550151953434e-12
"ENSG00000204713",-0.400010966450052,6.47682081023661,57.3465194420077,6.88350710010465e-13,4.0451446570825e-12
"ENSG00000142669",-0.650439095724871,7.02284901398696,57.3449696890869,6.88792796379087e-13,4.04643520043373e-12
"ENSG00000160741",-0.505091594373338,6.1776280758034,57.3348152347582,6.91696574345085e-13,4.06218188381931e-12
"ENSG00000081052",-1.41529643820621,2.33676476187709,57.3325677528356,6.92340933297584e-13,4.06465361356244e-12
"ENSG00000261790",0.941917827468196,-1.39672079500506,57.3124661272081,6.98131109508454e-13,4.09732449814126e-12
"ENSG00000065675",-1.45636093380404,1.99314651635098,57.2326409384274,7.21610489238035e-13,4.23375857363271e-12
"ENSG00000112812",-1.80408422960895,3.77464037017936,57.1809315045769,7.37243482532247e-13,4.32408399235618e-12
"ENSG00000280789",0.6455042637753,3.58578336977108,57.1612766879281,7.43274796141178e-13,4.35805351135259e-12
"ENSG00000166851",-0.75812087857185,5.46141892612277,57.0786657672731,7.69173925471026e-13,4.5084548361157e-12
"ENSG00000113048",0.50590640529959,6.08704562414176,57.0749891543135,7.70347495064879e-13,4.5138789433763e-12
"ENSG00000171206",0.525468576807899,6.58741591986915,57.0697176908966,7.72033289969242e-13,4.52229999290196e-12
"ENSG00000107951",-0.566410829829963,5.21882891878277,57.0120051502319,7.90734689436825e-13,4.63035496827977e-12
"ENSG00000272086",-0.842666774747287,1.32334899341739,57.0100597289252,7.91372990146701e-13,4.63260120527461e-12
"ENSG00000173230",0.533672389731208,7.99441596565261,56.9713722468696,8.04174985195530e-13,4.70602787346728e-12
"ENSG00000186854",-1.41392264437169,1.40683647658455,56.9582300509924,8.08571201676422e-13,4.73023255583492e-12
"ENSG00000078898",3.40219304695255,2.60322209642244,56.9541359409893,8.09945673916973e-13,4.73674981260511e-12
"ENSG00000196843",-1.14913767305012,5.24806349740585,56.9440989571732,8.13325261691363e-13,4.75498549008117e-12
"ENSG00000189091",-0.549586972906288,8.01553471328845,56.9195174315693,8.21662382288919e-13,4.80218361473999e-12
"ENSG00000123908",-0.778640443618395,6.84893005250624,56.9152589585347,8.23115429005087e-13,4.80913055661565e-12
"ENSG00000115207",-0.434412084978144,6.16274824437957,56.9127498837954,8.23972771065091e-13,4.8125936930417e-12
"ENSG00000091073",-0.733654345258246,4.46624039309568,56.9088908399247,8.2529315090373e-13,4.81875821144046e-12
"ENSG00000176055",0.657117215810367,3.21520831895328,56.9046150368028,8.26758617836398e-13,4.82576564223633e-12
"ENSG00000255302",0.645399287420619,7.02615368493683,56.9032229028685,8.27236316794551e-13,4.82700485398117e-12
"ENSG00000261040",-2.21892519428786,1.5677151794468,56.8972696243492,8.29282276202512e-13,4.83739128915051e-12
"ENSG00000112357",0.656950123795255,3.74878465480095,56.8866023939463,8.32961049021006e-13,4.85729258082528e-12
"ENSG00000211452",2.73077896194066,3.39148945426477,56.8243995812563,8.54742921805544e-13,4.98271290442283e-12
"ENSG00000287839",-1.3605842060651,1.41305527894833,56.8202249000279,8.56225197019348e-13,4.98975452848058e-12
"ENSG00000227057",-0.528837429863512,5.89948688377638,56.8176338787159,8.57146476527706e-13,4.99352341931003e-12
"ENSG00000163918",-0.699735669979392,5.20793652908596,56.8146938017426,8.58193079246843e-13,4.99801976475875e-12
"ENSG00000115325",0.8090757459762,3.68946272472749,56.8006290266776,8.63217687048252e-13,5.02442337011876e-12
"ENSG00000047662",1.66870134882316,0.90999387248509,56.8004572084218,8.63279251793552e-13,5.02442337011876e-12
"ENSG00000103260",1.53827438429593,5.32525097624694,56.7949378744518,8.65259259400252e-13,5.0339562243688e-12
"ENSG00000232354",1.33540039846708,-0.917846741774752,56.7939755173644,8.65604964280319e-13,5.0339562243688e-12
"ENSG00000160049",-0.560902959078583,5.75616622917068,56.793578916341,8.6574747469901e-13,5.0339562243688e-12
"ENSG00000205885",-1.00747982098635,1.96722859393186,56.7920348014859,8.66302546036527e-13,5.0355738917585e-12
"ENSG00000157020",-0.514729516348947,7.07164976403248,56.7643464218859,8.76316980981872e-13,5.09215758789083e-12
"ENSG00000274964",-0.927121648600485,0.681737968401412,56.7541302430046,8.80041421549557e-13,5.11216652032684e-12
"ENSG00000275484",1.24942592612841,-1.51193625639486,56.7357436220857,8.86784769371527e-13,5.14969392890464e-12
"ENSG00000167094",1.31973167099277,-0.507113212505143,56.7330300700059,8.87784375893341e-13,5.15385324888225e-12
"ENSG00000203706",-1.10985151144511,1.29880989604435,56.6948004792291,9.01988609407986e-13,5.2346422552369e-12
"ENSG00000148225",0.784958399425151,3.45651342820384,56.6711177349026,9.10902697643809e-13,5.28468844170513e-12
"ENSG00000085982",0.493206228605456,5.50200692784754,56.6577767239972,9.15963265413322e-13,5.31235327529895e-12
"ENSG00000085721",0.487346511546381,6.34573851370958,56.6342499998957,9.24956709270158e-13,5.36280287797438e-12
"ENSG00000172803",-1.37791180886778,0.0880687311281943,56.6178172389336,9.31291152947335e-13,5.39780863282541e-12
"ENSG00000225339",1.26871310495221,-1.50783138977789,56.5995755539862,9.38374147559152e-13,5.43712933921818e-12
"ENSG00000079335",1.37021454241729,3.67347925090641,56.5969448610742,9.39400082013509e-13,5.44134034766296e-12
"ENSG00000140563",-1.67167444915652,3.23585806440751,56.5881039266441,9.42856222143154e-13,5.45962081131477e-12
"ENSG00000132842",0.447855675613361,6.27287610849006,56.5778695112564,9.46873126403745e-13,5.48113571706916e-12
"ENSG00000168803",0.642591851597081,3.25254502602778,56.5747481985264,9.48101641095267e-13,5.48650100166743e-12
"ENSG00000152689",-0.833950268992241,4.24891754214646,56.5462130081243,9.59407569810927e-13,5.55016058515304e-12
"ENSG00000230454",1.18181691796036,0.190103333481436,56.5297117009778,9.66007500415903e-13,5.5865642027232e-12
"ENSG00000107105",-1.94659722436514,2.76672564170831,56.50227870274,9.77081210898251e-13,5.64880898404876e-12
"ENSG00000035664",-0.931452571188761,4.05630290728619,56.4910919075728,9.81633581546295e-13,5.67332430288021e-12
"ENSG00000124201",0.649354183809673,6.95618639565536,56.4603317306847,9.94261752511207e-13,5.74448308598279e-12
"ENSG00000012174",0.639206509206947,5.29642269890317,56.4564863295455,9.95851907735385e-13,5.75184328291241e-12
"ENSG00000103175",-1.62609118198574,1.97191964104835,56.4540778638891,9.96849165539186e-13,5.755775435818e-12
"ENSG00000152332",0.625676668389086,7.9317208425965,56.4308390211757,1.00652341632062e-12,5.80978987497287e-12
"ENSG00000112159",-0.625587529806455,6.28731599765182,56.3994132931161,1.01975661925171e-12,5.88430627885471e-12
"ENSG00000156172",0.724294112591876,2.85777487129775,56.3911199772998,1.02327805889351e-12,5.9027533571694e-12
"ENSG00000182899",-0.693866182968706,9.13299916237251,56.3573849905032,1.0377291905958e-12,5.98421639776677e-12
"ENSG00000134259",-1.52028899056271,-0.425469167672624,56.3326634139782,1.04844975297346e-12,6.04412174550915e-12
"ENSG00000100296",-0.647574386571676,5.22403934734135,56.3278472326936,1.05055126373806e-12,6.05431761244225e-12
"ENSG00000112964",1.45925408909003,4.05787038325802,56.31619534624,1.05565307983238e-12,6.08179227620885e-12
"ENSG00000168818",0.425044174504465,4.96208390618111,56.3141884800963,1.0565343116889e-12,6.08494175459079e-12
"ENSG00000151552",1.32015600237195,6.05056078060355,56.2788137849555,1.072190004445e-12,6.17315346655447e-12
"ENSG00000159479",-0.463516240554801,5.31330324277221,56.2581837990845,1.08142795907079e-12,6.22437079733527e-12
"ENSG00000165879",0.752157312854133,2.5331195251552,56.2558958476083,1.08245741907663e-12,6.22832506743619e-12
"ENSG00000131143",-0.72377234433703,7.84739465253249,56.2308420666945,1.0937951997467e-12,6.29157087064928e-12
"ENSG00000184428",-0.921781491689121,5.66319322231714,56.2182655370228,1.0995316259554e-12,6.32256756651178e-12
"ENSG00000197971",-0.997901647287197,5.26497493376777,56.2128814241228,1.1019967015897e-12,6.33473957285505e-12
"ENSG00000154556",-1.66601922038191,5.91105970276678,56.1717960981966,1.12099177540359e-12,6.44189523255626e-12
"ENSG00000165555",0.87007881624018,-0.431748423770236,56.1509147689968,1.13077210206224e-12,6.49604642839797e-12
"ENSG00000130311",-0.565395547775615,5.50729828068199,56.1454334350613,1.13335366032621e-12,6.50882108431103e-12
"ENSG00000166579",-0.42949724111357,5.29452345561805,56.1415083537068,1.13520591747085e-12,6.51740063982317e-12
"ENSG00000246082",1.40220546828022,1.92610564121783,56.1195415268909,1.14562862275807e-12,6.57516358179989e-12
"ENSG00000276075",1.28164594045166,-1.14331220382836,56.0837040094564,1.16284019634361e-12,6.67184147984152e-12
"ENSG00000164855",1.2252303007118,4.37527663478322,56.0712987901823,1.16885857648159e-12,6.70425726554626e-12
"ENSG00000237190",0.592097671094898,4.46153516851621,56.0595389617741,1.17459284859317e-12,6.73502355933564e-12
"ENSG00000185222",-0.868544919716169,5.43045112540941,56.0572468946393,1.17571379495251e-12,6.73932634812362e-12
"ENSG00000104356",-0.753647375504994,4.46432627118222,56.0452726651041,1.18158741302022e-12,6.77086070195706e-12
"ENSG00000158050",-0.955346846154263,3.65541974913277,56.0253871733085,1.19140713020143e-12,6.82289985870453e-12
"ENSG00000149292",0.769943707217768,3.75135516476493,56.0253631056899,1.19141906483646e-12,6.82289985870453e-12
"ENSG00000204604",0.618137823288178,4.86146191287602,56.0054955725989,1.20131220843231e-12,6.87738950172075e-12
"ENSG00000084072",-0.545633931477416,5.54872072780018,56.0002585727883,1.2039337699943e-12,6.89022888881573e-12
"ENSG00000117425",-1.05363739495557,1.46463103596252,55.996369065174,1.20588453074524e-12,6.89922234828389e-12
"ENSG00000261609",-0.745925623893244,4.4308405485815,55.99137830827,1.20839228697332e-12,6.91139588536816e-12
"ENSG00000143702",-0.683575940025183,5.37108308285772,55.9852582280203,1.21147468624284e-12,6.92519679424421e-12
"ENSG00000148290",0.587816740702175,5.22127836719953,55.9850756613586,1.21156675826287e-12,6.92519679424421e-12
"ENSG00000198915",-1.59716121599701,3.9056922334248,55.9647709158004,1.22185101043625e-12,6.9817864209282e-12
"ENSG00000176890",-0.863504833346979,3.46429647704024,55.9573287501169,1.22564243914678e-12,7.00125147085479e-12
"ENSG00000119878",-0.482305662211715,4.92841773767639,55.9562480535089,1.22619398825193e-12,7.00220290685277e-12
"ENSG00000272264",1.34417315887501,0.178732843132509,55.9127304114037,1.24861307739921e-12,7.12798953287411e-12
"ENSG00000163220",-2.83838723165772,8.50278893016868,55.9004851177581,1.25499572221347e-12,7.16217828541533e-12
"ENSG00000259015",-1.07925808922417,-1.0293547354533,55.8803551383793,1.26555970876656e-12,7.22020074750508e-12
"ENSG00000198742",-0.494280470413953,5.42751713164715,55.8478976371713,1.28278225475945e-12,7.31616295063183e-12
"ENSG00000204463",-0.428286764927461,8.01699951106734,55.8433614731601,1.28520797980616e-12,7.32769991746534e-12
"ENSG00000003096",-1.68022739163684,3.23149139542091,55.8364389910305,1.28891871399592e-12,7.34655392358438e-12
"ENSG00000164609",0.432140892018145,5.85751396114685,55.828864663984,1.29299124410853e-12,7.36745762777131e-12
"ENSG00000234690",-1.24384570004863,0.719776069760245,55.8181160247208,1.29879280917016e-12,7.39819718546413e-12
"ENSG00000093009",-0.747997146546858,4.24397607009613,55.8132558585783,1.30142469001946e-12,7.41086795932186e-12
"ENSG00000085231",0.553272412520417,3.95717552517512,55.8054893977239,1.30564155916624e-12,7.43255357687498e-12
"ENSG00000134297",-0.655150003372747,2.14186126015866,55.7796440601159,1.31977399972324e-12,7.51065378816219e-12
"ENSG00000002919",0.543329696891046,4.95297300323691,55.7405783994265,1.3414288173118e-12,7.63150057218235e-12
"ENSG00000267892",-1.34648616514565,0.339629593095591,55.7242468587399,1.35058757810026e-12,7.68120289883915e-12
"ENSG00000271109",1.29098195235799,-0.2120855428796,55.7180164682716,1.3540981891032e-12,7.69876144526694e-12
"ENSG00000288398",0.585749318265932,2.86894364671118,55.715179504215,1.35569976872749e-12,7.70545856050489e-12
"ENSG00000137221",-0.537690963270853,5.05891159265851,55.7051818724775,1.36135907576611e-12,7.7352073945748e-12
"ENSG00000055130",-0.429595445623872,6.6216489215405,55.697367778534,1.36579894257575e-12,7.75801098300055e-12
"ENSG00000117020",-1.29779574201387,5.65016945421018,55.6350642628288,1.40172544244419e-12,7.95959486330779e-12
"ENSG00000168026",0.703950716469789,2.48621302785262,55.6262676165069,1.40687412869322e-12,7.98595459227463e-12
"ENSG00000267348",0.829038238126629,-0.64449425685368,55.6256340654795,1.40724568222126e-12,7.98595459227463e-12
"ENSG00000120334",-0.573464217505888,4.16901965768118,55.6190344930351,1.41112196938514e-12,8.00545426674263e-12
"ENSG00000117000",-0.519935678716077,5.2721585795402,55.611290421467,1.41568421659937e-12,8.02883209588689e-12
"ENSG00000103154",-1.72240033707527,-0.0459676011649533,55.5997472068518,1.42251227180558e-12,8.06504152107227e-12
"ENSG00000131475",0.588963727261426,5.89213107647909,55.5921882890991,1.42700151721345e-12,8.08797245094365e-12
"ENSG00000005073",-2.14201419555036,1.02615995084215,55.5557137366612,1.44886541473043e-12,8.20933463025456e-12
"ENSG00000188342",-0.53128791401136,4.90935511823541,55.5536619342933,1.45010531329314e-12,8.21380113303508e-12
"ENSG00000132382",-0.576206783882233,6.14773159405508,55.5013549011892,1.48207826103469e-12,8.39229122406568e-12
"ENSG00000225614",-1.18545204847779,4.94830428607267,55.4945840286264,1.48626863814611e-12,8.41339993482773e-12
"ENSG00000140534",-0.917457471998899,4.15222064044188,55.4866244117218,1.4912099909099e-12,8.4387452752549e-12
"ENSG00000165219",0.51595635083946,6.21556960459149,55.4835187134254,1.49314250770386e-12,8.44705316644413e-12
"ENSG00000250986",2.04368121155908,-0.273688143829395,55.4762755540142,1.49765937444311e-12,8.46997161143383e-12
"ENSG00000250899",-1.18153444085114,2.36466596279191,55.4377962093047,1.52188735480023e-12,8.60431681974093e-12
"ENSG00000159377",-0.633383628508733,8.41408994355218,55.4318531346171,1.52566441025465e-12,8.62299076871087e-12
"ENSG00000083720",-0.973352215676594,5.75443051999272,55.4042105195658,1.54335699942682e-12,8.71930504924696e-12
"ENSG00000170234",0.436752779111312,4.38694097684313,55.4037335708034,1.54366407843497e-12,8.71930504924696e-12
"ENSG00000073060",-0.826011157107211,6.67099865021879,55.3792630809564,1.55950213717504e-12,8.80603069572793e-12
"ENSG00000157693",0.714735816770986,5.76538305882649,55.3630705642831,1.57007243776244e-12,8.86296632465029e-12
"ENSG00000198542",1.24757931580353,4.07480247477525,55.3572754159076,1.57387298040907e-12,8.88166359530876e-12
"ENSG00000187672",-1.60644724585006,-0.304628782477406,55.3373932969276,1.58698262371134e-12,8.95286599257501e-12
"ENSG00000127152",-1.4812152430951,3.38053788215729,55.3272417315882,1.59371866006701e-12,8.98807906644925e-12
"ENSG00000127252",-1.76704987630075,2.28255624526929,55.3060987775794,1.60784070821784e-12,9.06491221359768e-12
"ENSG00000163870",-0.543910898782749,5.40466641058129,55.2477443582657,1.64747581585101e-12,9.28549431010169e-12
"ENSG00000188070",-0.667260199215998,4.60572614085232,55.2414066848927,1.65183934399164e-12,9.30720383783145e-12
"ENSG00000164615",0.53118733366882,5.49256578111866,55.2184829817299,1.66772001441381e-12,9.39377256802673e-12
"ENSG00000065328",-0.905805699301916,4.85648157441364,55.197372525038,1.68248069958115e-12,9.4739811034e-12
"ENSG00000151090",1.13169337776317,4.51057670038121,55.1948555223937,1.68424938671696e-12,9.48100521374438e-12
"ENSG00000163624",0.723662363477762,5.83104152793822,55.1766785023592,1.69707809338156e-12,9.55026496362121e-12
"ENSG00000169857",-0.584793607142694,3.63391778964754,55.1654732926745,1.70503539250618e-12,9.59207662199268e-12
"ENSG00000064999",-0.573250361879353,5.98756355015698,55.1536514578248,1.71347137941499e-12,9.63655456054418e-12
"ENSG00000154914",-0.87524961817212,3.29317482650644,55.1520089470403,1.71464679061555e-12,9.64018418167405e-12
"ENSG00000111897",0.599962552287393,7.98485359275769,55.1290998528781,1.73112598597753e-12,9.72982677161907e-12
"ENSG00000075223",1.34741430907635,6.9959941834194,55.1157141187988,1.74082857969622e-12,9.78133772243279e-12
"ENSG00000246089",-0.779531994144344,1.8945439130102,55.1044017630192,1.74907104224981e-12,9.82461523052485e-12
"ENSG00000166592",-1.68104679582945,0.565789790145194,55.1010409350939,1.75152739999241e-12,9.83537522416239e-12
"ENSG00000267397",-1.07319344457688,-0.551896557684574,55.0873795337427,1.76154809402312e-12,9.88859158459645e-12
"ENSG00000197044",0.76869049083744,3.19543954827536,55.0823057574566,1.76528443659337e-12,9.90650827916083e-12
"ENSG00000108106",-0.848715882188693,5.09136308211654,55.0721443961184,1.77279133994642e-12,9.94554992172614e-12
"ENSG00000144843",-0.563825856616575,3.94446244470254,55.0714100774806,1.77333507786221e-12,9.94554992172614e-12
"ENSG00000125611",0.732037346620475,3.96913127298919,55.0676464175484,1.77612458101902e-12,9.95812388396235e-12
"ENSG00000100519",0.448977201225857,6.20352851867988,55.0412488878283,1.79581434496798e-12,1.00654148863722e-11
"ENSG00000167978",0.413134119401195,9.32624897805145,55.037882138383,1.79834136203356e-12,1.00764734111726e-11
"ENSG00000147650",-0.956024792704534,4.63828081581085,55.0140466993836,1.8163346486035e-12,1.01741590972591e-11
"ENSG00000164603",-0.518257237077183,3.86339239853213,55.0121007705759,1.81781161553944e-12,1.01792973101698e-11
"ENSG00000126453",-0.796090309277956,4.32613041683322,54.9719505219826,1.84855758495133e-12,1.03482811188349e-11
"ENSG00000143199",1.66122588385934,-0.291997813399161,54.9186635182091,1.89017487687606e-12,1.05780002032683e-11
"ENSG00000130332",-0.773879863735081,5.022359837177,54.9091776933673,1.89768181096748e-12,1.06167446256156e-11
"ENSG00000163884",-1.52088424000443,0.920827853044381,54.9002423921072,1.90478056906741e-12,1.06531823463093e-11
"ENSG00000081377",-0.822840226213527,3.63174713895822,54.8897197914227,1.91317472459123e-12,1.06968404214157e-11
"ENSG00000124608",-0.591066097238842,4.74233052963371,54.8753721019242,1.924680403108e-12,1.07578632980112e-11
"ENSG00000231503",-0.684067488296598,-0.412184154180885,54.8734674567692,1.92621301112836e-12,1.07631220419056e-11
"ENSG00000227799",-0.675873827806749,0.0344787275963445,54.8427739515733,1.95108153735354e-12,1.08987318800326e-11
"ENSG00000196588",-0.455095302984369,5.71763167770344,54.8396738504165,1.95361124014348e-12,1.09095122001012e-11
"ENSG00000155621",-0.463116459814312,3.16683216314653,54.8116494298818,1.97662999114317e-12,1.10346673661486e-11
"ENSG00000171903",2.13215540871166,2.32038433117427,54.7856503565927,1.99822970563574e-12,1.11518262921457e-11
"ENSG00000204536",-0.747248872220604,5.07719549687705,54.7779141155736,2.00470271975079e-12,1.11845193456526e-11
"ENSG00000145592",-0.787151193527691,9.34471816264458,54.7324371991854,2.04318369348427e-12,1.13957145099945e-11
"ENSG00000256269",-0.587099610184895,4.63748125603383,54.7267889758621,2.04801474345498e-12,1.14191576192395e-11
"ENSG00000108622",-0.73392087122977,2.04026202164129,54.705737957282,2.06612184696287e-12,1.15165872364575e-11
"ENSG00000135835",-0.957929752164103,1.69548477930104,54.6667453707731,2.10008907180684e-12,1.17023345704727e-11
"ENSG00000142082",0.589820086707783,4.44934289092276,54.664509302388,2.10205394329718e-12,1.1707431757628e-11
"ENSG00000226237",-1.19096782098414,0.301655246809713,54.6642394555975,2.10229118761894e-12,1.1707431757628e-11
"ENSG00000164053",0.557917178766014,4.13907004992313,54.6403496844238,2.12340201402359e-12,1.18213761343927e-11
"ENSG00000183853",-0.919953968229793,5.63551570809095,54.6124834518166,2.14829705913473e-12,1.19563117844377e-11
"ENSG00000102001",1.60484061099503,0.327210902448711,54.6114638043728,2.14921355024311e-12,1.19577534572719e-11
"ENSG00000267519",-0.995310602441992,3.85083676414868,54.5945498135995,2.1644740272605e-12,1.20378938816039e-11
"ENSG00000163006",-0.700010402680088,3.13084756213456,54.5940338999009,2.16494121875556e-12,1.20378938816039e-11
"ENSG00000183814",-0.647508262427396,4.27330045888181,54.5904654196243,2.16817548221361e-12,1.20521930533316e-11
"ENSG00000145365",-0.755738901558358,4.85258812004109,54.577567486402,2.17990611078127e-12,1.21136976299694e-11
"ENSG00000117751",-0.361319629017163,5.80704839763752,54.5735309591372,2.18359045379392e-12,1.21304652332327e-11
"ENSG00000132746",1.79730111275031,6.45197334439336,54.5650009379257,2.19139690783776e-12,1.21701151022147e-11
"ENSG00000197302",0.583351986629059,4.27002586498484,54.563526317242,2.19274929310738e-12,1.21739084685705e-11
"ENSG00000150527",0.609750255770319,5.78338332610916,54.5521393985386,2.20322070316092e-12,1.22283119161095e-11
"ENSG00000111834",1.38610331253656,0.214245696646191,54.5339493526497,2.22005300263057e-12,1.23179755984884e-11
"ENSG00000110315",0.688036653877781,6.02781208854054,54.4851210391375,2.26588083210056e-12,1.2568417375494e-11
"ENSG00000178796",2.13307625248068,-0.240737261923135,54.4737401477984,2.2766987683964e-12,1.26245723169493e-11
"ENSG00000204394",-0.581140393455356,6.93886369266737,54.4571894701938,2.29252379315605e-12,1.27078310141548e-11
"ENSG00000285130",-0.97305685756038,-1.42069341266168,54.4565776410571,2.29311091865274e-12,1.27078310141548e-11
"ENSG00000261652",0.686977252999753,1.22268536201151,54.4027782518219,2.34533550456308e-12,1.29932872851031e-11
"ENSG00000137714",-0.575313166392091,4.20316970106075,54.3778405814889,2.36994848685634e-12,1.3125646491761e-11
"ENSG00000273702",1.06275377220251,1.23498203165511,54.3769742210039,2.37080823399422e-12,1.31264110075759e-11
"ENSG00000205221",-1.90633620928033,1.85856254905162,54.3583002049195,2.3894163556279e-12,1.3225412256896e-11
"ENSG00000287750",1.26694642406629,0.202360171878367,54.308629000779,2.43963247664887e-12,1.34992502236963e-11
"ENSG00000236060",1.31564858252242,1.14313394302711,54.2720704936245,2.47727086319401e-12,1.37033462468895e-11
"ENSG00000102882",0.583717814005839,6.35570798490511,54.2290347103574,2.52232910766404e-12,1.39483495926402e-11
"ENSG00000243836",-1.65803352089886,-0.132889790053559,54.2055187029456,2.54729854734318e-12,1.40821477140054e-11
"ENSG00000249307",-1.16621158673433,-1.01485528137017,54.158122256,2.59838458359572e-12,1.43602001842719e-11
"ENSG00000146733",-1.05062682767645,4.8411048222961,54.1569481437488,2.59966312617461e-12,1.43629018647825e-11
"ENSG00000162735",0.499456590357454,6.2893348062393,54.1173916810504,2.6431107020344e-12,1.45985112203467e-11
"ENSG00000236829",0.867202012353738,-0.735529804520135,54.0979703281036,2.6647098188162e-12,1.47133400681934e-11
"ENSG00000176842",0.920911673093833,5.63151162823916,54.0926505057939,2.67065716366798e-12,1.47417033362043e-11
"ENSG00000253361",2.02571394921998,1.6682449884569,54.0886596148364,2.67512760431236e-12,1.47618995349615e-11
"ENSG00000259985",-1.1679310265771,-0.239794942803198,54.0878031015344,2.67608802039377e-12,1.47627203260303e-11
"ENSG00000105366",1.35583087060394,1.7578949527215,54.0782723339383,2.68679844852327e-12,1.48173105463133e-11
"ENSG00000105492",1.42731544601411,-0.218579854981274,54.0765562872746,2.68873148483968e-12,1.48234762795587e-11
"ENSG00000104953",1.3888480350435,2.02440171832674,54.0754872223337,2.68993643928417e-12,1.48256254417274e-11
"ENSG00000141505",-0.970713461730778,0.169050066476635,54.0722462450288,2.6935927083879e-12,1.48412796668159e-11
"ENSG00000232810",-1.48206625579585,2.09156687345807,54.0698491284396,2.69630021044042e-12,1.48516984335222e-11
"ENSG00000164061",1.49321153636117,2.15648814055771,54.0327198702562,2.73858931056929e-12,1.50800673268648e-11
"ENSG00000106266",-0.686782309915153,5.48171225998249,53.9499949390903,2.83523204319069e-12,1.56075061748039e-11
"ENSG00000284726",-0.986105674042853,-1.42797955135329,53.9114582592188,2.8814194953718e-12,1.58569615073592e-11
"ENSG00000160075",-0.543301597450233,7.18310175719882,53.8570279317849,2.94795194030958e-12,1.62181941592107e-11
"ENSG00000110944",-1.1210485842757,0.804812204813265,53.8318992836583,2.97918839991603e-12,1.63850857628282e-11
"ENSG00000227791",-0.849069064832033,-1.29673828117878,53.8115428269346,3.00473732210563e-12,1.65206053248057e-11
"ENSG00000117122",-1.08708326531398,5.08555720139132,53.7484299372799,3.08536215188603e-12,1.69587690596867e-11
"ENSG00000286931",1.03241628393417,-0.71704353350556,53.739557255813,3.0968703526096e-12,1.70168815629195e-11
"ENSG00000213918",0.802367644899775,4.14921632543335,53.7277164743987,3.11229575715817e-12,1.70964769650235e-11
"ENSG00000165675",-0.497699485143986,4.40071746833859,53.7237258006764,3.11751198905646e-12,1.71199601621253e-11
"ENSG00000287625",-0.785454090437273,-0.0573876859696603,53.719012047632,3.12368472148128e-12,1.71486802639003e-11
"ENSG00000003402",-0.536346785012971,6.50673232769438,53.7082633897666,3.1378063959106e-12,1.72210086689264e-11
"ENSG00000230551",0.794437302737857,3.62448409368015,53.6747110919771,3.18230322735333e-12,1.7459949049503e-11
"ENSG00000205763",-0.797322482132053,2.09127394860711,53.6446578051412,3.22269979112673e-12,1.76762556697868e-11
"ENSG00000176244",-1.44858869062524,3.11399580575677,53.6381359680766,3.23153428578331e-12,1.77193685830048e-11
"ENSG00000105402",0.500349474910144,5.84612770011974,53.6336534370206,3.2376204912698e-12,1.77473904446097e-11
"ENSG00000258289",0.680901830705213,5.45440098678317,53.6281032928696,3.24517228124917e-12,1.77834267705212e-11
"ENSG00000161395",1.38894114508081,6.11705305956093,53.6273236209641,3.24623456205392e-12,1.77838898236858e-11
"ENSG00000164031",0.586592159033894,5.36619627226893,53.6112367478547,3.26823090701887e-12,1.78990014263352e-11
"ENSG00000164659",1.22197419197144,4.47478892225864,53.5981907198077,3.28617970175333e-12,1.79918833279619e-11
"ENSG00000124787",-0.780146601961604,3.33912382207207,53.5905835416149,3.29669154995664e-12,1.80440041861605e-11
"ENSG00000186141",-0.514183070790137,5.71723899669404,53.5840848856487,3.30569846219985e-12,1.80878590946122e-11
"ENSG00000156928",-0.508099590468681,4.1990726402157,53.5249925240757,3.38874588227363e-12,1.85366947689602e-11
"ENSG00000185339",-0.801562915462409,4.90077410932644,53.5108432918526,3.40894127681498e-12,1.86360678596047e-11
"ENSG00000074527",1.52785819069471,6.11225978436785,53.510828934864,3.40896183026748e-12,1.86360678596047e-11
"ENSG00000175274",0.771000244342763,7.42635566883931,53.4927396853584,3.4349579225445e-12,1.87725404733291e-11
"ENSG00000080371",0.488611948221218,6.31241922363588,53.4919251393173,3.43613320097289e-12,1.87733225170607e-11
"ENSG00000148835",-0.577404811479355,3.17272827304147,53.4798033551988,3.45367127927115e-12,1.88634754436588e-11
"ENSG00000033050",-0.597785828397347,4.57918046241704,53.4687975287109,3.46967294994963e-12,1.89451851136847e-11
"ENSG00000149571",-1.98508735028264,0.465214549242148,53.4578513540026,3.48566205950327e-12,1.90267771723426e-11
"ENSG00000246898",-1.14973395237024,0.183861880234877,53.4298486945386,3.52690467863946e-12,1.92461273012585e-11
"ENSG00000181007",-0.832588954729588,3.68583357750076,53.4154632870497,3.54828266401591e-12,1.93569781323099e-11
"ENSG00000156304",-0.386027443015795,5.86888761730695,53.4067457046644,3.56130130799276e-12,1.94221733702465e-11
"ENSG00000234160",-0.955242858821329,1.26118229493717,53.3975518122495,3.57508346143059e-12,1.948629296715e-11
"ENSG00000123415",0.516459457805028,4.98534280321883,53.3974734169576,3.57520121131403e-12,1.948629296715e-11
"ENSG00000105894",-1.72024421923312,4.06428256329911,53.3898102595629,3.58673018723315e-12,1.95432740100049e-11
"ENSG00000244026",-0.749667083216225,2.74118855236964,53.3744344572678,3.60997581063839e-12,1.96640431398296e-11
"ENSG00000114902",0.520645430073709,6.71178577126958,53.3709902396166,3.61520368307951e-12,1.96847328251627e-11
"ENSG00000154122",-0.90742800537694,6.83341034575325,53.3705064254544,3.61593866114298e-12,1.96847328251627e-11
"ENSG00000112182",-1.09826713470797,2.5232707677937,53.3640783123338,3.62571813441063e-12,1.97320650594436e-11
"ENSG00000068120",0.620809742630424,6.30127002923565,53.3611357470443,3.63020373120576e-12,1.97505669946666e-11
"ENSG00000136449",1.38871800996735,0.332564760087998,53.3332904296975,3.67292872201393e-12,1.99770417452121e-11
"ENSG00000255200",-0.888657520070883,-0.383413124619035,53.3301865581907,3.6777225141782e-12,1.99971351533253e-11
"ENSG00000100285",-2.21247201948285,3.35251369762435,53.3164387097485,3.69903144582339e-12,2.01069886242187e-11
"ENSG00000169641",-0.523462785624114,5.4817081038759,53.3060644868925,3.71519371420898e-12,2.01864547250105e-11
"ENSG00000083828",0.634577270097513,3.91834658232366,53.3052514124264,3.71646342954543e-12,2.01864547250105e-11
"ENSG00000185522",1.20051780957987,1.05609947094842,53.30492053862,3.71698025478669e-12,2.01864547250105e-11
"ENSG00000256894",-1.42401189412007,-0.272141129458939,53.293481969151,3.73489195151574e-12,2.02776760639308e-11
"ENSG00000104731",-0.616454676195076,4.7925038538091,53.2686440913521,3.77408599882249e-12,2.04843557584552e-11
"ENSG00000102003",1.69875011452324,2.60930870629644,53.2649870249546,3.77989176347402e-12,2.05097468359384e-11
"ENSG00000102572",-0.668399864790903,6.3578800617337,53.2403572079632,3.8192280743891e-12,2.07170057312821e-11
"ENSG00000243701",0.915185341040327,3.09677052960771,53.2251190764181,3.84377138573851e-12,2.08439218735277e-11
"ENSG00000176809",0.9820775099983,2.88073380853719,53.2166915421291,3.85741345381074e-12,2.0911664947216e-11
"ENSG00000286443",1.56198078222714,-0.358924955032366,53.2153443596964,3.85959872732651e-12,2.09172770121021e-11
"ENSG00000112406",-0.5780564012954,5.87554862978776,53.2113858517454,3.86602707632906e-12,2.09438811814626e-11
"ENSG00000095015",0.843007803341102,6.28804951892831,53.2109037588876,3.86681069976641e-12,2.09438811814626e-11
"ENSG00000226259",1.85191144245386,0.617468081084674,53.2065970944792,3.87381812888385e-12,2.09755892015896e-11
"ENSG00000128309",-0.803967345734534,5.25517669601275,53.1793053787779,3.91852355873753e-12,2.12113412161661e-11
"ENSG00000273297",-1.22355811461544,-0.710721823341168,53.1431197813062,3.97860109494428e-12,2.15301388619002e-11
"ENSG00000165060",-0.618819201356391,2.91591527455733,53.1404016548802,3.98315123101469e-12,2.15483505620747e-11
"ENSG00000196659",0.604736133298341,3.68596068379613,53.1043244152979,4.04404392546767e-12,2.1871266998634e-11
"ENSG00000151364",-1.86604780832293,0.574154669658485,53.0914594931609,4.06598425140444e-12,2.19833892879144e-11
"ENSG00000103044",-1.79745404232574,3.09932058109609,53.0849599003641,4.07711451140415e-12,2.20370159683265e-11
"ENSG00000184226",-1.80836372413136,1.52346003175949,53.0610037078291,4.11840443603181e-12,2.22535769110358e-11
"ENSG00000128989",0.492292268572117,7.57319388203851,53.0193000076291,4.19129199417106e-12,2.26406946213196e-11
"ENSG00000197291",1.65444860394888,1.91534719277818,53.0175661809307,4.19435029863567e-12,2.26504878953639e-11
"ENSG00000050767",-1.41988930759637,0.87015044783665,52.9974437577253,4.23000939880205e-12,2.28362751396295e-11
"ENSG00000285219",-0.945544438055126,1.85594267232461,52.9947295360271,4.23484263785482e-12,2.28555839457874e-11
"ENSG00000115041",-1.32893303620065,2.76025314484194,52.973380769625,4.27305329165351e-12,2.30549668551154e-11
"ENSG00000107789",0.6064238090903,4.61070991112062,52.9420882396304,4.32969090971266e-12,2.33536234477621e-11
"ENSG00000073910",0.951665143107028,4.90157079551275,52.9347594538351,4.34306463938731e-12,2.34188140116147e-11
"ENSG00000013588",1.4379937205302,8.36897729667025,52.9116711879392,4.38546960775723e-12,2.36404627225514e-11
"ENSG00000107014",1.92738445835299,0.925017999068966,52.8836432770147,4.43750854013533e-12,2.39138978749575e-11
"ENSG00000221926",-0.77912454318248,3.87102430361473,52.8410115967528,4.51785873317569e-12,2.43396962793245e-11
"ENSG00000100320",-0.517564568062839,6.64922469221641,52.8346238952618,4.53002374008718e-12,2.43966484784143e-11
"ENSG00000187824",-0.990728381226152,1.63457752432822,52.8340529168864,4.53111274247215e-12,2.43966484784143e-11
"ENSG00000100167",-1.41445463458576,5.25925214596443,52.8268780366936,4.54481960735753e-12,2.44632077592834e-11
"ENSG00000106268",-0.728159555787693,4.20524039535014,52.8031859402716,4.59037864776474e-12,2.47011262856642e-11
"ENSG00000139144",-2.32972060016076,2.24907699998425,52.7900442470267,4.61584797013193e-12,2.48308319670984e-11
"ENSG00000273045",0.705614183078996,2.22521990615382,52.7740999113517,4.64694041014697e-12,2.49907014132919e-11
"ENSG00000166840",2.03117006113238,2.42714493658936,52.7540068214574,4.68642419966203e-12,2.51955907015823e-11
"ENSG00000153933",0.927585961728112,4.03164554849881,52.7027742900566,4.78863651884504e-12,2.57375062070785e-11
"ENSG00000119185",-0.461771904897271,5.59014381958524,52.6916427736427,4.81114031337325e-12,2.58508183219004e-11
"ENSG00000261324",1.4186382724865,3.08480158573317,52.6877500915698,4.81903501777209e-12,2.58855903435437e-11
"ENSG00000100227",-0.531994310966489,6.87443103739849,52.6628213109115,4.86990348468753e-12,2.61511085265713e-11
"ENSG00000135324",-2.1550624185159,1.24161691362026,52.6606857719731,4.87428626587683e-12,2.61669181238984e-11
"ENSG00000237440",1.15246141339848,4.26038585144854,52.6587902501279,4.87817979085791e-12,2.6180092663359e-11
"ENSG00000134470",-0.92418609358009,3.96205896085449,52.64366903101,4.90935228896918e-12,2.6339616351555e-11
"ENSG00000178947",-1.40422338925454,1.62669354344724,52.6404152711607,4.91608616047299e-12,2.63679667020592e-11
"ENSG00000151689",-0.709686483416157,3.38230282516071,52.6250732593937,4.94796320548679e-12,2.65311187445147e-11
"ENSG00000087274",0.424324439967776,7.73601223746303,52.5801669554519,5.04247106463523e-12,2.70299038383688e-11
"ENSG00000164985",-0.81710220970578,6.48753665841045,52.5471115764087,5.11319949059775e-12,2.74009641529145e-11
"ENSG00000049541",-0.549891602144632,5.68262429744491,52.5300395599209,5.15011937320566e-12,2.75906836995183e-11
"ENSG00000273306",-0.705657171215491,-0.541806583052533,52.5225133129728,5.1664808883394e-12,2.76701868071605e-11
"ENSG00000158552",-0.595516797507152,4.53325178921516,52.5127624028629,5.18775664522465e-12,2.77715038271756e-11
"ENSG00000169193",0.768840797375259,3.52744847341204,52.5124144030034,5.18851758585926e-12,2.77715038271756e-11
"ENSG00000261824",-0.844998519948625,4.64090715545062,52.5116541205067,5.19018042025662e-12,2.77715038271756e-11
"ENSG00000002587",-0.886360617124997,2.6882232949327,52.5110481664653,5.1915061036066e-12,2.77715038271756e-11
"ENSG00000273004",-0.765270725893488,-1.38926215100027,52.4953195210247,5.2260363772447e-12,2.79480004790728e-11
"ENSG00000239998",1.01188556401121,1.11368351383251,52.4903575079331,5.23697785008594e-12,2.79982813454918e-11
"ENSG00000146410",-0.808814219522661,2.81630420492845,52.4545252532363,5.31667853038241e-12,2.84126927863342e-11
"ENSG00000132932",1.78597801299016,2.56485025158633,52.4541068540746,5.31761635389716e-12,2.84126927863342e-11
"ENSG00000117906",-0.553839407002636,6.44035413159585,52.4498910772262,5.32707514920271e-12,2.84548730730393e-11
"ENSG00000211976",-2.9605313431931,4.28949047890886,52.4391548247336,5.35124042164338e-12,2.85755610067087e-11
"ENSG00000139737",-1.79233678863361,2.65081440101622,52.4366385219917,5.35692011753729e-12,2.85974943051859e-11
"ENSG00000172432",-0.572617979541802,5.99188157425457,52.4131901810979,5.41013994169924e-12,2.88731294775897e-11
"ENSG00000145882",0.618234045695345,4.03669405867932,52.4032288808691,5.43290982247875e-12,2.89825794193189e-11
"ENSG00000175899",-1.0925689605848,9.54331704752439,52.4028249114902,5.43383526610279e-12,2.89825794193189e-11
"ENSG00000137098",1.05069410033867,0.064920162943686,52.3998996033385,5.44054152934484e-12,2.90098414939091e-11
"ENSG00000130707",-1.34042480547112,7.18963408677668,52.3981163343096,5.44463376485568e-12,2.90231532576773e-11
"ENSG00000184220",-0.662801370990941,5.259009481901,52.3810248695108,5.4840129695949e-12,2.92245027515359e-11
"ENSG00000105835",-0.748964551950412,6.83922053017009,52.3621351071061,5.52786979043955e-12,2.94495886785338e-11
"ENSG00000255224",-1.03650676433485,1.33210270925659,52.3587964698467,5.5356578917935e-12,2.94824438465418e-11
"ENSG00000007866",-0.538364131859112,5.56593043534769,52.349705176155,5.55692146537393e-12,2.95870279895261e-11
"ENSG00000259330",-0.649959918378765,4.17737500002901,52.3314459618946,5.59987704054064e-12,2.9807013056293e-11
"ENSG00000184489",-0.911970888751896,5.42572774103206,52.3213489049976,5.62377443630281e-12,2.99254562456043e-11
"ENSG00000093144",-0.877343459172166,5.59153636558154,52.3148045230722,5.63931838439133e-12,2.99993924467123e-11
"ENSG00000181704",0.542616141002285,6.57136177365123,52.3137404487485,5.64184982250222e-12,3.00040832080908e-11
"ENSG00000164758",-0.713378389398812,3.97581452567494,52.265452007187,5.75794258061099e-12,3.06125283999277e-11
"ENSG00000142396",0.629120323581359,1.95731767176424,52.2589164086105,5.77383919160347e-12,3.0688073412298e-11
"ENSG00000100216",-0.500136188971243,6.37949126557595,52.2398528080537,5.82046112341825e-12,3.09268322853436e-11
"ENSG00000145824",2.44667269066308,7.63888808850026,52.2277984869661,5.85013692709556e-12,3.10754352891396e-11
"ENSG00000203362",-0.818860498085073,0.171009074861437,52.2202921910772,5.86869327442374e-12,3.11649031460494e-11
"ENSG00000170248",0.445472985577308,7.54216178282653,52.2174539938576,5.87572505104761e-12,3.11931369610198e-11
"ENSG00000111875",-0.573576605301838,4.85436858196264,52.1983317487619,5.92332338882429e-12,3.14323407335114e-11
"ENSG00000078053",1.7358480663249,3.20681059430585,52.1979653183276,5.92423928054085e-12,3.14323407335114e-11
"ENSG00000131876",-0.648052008692547,5.48600682941456,52.184694584886,5.95750587262156e-12,3.1599625783389e-11
"ENSG00000179409",-0.529032586209466,5.13840396652973,52.1817737253839,5.96485303785842e-12,3.16293723185332e-11
"ENSG00000272518",0.943894835292751,0.627041611387776,52.170242745607,5.99394756684752e-12,3.17743859941191e-11
"ENSG00000179476",0.561417445110655,2.06689182228513,52.1584889687983,6.0237515641641e-12,3.19230750142822e-11
"ENSG00000254470",-0.553817784368686,5.21473999224684,52.1528880612209,6.03800629691622e-12,3.19892975614076e-11
"ENSG00000245248",-1.22181821644076,0.289313211501878,52.1517464069285,6.04091606489832e-12,3.19953935318493e-11
"ENSG00000186377",2.2091917828581,4.97284118384416,52.1494141127868,6.0468648483567e-12,3.20175772523761e-11
"ENSG00000262406",-2.42223549718717,3.92577277734021,52.1282023332136,6.10123987969233e-12,3.22960858358103e-11
"ENSG00000144659",0.523470087306536,5.20209626223904,52.1218307161776,6.11766922633653e-12,3.23736304592984e-11
"ENSG00000107372",-0.48494038092943,7.27414830896894,52.0747558121294,6.24044360877132e-12,3.30137255254022e-11
"ENSG00000057019",-0.820644498268103,5.51906591255641,52.0729236217331,6.24527200492732e-12,3.30296618859023e-11
"ENSG00000114904",0.558787122092163,4.72805491544357,52.0664720033543,6.26230405559287e-12,3.31101122567218e-11
"ENSG00000127507",-0.948308305913551,3.00686668189689,52.0470702880627,6.31380672718323e-12,3.33727162900344e-11
"ENSG00000142632",-0.830087797256199,5.00795606812436,52.0396158030471,6.33370838735872e-12,3.3468183657548e-11
"ENSG00000121671",0.517129922165649,5.21497189597,52.0330187536441,6.3513736700943e-12,3.35517816763506e-11
"ENSG00000113763",2.44520668093416,2.69094336822841,51.9660234298296,6.53361006548242e-12,3.45044424712527e-11
"ENSG00000179119",0.543695899763086,5.68963407485975,51.9347811313022,6.62038761769674e-12,3.49525718405423e-11
"ENSG00000189042",-0.578327262647357,3.40747443334297,51.927790029377,6.63996449424193e-12,3.50457557229461e-11
"ENSG00000077150",-0.692322175047787,6.01272130375368,51.907757322455,6.69638517272579e-12,3.5333290838856e-11
"ENSG00000142552",-1.30240538976807,5.89688705960471,51.8980564798731,6.72388042031485e-12,3.5464377173028e-11
"ENSG00000128482",-1.21638684810269,-1.00342025308896,51.8976170891653,6.72512848415294e-12,3.5464377173028e-11
"ENSG00000155755",-0.603819981083187,4.95132574375861,51.8966312553116,6.72792953833642e-12,3.54688644763081e-11
"ENSG00000205791",-0.920934538504598,0.70799733771506,51.8774105036016,6.78277727661845e-12,3.57476537546034e-11
"ENSG00000167113",0.528834963854954,5.41947267834628,51.8766708712868,6.78489685584115e-12,3.57484658209846e-11
"ENSG00000174371",-0.773677147384435,4.79657817796366,51.8634858695736,6.82279368065821e-12,3.59377270384627e-11
"ENSG00000112218",-1.37280701033648,1.33723341403734,51.8542079685173,6.84958847188803e-12,3.6068417813173e-11
"ENSG00000159259",-0.658133462597981,5.0162479590872,51.852281095407,6.85516662199439e-12,3.60873431319346e-11
"ENSG00000088002",1.70451943730287,3.043387286687,51.8504953540396,6.86034029706417e-12,3.61041288550356e-11
"ENSG00000111860",-0.83689213805572,2.74621576643839,51.8365704761684,6.90081897082802e-12,3.63066518488343e-11
"ENSG00000175772",-0.997258914136375,-0.112720593371127,51.834947137078,6.90555355852443e-12,3.63210549804633e-11
"ENSG00000224023",1.11825515262865,-0.941595927165779,51.8162889981946,6.96020719777972e-12,3.6597932498762e-11
"ENSG00000196670",0.514837765200118,5.25435800053771,51.8115680354266,6.97410492165216e-12,3.66604104956675e-11
"ENSG00000169118",0.51261220844105,5.11930831938648,51.7750064146848,7.08268827967774e-12,3.72204375702915e-11
"ENSG00000204574",-0.455953797579193,6.95366378453735,51.7219149771766,7.24340641468869e-12,3.80540369354009e-11
"ENSG00000183963",-0.824198179836333,5.62969220668554,51.7059392182481,7.29248439664052e-12,3.83008103396182e-11
"ENSG00000127946",0.666329724762756,6.59427948063084,51.6779115716115,7.37939789804753e-12,3.87460995870925e-11
"ENSG00000126945",0.428609567289984,6.7138396467516,51.6637245205224,7.42378933252279e-12,3.89679308455771e-11
"ENSG00000120645",-1.38749865218161,0.448110769643247,51.6488869593036,7.47050440201999e-12,3.92018274852682e-11
"ENSG00000164068",0.512210362786871,4.59576743925084,51.6397780818974,7.49932985671929e-12,3.93417396694579e-11
"ENSG00000164591",1.64199207466753,0.548758234173357,51.6241020798974,7.54920018027266e-12,3.95919414298729e-11
"ENSG00000271816",0.834503730549594,-1.68752098719709,51.5986055101594,7.63102832285552e-12,4.00095540893907e-11
"ENSG00000171847",-1.48411358725832,1.28148909234422,51.5318549272721,7.84951858146602e-12,4.11432403342087e-11
"ENSG00000165480",-0.805257357349569,4.2317079580116,51.5275267711219,7.8639015695976e-12,4.1198192701808e-11
"ENSG00000182557",-1.22552589088336,-0.771814496633954,51.527336961777,7.86453293713862e-12,4.1198192701808e-11
"ENSG00000164080",-0.481933036155527,5.28819837765174,51.515209860532,7.90497777937976e-12,4.13981387421132e-11
"ENSG00000272871",-1.06665380324523,-0.245073857779406,51.5112850220687,7.91811230897593e-12,4.14549875289736e-11
"ENSG00000266074",-1.22315861019448,4.7577450953218,51.5091091333293,7.92540343425991e-12,4.1481219471171e-11
"ENSG00000196668",1.74223170529164,1.31066846603623,51.5005066564541,7.95429560348514e-12,4.1620462726176e-11
"ENSG00000248671",1.0370101105972,0.969842072118671,51.4995719167993,7.95744139997931e-12,4.16249479962105e-11
"ENSG00000196154",-1.15887086562662,6.78011882231088,51.4918449627022,7.9834939926724e-12,4.17492204539176e-11
"ENSG00000156502",-0.489008168147134,5.25243577107958,51.4597669166753,8.09257311983611e-12,4.23074791329632e-11
"ENSG00000131015",-1.51598677800789,1.16941368637516,51.4538070381234,8.1130042456876e-12,4.24021037990132e-11
"ENSG00000110900",-1.29053427014934,2.43954032971715,51.4482535582223,8.1320890147041e-12,4.24896394712549e-11
"ENSG00000183684",-0.707277831689113,6.32981760297324,51.4318027372117,8.18888910984776e-12,4.27741284118067e-11
"ENSG00000107821",1.2866161375101,3.80385153328565,51.4077425234,8.27268371977684e-12,4.31994175984213e-11
"ENSG00000108582",0.863451693397234,7.50811359351359,51.4044681968448,8.28415389114917e-12,4.32468975235996e-11
"ENSG00000043039",-1.84047748574539,5.41002979321021,51.3715587687049,8.40033226910406e-12,4.38408158710085e-11
"ENSG00000145715",0.680125277771251,5.54320954485315,51.3696113360233,8.40725846170862e-12,4.38643766212153e-11
"ENSG00000250508",1.84306931333607,0.45695610934785,51.3272476309157,8.55936199414016e-12,4.46451608687758e-11
"ENSG00000127527",0.481109748893793,5.91134746714814,51.3127663266975,8.61199005248632e-12,4.49067875787331e-11
"ENSG00000099260",-1.08840462399827,4.74222947668695,51.2935401814405,8.68236650769378e-12,4.52607859105573e-11
"ENSG00000170185",0.54708640539124,5.69163823327469,51.288362329409,8.70141875637391e-12,4.53471072610111e-11
"ENSG00000120158",-0.652665493212667,4.66722204516152,51.2647428711858,8.78886443085502e-12,4.57897067511862e-11
"ENSG00000109180",0.5093543361758,7.1405365476439,51.213415691399,8.98195998374043e-12,4.67823276587259e-11
"ENSG00000177453",-1.49713924205319,0.1662037743936,51.2018250197656,9.02615365226785e-12,4.69990502798304e-11
"ENSG00000165861",0.438245284130203,4.83461284392983,51.1919607305868,9.063937569148e-12,4.71759469524005e-11
"ENSG00000157429",0.623552190588199,1.76844371128572,51.1916021165765,9.06531419609851e-12,4.71759469524005e-11
"ENSG00000131620",1.38002476076156,6.96131467787596,51.1800504303971,9.10977113169069e-12,4.73937406588073e-11
"ENSG00000100580",0.528216270651024,5.48822141965927,51.1441347942717,9.24940295152933e-12,4.81064171811311e-11
"ENSG00000173207",-0.740336151757074,5.76080000058249,51.1310700486444,9.30072945199948e-12,4.83595389573947e-11
"ENSG00000159111",0.633999349467867,5.55565216316137,51.1283136274781,9.31159504520762e-12,4.8402197965772e-11
"ENSG00000075624",-0.518541776983704,12.4400164276371,51.1069670804489,9.39617609695898e-12,4.88279002432828e-11
"ENSG00000134109",0.624956924259179,6.46580619985521,51.056559982534,9.59899173018758e-12,4.98675982829625e-11
"ENSG00000140995",-0.548106960496914,5.21281245989669,51.0518440059967,9.61819114166409e-12,4.99530726683571e-11
"ENSG00000066322",-0.551125469134618,6.85633925039006,51.0356952669931,9.68422883416908e-12,5.02816882774385e-11
"ENSG00000182544",0.468180983248105,5.41572487818314,51.0347499370375,9.6881087488366e-12,5.02874777179909e-11
"ENSG00000233554",-0.818404833256577,-0.190650062423785,51.0301236377395,9.70711907690689e-12,5.03717779659865e-11
"ENSG00000142197",0.717900458454897,6.42158500105707,51.0262572699041,9.72303556276702e-12,5.04399802668587e-11
"ENSG00000204390",0.576165538367868,1.77102256507443,50.9834621495086,9.90097611079296e-12,5.13484327069012e-11
"ENSG00000163964",0.528443036486502,5.59117659951233,50.9713600560189,9.95188937894924e-12,5.15878902469751e-11
"ENSG00000176155",0.744888573236813,4.98135018618173,50.9711392109321,9.95282091910246e-12,5.15878902469751e-11
"ENSG00000142937",-0.702386289108633,9.95015819712298,50.9604212748312,9.99813579325463e-12,5.1808003933822e-11
"ENSG00000119048",0.458931588297999,5.91751853449157,50.9384183747494,1.00918160798957e-11,5.22785391230824e-11
"ENSG00000145391",0.700912643170342,6.89550260540798,50.9218287596032,1.01630335648392e-11,5.26320006341954e-11
"ENSG00000155097",0.626527090677367,6.93499980432735,50.9211784405447,1.01658356184258e-11,5.26320006341954e-11
"ENSG00000110047",-0.617907964174218,6.41414553452633,50.916453189136,1.0186218896286e-11,5.27225239856718e-11
"ENSG00000169174",-2.59655972398056,1.34248843749279,50.9128371104173,1.02018453842592e-11,5.27883823183231e-11
"ENSG00000103248",-0.474064114556803,4.12075776744808,50.9064281242928,1.0229600542093e-11,5.29169438736026e-11
"ENSG00000143889",-0.469492312684,5.52917089799204,50.8709451553733,1.03846491966928e-11,5.37037246486914e-11
"ENSG00000182568",-1.09352877196032,4.78477017965244,50.845796322358,1.0495974507584e-11,5.42640091938423e-11
"ENSG00000100439",0.659661091540183,5.47051303752182,50.8272771509644,1.05787214500064e-11,5.46762676137301e-11
"ENSG00000165609",-0.598790616965013,6.28383918904323,50.8104676337056,1.06543989070964e-11,5.50517634438263e-11
"ENSG00000172175",-0.589851204004985,5.16656953678731,50.7707677250359,1.08353052388859e-11,5.5970613940601e-11
"ENSG00000108666",0.606764228261092,4.38500098650073,50.7663520299379,1.08556173946873e-11,5.60596164606962e-11
"ENSG00000187514",-0.567134594663705,9.69026660256959,50.7482008377272,1.09395169171907e-11,5.64768474850594e-11
"ENSG00000104635",-0.809705922296903,6.41736806131073,50.7104221484308,1.11162430943652e-11,5.73729368332334e-11
"ENSG00000178700",0.600949053161136,3.78717799976286,50.7093383783039,1.11213551682439e-11,5.73830376737645e-11
"ENSG00000249898",-0.889305775031309,0.937796993531951,50.6951641551873,1.11884327765686e-11,5.77033210251858e-11
"ENSG00000110484",3.63962227699705,8.40326699123636,50.6948815716486,1.11897742058407e-11,5.77033210251858e-11
"ENSG00000079156",1.19568400442748,3.5933206141154,50.6699169142857,1.13089243579273e-11,5.8301223418929e-11
"ENSG00000109738",1.34269170276162,3.22868215952265,50.6608805916489,1.13523672244339e-11,5.85086016089556e-11
"ENSG00000148498",-0.74211989288227,6.11634261406892,50.6536801212126,1.13871045517989e-11,5.86710078153311e-11
"ENSG00000189143",-0.898745261615068,8.32722717031671,50.616921757776,1.15661162283851e-11,5.95764718102146e-11
"ENSG00000140153",0.414510396271292,4.65210077048699,50.6155420356199,1.15728904118527e-11,5.95944877720205e-11
"ENSG00000152092",-2.06640138659079,0.656299420732956,50.5898158449044,1.16999368343163e-11,6.02316589704343e-11
"ENSG00000156239",0.603245021884244,3.92077857903358,50.5690351477573,1.18035868328642e-11,6.07480580973782e-11
"ENSG00000136270",-0.523988343879591,6.26516821393078,50.5619011060482,1.18393831643639e-11,6.0915049785983e-11
"ENSG00000118655",-0.618063053101727,4.36810355925203,50.5577975709151,1.1860022970136e-11,6.10039869289689e-11
"ENSG00000145348",0.588116720404934,5.0148580518608,50.5524991425349,1.18867264963455e-11,6.11240547117705e-11
"ENSG00000198721",0.90347515995751,4.43344851410832,50.5028507030319,1.21399148740297e-11,6.24083583179347e-11
"ENSG00000204469",-0.41867500590259,8.66434552274559,50.4826431376198,1.22445170219503e-11,6.29283061868413e-11
"ENSG00000159593",-0.494406655974483,5.8397133017555,50.4727743960217,1.22959313481038e-11,6.31746890845512e-11
"ENSG00000145386",-0.690988830018983,5.31479649822742,50.4667373778461,1.2327490388735e-11,6.33189480910227e-11
"ENSG00000116406",0.674000250649911,6.68828542983033,50.4416260455449,1.24596411876812e-11,6.39796594922489e-11
"ENSG00000116299",1.33581178825138,8.33411249691152,50.4397361213995,1.24696447231061e-11,6.40129546214658e-11
"ENSG00000166224",0.530797842421615,7.06864634095271,50.415485640947,1.25987258369991e-11,6.46573435449605e-11
"ENSG00000230091",0.930703214208619,1.98970275241611,50.4063617760872,1.26476387752586e-11,6.48900575583647e-11
"ENSG00000145703",1.19206138039532,5.41230507449084,50.3981604707239,1.26917693288145e-11,6.50981107028985e-11
"ENSG00000110042",-1.12510886836263,5.08540068072555,50.3960303167483,1.27032568997703e-11,6.51386626707139e-11
"ENSG00000141562",-0.627758391863916,5.83451444961513,50.3854470945011,1.27604861562296e-11,6.54136759327799e-11
"ENSG00000124613",-1.08846895832325,2.65354850815534,50.3687587215604,1.28512581091599e-11,6.58604346264864e-11
"ENSG00000112984",-0.685778099216964,5.71049408422747,50.3582790977789,1.29085918444499e-11,6.61356249202405e-11
"ENSG00000162086",0.562793812351123,4.84870396709271,50.3551341419935,1.29258480891725e-11,6.62053858197321e-11
"ENSG00000137747",-1.13182147738961,5.23719518555768,50.346627178241,1.29726421330458e-11,6.64263556069361e-11
"ENSG00000147202",-0.691888155723263,4.65344119644293,50.3441748100794,1.29861635145915e-11,6.6476876443397e-11
"ENSG00000198134",-0.654312705477977,-0.597028007532603,50.3303653397643,1.30625692626343e-11,6.68491867610561e-11
"ENSG00000221823",-0.406436309939868,5.65822916486921,50.2868682022108,1.33062086685313e-11,6.80660495432727e-11
"ENSG00000103043",-0.42025158273819,5.64135871794417,50.286580858496,1.33078333063491e-11,6.80660495432727e-11
"ENSG00000165125",-1.90636257452809,4.23111405578761,50.2548959963247,1.34882120713930e-11,6.89692440692991e-11
"ENSG00000261236",-0.98078293620389,6.68985307464069,50.2528002912929,1.35002292975992e-11,6.90112901812067e-11
"ENSG00000197562",0.635226042618878,5.1394495215759,50.2383947825651,1.35831263607499e-11,6.94155387045011e-11
"ENSG00000163728",0.649627726838907,4.85858110199864,50.2124481018518,1.37337349457013e-11,7.01654975259595e-11
"ENSG00000119650",0.561564153184757,4.11546383637619,50.1990440648559,1.38121979175631e-11,7.05465475216616e-11
"ENSG00000136816",0.420479248918859,5.10544847858111,50.1956676557977,1.38320335329024e-11,7.06280252376276e-11
"ENSG00000241973",0.569240678758568,6.72529298583259,50.193969813898,1.38420188117684e-11,7.06591743329902e-11
"ENSG00000065534",-1.12527594637331,6.85734609804204,50.1842426421511,1.38993661686902e-11,7.09320066992529e-11
"ENSG00000132294",0.666454610408927,7.25436772887765,50.1823769067677,1.39103931282168e-11,7.09683675220215e-11
"ENSG00000185022",-0.917526903211994,4.2745202385839,50.1366749267093,1.4183275949856e-11,7.23402756522662e-11
"ENSG00000203727",-1.56923059886394,2.27619426621736,50.1179804466419,1.42964493928057e-11,7.28970623931456e-11
"ENSG00000147535",0.980629133238733,6.05916100224214,50.1063704458543,1.4367192557815e-11,7.32372472650055e-11
"ENSG00000080854",1.79170350914978,2.97078324041801,50.0899778262793,1.44676792772098e-11,7.37288177903873e-11
"ENSG00000105245",-0.700214982317789,4.78985644601691,50.0879100390459,1.44804050565336e-11,7.37729992067882e-11
"ENSG00000175595",0.561825123697542,3.94858822874726,50.0794705276556,1.45324615104872e-11,7.40164589638864e-11
"ENSG00000109534",-0.578994047249138,4.72317859110887,50.078844386786,1.45363311754455e-11,7.40164589638864e-11
"ENSG00000069509",0.547633616561741,4.45057832999427,50.0758023955926,1.45551460318267e-11,7.40915186193293e-11
"ENSG00000173040",-1.063723164208,2.24517179292968,50.0746645923734,1.45621897075416e-11,7.40986292756144e-11
"ENSG00000119986",-0.931070790523267,3.48786873344358,50.0742606807635,1.45646909863823e-11,7.40986292756144e-11
"ENSG00000142279",-1.00276138317254,3.49678365270438,50.0322197462563,1.48274194713431e-11,7.54141793469766e-11
"ENSG00000280206",-0.805115525946015,3.1470610826401,50.0214652901631,1.48953922818208e-11,7.57387181497781e-11
"ENSG00000177570",1.0359124400526,5.23501102596091,50.0167780568488,1.49251158819157e-11,7.58686438402132e-11
"ENSG00000143919",-0.557570226357516,2.94330375876952,50.0093874248421,1.49721043833238e-11,7.60862348488106e-11
"ENSG00000272800",-0.773136380300958,-0.68106213220031,49.9966325749668,1.50535489961527e-11,7.64787567435824e-11
"ENSG00000181143",-2.72677237508178,5.98304436305026,49.992765441477,1.50783302990868e-11,7.65832648645047e-11
"ENSG00000161091",-0.609362736643078,5.68764895143184,49.9551344198939,1.53216356991799e-11,7.77972948343619e-11
"ENSG00000265660",1.20530940546748,-0.354835367253512,49.9333972187458,1.54639791806213e-11,7.84981449447783e-11
"ENSG00000187134",-1.96451653243539,3.29948582695188,49.9020889394923,1.56713452389696e-11,7.9528579019637e-11
"ENSG00000230978",1.85054024722658,-0.473026594619941,49.8980841719485,1.56980718137379e-11,7.96419888837559e-11
"ENSG00000113070",-0.772320314894969,3.346481574942,49.8766692313832,1.58417706667464e-11,8.03486126287739e-11
"ENSG00000183718",0.642159753215309,3.12225818624543,49.8646832363157,1.59227776353029e-11,8.07369611460521e-11
"ENSG00000100897",0.511547078269721,6.42998145124413,49.8434193405086,1.60675185085967e-11,8.14481679582934e-11
"ENSG00000215018",-1.95658336561368,1.76813756216625,49.8332308027021,1.61373402566856e-11,8.17793102782383e-11
"ENSG00000012963",0.526396507302412,5.96460595463098,49.8281020542309,1.61726031366813e-11,8.19351826880109e-11
"ENSG00000177888",0.679416002245721,6.18126252352829,49.8079862818625,1.63116616526576e-11,8.26166811858914e-11
"ENSG00000053372",-0.539303343842199,5.85038492950814,49.7815945902029,1.64959359133711e-11,8.35267489956553e-11
"ENSG00000196083",-0.973960652641937,3.66916654565113,49.7545215435089,1.66871497588991e-11,8.44714388574609e-11
"ENSG00000159713",1.36708429980465,3.8790816476623,49.745414120697,1.6751975721975e-11,8.4775997337585e-11
"ENSG00000142606",1.36752050339305,0.900353216016101,49.7393472611078,1.67953000845928e-11,8.49716044335394e-11
"ENSG00000182606",0.569353851524961,6.22018158976923,49.7280214888396,1.68764817924713e-11,8.53585792106416e-11
"ENSG00000131781",1.44857216788022,3.82616275077886,49.7215776649099,1.6922846844287e-11,8.55692906321633e-11
"ENSG00000183621",-0.496108981541696,3.68770345198643,49.6725879361657,1.7279568599216e-11,8.73487475493443e-11
"ENSG00000081913",-0.752619953120931,4.98746750096291,49.6668881649848,1.73215613844591e-11,8.75179720654614e-11
"ENSG00000183978",0.642535931431016,5.69986462585204,49.6667380469844,1.73226687615824e-11,8.75179720654614e-11
"ENSG00000204514",0.778451355966167,4.23945319973034,49.651906787597,1.74324274492332e-11,8.80480395575265e-11
"ENSG00000135677",0.569059916782548,8.09329085490367,49.6358887573053,1.75517568987029e-11,8.86261394985034e-11
"ENSG00000165806",0.624807949886446,5.35935390339773,49.6219607765035,1.76561856067484e-11,8.91286993659561e-11
"ENSG00000267390",-0.852121643974839,0.207848160192885,49.5995014100474,1.78259023906517e-11,8.99604641179727e-11
"ENSG00000092010",0.684840287958114,7.65988613810687,49.596964573073,1.78451754274322e-11,9.00327463728534e-11
"ENSG00000213398",-0.752176469807873,1.84413892368449,49.5914239246557,1.78873423458567e-11,9.02204610611317e-11
"ENSG00000042062",1.76562376611302,2.79165274835746,49.5808878362424,1.79678043560303e-11,9.06011715074798e-11
"ENSG00000181610",0.599991505727158,6.0770833509198,49.5632701683046,1.81031634273275e-11,9.12584080976255e-11
"ENSG00000215068",1.04795386897041,2.09741188409922,49.5521127450763,1.81894189959189e-11,9.16678173171996e-11
"ENSG00000140105",-0.955698356909628,7.80701925806706,49.5511449131727,1.81969206004634e-11,9.1680219357681e-11
"ENSG00000106144",-0.471221496916283,6.3991338792295,49.5407650312518,1.82775708821596e-11,9.20610521198334e-11
"ENSG00000086200",0.517800375410706,4.91299027534462,49.5235661319017,1.84119984379851e-11,9.27124661102085e-11
"ENSG00000198417",-1.00334069573602,3.19367854791897,49.4955297958068,1.86332732640212e-11,9.38007124622245e-11
"ENSG00000231852",1.92880707733133,0.17506100649691,49.4934302275936,1.86499515205201e-11,9.38586934851186e-11
"ENSG00000169189",0.574146096638713,5.79828092164404,49.490745279927,1.867130177428e-11,9.39401484565987e-11
"ENSG00000213937",-1.891465816034,1.14511483224551,49.4883555395809,1.86903253241186e-11,9.40098553636805e-11
"ENSG00000138615",1.50631344687902,6.63570269353734,49.4842162168831,1.87233227110092e-11,9.41497908398772e-11
"ENSG00000175155",0.861449003493052,4.95998460682602,49.4832291693904,1.87311998176804e-11,9.41633671321094e-11
"ENSG00000196139",-1.53453684651168,4.20953022500006,49.4819336652475,1.87415436275222e-11,9.41893328260222e-11
"ENSG00000138678",-1.37651048181948,2.7262988565922,49.4753422106719,1.87942616685976e-11,9.44281854222248e-11
"ENSG00000128581",0.532213356473583,4.68626041400783,49.4570624967546,1.89412455879954e-11,9.51403962315547e-11
"ENSG00000113758",-0.720056948985371,6.92153180922877,49.4492154330763,1.90046976073075e-11,9.54327554063251e-11
"ENSG00000171160",0.698250788241186,3.06382303496825,49.3881814839524,1.95055990151446e-11,9.79210143216811e-11
"ENSG00000176826",-1.41174048972355,1.2973215345224,49.3697838172779,1.96591837981739e-11,9.86647999230648e-11
"ENSG00000144214",-0.959385236422191,0.120448229331313,49.3509774428346,1.98174413642438e-11,9.94316202849288e-11
"ENSG00000143033",-0.479810492482125,5.02526210753163,49.3465135178656,1.98551940747734e-11,9.95935658665136e-11
"ENSG00000198841",-0.538213880982311,2.12313653825675,49.3317921478763,1.99802118404418e-11,1.00193022595521e-10
"ENSG00000167635",-0.535296091511924,7.48273784706775,49.3058286907519,2.02026386176577e-11,1.01280482684112e-10
"ENSG00000103269",1.36688653082472,1.49107166032844,49.2831441370193,2.03990188633605e-11,1.02236802173271e-10
"ENSG00000260855",1.283034152727,0.437081466883959,49.2757845399055,2.04631436989493e-11,1.02529933222174e-10
"ENSG00000101782",-0.542595366449132,6.33712614018653,49.2690542652291,2.05219631648068e-11,1.02796327744838e-10
"ENSG00000114383",0.502506364399453,4.80930164286476,49.2413987456228,2.07654550878853e-11,1.03987361546932e-10
"ENSG00000118420",-0.660166905697709,2.05044032426502,49.2374820001099,2.080017470642e-11,1.04132556443811e-10
"ENSG00000144524",-0.415269758430576,5.40961137635324,49.23349619615,2.08355665988813e-11,1.0428103613111e-10
"ENSG00000136936",0.435192552597261,3.53523171434773,49.173326706184,2.13772807418842e-11,1.06962856157742e-10
"ENSG00000107960",0.468700993547694,4.56643288680578,49.169853036297,2.14089849468897e-11,1.0709202921178e-10
"ENSG00000163479",-0.606143605905744,8.19249745296587,49.1496334534064,2.15944729733829e-11,1.07990177189961e-10
"ENSG00000211584",0.542247711186381,4.99827094532322,49.1037029451633,2.20218711076566e-11,1.10097248957135e-10
"ENSG00000124659",-0.654174374928055,4.96430079509411,49.0952131904001,2.21018003949523e-11,1.10461936717099e-10
"ENSG00000158158",0.657499567958857,5.83457441601342,49.0946658667486,2.21069633632198e-11,1.10461936717099e-10
"ENSG00000187325",0.627128286776302,5.4133199464258,49.0882881277465,2.21672150775315e-11,1.10732575619374e-10
"ENSG00000227477",0.78797943930946,-0.678746839285661,49.0849143023543,2.21991552065993e-11,1.10861678994406e-10
"ENSG00000267107",-1.19185266966451,2.8802399736652,49.0643240329574,2.23950926915775e-11,1.11809482809336e-10
"ENSG00000135972",-0.544405311710513,4.02518073386372,49.0597485493038,2.2438869451871e-11,1.11997299009503e-10
"ENSG00000104723",-1.01905755621542,5.93692278860711,49.0477242867706,2.25543256543312e-11,1.12518195845486e-10
"ENSG00000197386",0.645020103489557,7.0709767892523,49.0475914061753,2.25556049072268e-11,1.12518195845486e-10
"ENSG00000168291",0.452962348385638,5.5252592598297,49.0383406371396,2.26448429880784e-11,1.12932383950417e-10
"ENSG00000103249",0.551017665697549,5.85954678705937,49.0311535683962,2.27144192082409e-11,1.13248315942841e-10
"ENSG00000151348",-0.46282512195133,6.86307607942712,49.0122449247723,2.28985007372445e-11,1.1413481266347e-10
"ENSG00000228314",2.43866642593978,0.559573469383396,49.0081623564559,2.29384429169622e-11,1.14302575280468e-10
"ENSG00000148218",0.560431375426968,5.74394201546969,48.9985558302143,2.30327067005987e-11,1.14740857154338e-10
"ENSG00000225511",1.39730357194154,-0.715597856767793,48.9925479050407,2.30918577997262e-11,1.15004027837191e-10
"ENSG00000090520",-0.504419149594244,5.48301325587803,48.9885437906443,2.31313654218962e-11,1.15169251106884e-10
"ENSG00000100023",0.414708762623009,5.52732782711686,48.9763144536485,2.32524519232822e-11,1.15740447613754e-10
"ENSG00000197959",-1.21427904423312,2.86565058332869,48.9740573343961,2.32748701608575e-11,1.1582033884697e-10
"ENSG00000140905",-0.740284494997491,0.435461894669339,48.9543902701575,2.34711329636891e-11,1.16735551442736e-10
"ENSG00000144908",-2.06109764833783,1.36157452325221,48.9543411942693,2.34716247870071e-11,1.16735551442736e-10
"ENSG00000152127",-0.631812964027165,6.5739096792582,48.9366003281498,2.36501010864305e-11,1.17591043892837e-10
"ENSG00000158966",-1.04816634991551,4.03999897257618,48.9332661797792,2.36837957125907e-11,1.17726394211697e-10
"ENSG00000165966",2.31338654448247,0.825599961696467,48.9082086534935,2.39385792838704e-11,1.18960349730884e-10
"ENSG00000166484",-0.541186814967553,4.21788936336314,48.8802721626887,2.42258969945391e-11,1.2035526209688e-10
"ENSG00000197506",-2.06006004044132,3.21982351051948,48.8779544357523,2.4249889756197e-11,1.20438422664504e-10
"ENSG00000124216",-0.913723545474621,3.0755839746701,48.8773761495899,2.42558798229645e-11,1.20438422664504e-10
"ENSG00000135317",0.52626253158844,6.00303989072263,48.8725987748715,2.43054224745192e-11,1.20651480340217e-10
"ENSG00000223547",0.800874514913679,3.62121128723662,48.8607098262368,2.44291575681899e-11,1.21232610600338e-10
"ENSG00000128272",-0.534902989365019,8.40305169194449,48.8465231572955,2.45776380931502e-11,1.21936192481783e-10
"ENSG00000171757",-1.03707443753986,0.702048047906721,48.8396056922075,2.46503674804969e-11,1.22263671594022e-10
"ENSG00000119729",-0.542964804222981,5.86587667649568,48.8354119794639,2.46945653235752e-11,1.22449496757139e-10
"ENSG00000177640",0.811319987276568,1.80301148192222,48.8035389022465,2.50331008718181e-11,1.24094314160978e-10
"ENSG00000010219",-0.73960179253863,4.14240035545821,48.7918670212305,2.51582398599758e-11,1.24680672090801e-10
"ENSG00000164168",0.472360699440848,5.46374512619176,48.7910692249663,2.5166816361511e-11,1.24689200758148e-10
"ENSG00000169282",-1.08901282445775,2.34613099087491,48.785148741803,2.52305551947361e-11,1.24970952582206e-10
"ENSG00000105642",-1.42322212417817,-0.366542359030716,48.7716665851634,2.53763098697228e-11,1.25629117891111e-10
"ENSG00000146063",0.539772594303991,4.78062974038426,48.7715801002935,2.53772475880769e-11,1.25629117891111e-10
"ENSG00000142453",-0.540198700541364,5.80933872836655,48.7709422264133,2.53841648606216e-11,1.25629167478908e-10
"ENSG00000240541",-1.66643358248932,0.956766500463934,48.7628162441904,2.54724517692496e-11,1.26031815228268e-10
"ENSG00000070190",-1.13851604919081,4.39866930316045,48.7360603539508,2.57653431206108e-11,1.27436322900131e-10
"ENSG00000161980",0.624202173787016,4.87770675543511,48.7356072911749,2.57703318466396e-11,1.27436322900131e-10
"ENSG00000138092",-0.526623441094888,3.91333049905054,48.7289395838391,2.58438635157971e-11,1.27765205116966e-10
"ENSG00000183856",-0.768065028069294,6.13134150870162,48.7237485248232,2.5901257153283e-11,1.28014148126063e-10
"ENSG00000197989",-0.805953297791963,3.50572011297058,48.6941983349818,2.62304290549047e-11,1.2958212928391e-10
"ENSG00000248290",2.03882394809391,-0.904311343371799,48.6939906099909,2.6232757863611e-11,1.2958212928391e-10
"ENSG00000235609",1.04850873554338,1.91278124639251,48.6803295127996,2.63863714230919e-11,1.30305545328047e-10
"ENSG00000234869",1.27569417417718,0.990152606305402,48.6544395894232,2.66799869129394e-11,1.31719761664642e-10
"ENSG00000120324",-1.08971255045339,2.0451837489769,48.6383537630413,2.68640726139843e-11,1.32592605889592e-10
"ENSG00000215458",-1.25370510621707,1.75962874071087,48.635244111481,2.6899806874098e-11,1.32732959149781e-10
"ENSG00000108799",0.510979418121723,5.06564329058533,48.6263445055806,2.70023410183576e-11,1.3320276062975e-10
"ENSG00000133321",1.47099105709969,6.72040172277385,48.601552620801,2.72900568684741e-11,1.34585562452225e-10
"ENSG00000074603",0.50636357579664,5.56221897198229,48.5932389209511,2.73872301242875e-11,1.35028176064121e-10
"ENSG00000172403",1.48538340032188,5.63852059908888,48.5889624307664,2.7437351008192e-11,1.35238628763414e-10
"ENSG00000280202",1.33514306280197,2.27880021766867,48.5858558911226,2.74738179635372e-11,1.35381685483829e-10
"ENSG00000270084",0.664105065399071,0.285188789404631,48.5821478638109,2.75174096538864e-11,1.3555976348453e-10
"ENSG00000087111",0.651611753046472,6.3476673263744,48.5725982996825,2.76299961129972e-11,1.36077543813483e-10
"ENSG00000160007",0.599720356757515,7.40662371553607,48.5568712605111,2.78164267691568e-11,1.3695862752502e-10
"ENSG00000168005",-0.619008134448594,4.87633098617691,48.5471146536103,2.79327202505752e-11,1.37493996188758e-10
"ENSG00000162396",-0.511358647388672,3.33312638319754,48.5330979264614,2.81006509779835e-11,1.38283181814817e-10
"ENSG00000137815",0.379534815769687,6.57981792673068,48.5109376243303,2.83682279930673e-11,1.39562166821182e-10
"ENSG00000272293",-1.04465136870329,-1.09093984860639,48.5049649049299,2.84407849355971e-11,1.39881286211098e-10
"ENSG00000187051",-0.747961809001649,5.67694520675012,48.4781373980292,2.87690027458696e-11,1.4145731871908e-10
"ENSG00000106692",0.568687438902349,5.02745859599962,48.4503838107285,2.91125722151967e-11,1.43107963094594e-10
"ENSG00000104866",0.667482085925061,5.76431782071683,48.4276814422247,2.93966865709689e-11,1.44465532383892e-10
"ENSG00000103091",-0.444517746998998,5.04458885497766,48.4191032988291,2.95047664476272e-11,1.44957507333723e-10
"ENSG00000014919",0.405882594389527,5.13153086866947,48.4049593673244,2.96838481906033e-11,1.45797955952118e-10
"ENSG00000272325",-0.867546748462242,-0.354603540842639,48.3959218199558,2.97988497407135e-11,1.46323293489227e-10
"ENSG00000183060",-0.680942283381827,2.58939915378696,48.388577365312,2.98926378508182e-11,1.46744209778861e-10
"ENSG00000173226",-0.546126832392696,5.00867227454367,48.3710823462146,3.01172490457642e-11,1.47806941620172e-10
"ENSG00000258938",-1.028848706245,-1.15194384056478,48.3376346231729,3.05514200886891e-11,1.49897283132743e-10
"ENSG00000099822",1.81566360268655,1.13589886800045,48.3295522677035,3.06572775223242e-11,1.50376095894291e-10
"ENSG00000139651",0.520185577121323,5.51151099350266,48.3241113816059,3.07287469909232e-11,1.5068602056374e-10
"ENSG00000085719",0.658617247023652,8.01543349006342,48.3133229861948,3.0870956747856e-11,1.51342577177899e-10
"ENSG00000145113",-2.26169187327259,1.39648124482679,48.2638648796528,3.15314461155741e-11,1.54538922648898e-10
"ENSG00000234807",-1.04989087143254,1.70170988481584,48.2570311523787,3.16238213481663e-11,1.54949909127276e-10
"ENSG00000039123",0.56571969657294,6.17148152400669,48.255985610934,3.1637978561488e-11,1.54977526010327e-10
"ENSG00000167968",1.20014879889941,0.0867085377284617,48.2538912944957,3.16663560030942e-11,1.55074766554733e-10
"ENSG00000022567",-0.785669745488802,4.84209758377132,48.2305981764205,3.19837077277388e-11,1.5658672305575e-10
"ENSG00000065485",-0.659745172187998,5.30049947643016,48.2123227114667,3.2234942011505e-11,1.57774253311424e-10
"ENSG00000139977",0.451294935915586,5.14275039139241,48.2116422686271,3.22443344552832e-11,1.57777765690797e-10
"ENSG00000147166",-0.874389941104803,-0.699006457536691,48.2104044299678,3.22614279513039e-11,1.5781894878384e-10
"ENSG00000133193",0.446736422938101,4.53631437325573,48.2080226484219,3.22943440410394e-11,1.57937491104712e-10
"ENSG00000087074",-0.648390457390782,5.6439421851516,48.1676501400646,3.28574721479674e-11,1.60605947106934e-10
"ENSG00000071082",-0.635486785698826,9.24489598491742,48.1676383165766,3.28576385080768e-11,1.60605947106934e-10
"ENSG00000104368",1.48950144367822,6.59684873502596,48.1668191810827,3.28691660648503e-11,1.60619127454996e-10
"ENSG00000138771",0.744011685082974,6.69825580294102,48.1538940293302,3.30516005317267e-11,1.61467233540436e-10
"ENSG00000151748",-0.545478734006095,5.43045185196436,48.151367045792,3.30873873002141e-11,1.61595113844946e-10
"ENSG00000128626",-0.677656171840335,5.23200465017623,48.1507912950284,3.30955464631858e-11,1.61595113844946e-10
"ENSG00000137656",-0.457353871803228,4.59687084239299,48.1401776786463,3.32463197578865e-11,1.62287725109082e-10
"ENSG00000196517",-0.996165236361559,5.19637169610739,48.1370257599767,3.32912280913725e-11,1.62463336873057e-10
"ENSG00000181045",0.65103055361204,4.59628651846723,48.1117373760374,3.36537573364011e-11,1.64188449150875e-10
"ENSG00000196449",-0.502959797877241,4.49047184669852,48.1089473584003,3.36939976027536e-11,1.64340688763444e-10
"ENSG00000162775",-0.424804000950857,4.1569279507093,48.1065085581471,3.37292120326885e-11,1.64468340067169e-10
"ENSG00000111711",-0.657224967001902,6.10293176272789,48.0802676619311,3.41104674979959e-11,1.66282815023734e-10
"ENSG00000089063",0.504822894330194,6.97875186725715,48.0788184833352,3.41316489114399e-11,1.66341487245785e-10
"ENSG00000189241",0.521344063733954,6.68470285407739,48.0736672171319,3.42070480515847e-11,1.66664288765664e-10
"ENSG00000166965",-0.653271198322224,4.06092766284656,48.0645937197264,3.43402657666386e-11,1.67268546803327e-10
"ENSG00000228175",-0.775351924390624,0.618723278792983,48.0614963893744,3.43858606937481e-11,1.67438752940358e-10
"ENSG00000163785",-0.435685189931842,6.31417500648,48.0609696245991,3.4393621123003e-11,1.67438752940358e-10
"ENSG00000158373",1.1431799243742,5.31833262427956,48.0592599138505,3.44188211798874e-11,1.67516596098419e-10
"ENSG00000142949",-0.671819410474318,9.67526052865619,48.0319159108991,3.48243948420957e-11,1.6944518282184e-10
"ENSG00000165169",0.60156768160288,5.43093112843258,48.0273033227756,3.48932836465642e-11,1.69734967361249e-10
"ENSG00000205060",-0.485546294294823,4.34041562537335,48.0080106541675,3.51829118501809e-11,1.71098075061789e-10
"ENSG00000006715",0.45971385938253,6.12787002159987,48.0059573562791,3.52138790930371e-11,1.71163341530407e-10
"ENSG00000175745",1.4615915835815,3.78109897665548,48.0058728508709,3.52151541679559e-11,1.71163341530407e-10
"ENSG00000148600",-1.874312100649,0.571142024057821,48.0002370220739,3.53002965821116e-11,1.71531336958442e-10
"ENSG00000250722",1.13398012578291,5.27717539313941,47.9860626054048,3.55153533933489e-11,1.7253024773457e-10
"ENSG00000135929",-0.975584531279086,6.04942748765515,47.9802562037422,3.56038302841761e-11,1.72913875890145e-10
"ENSG00000267787",-0.741582041576276,0.748042604676952,47.970152939423,3.57583123292664e-11,1.73617774865109e-10
"ENSG00000163093",0.576260855452755,2.15468027824215,47.9657597870049,3.5825695735288e-11,1.73898519891491e-10
"ENSG00000134531",-0.9220311493055,7.53783028766234,47.9421297014942,3.61903440972529e-11,1.75621659135762e-10
"ENSG00000108839",-0.956002113914582,0.32557184400559,47.9399817383669,3.62236755104436e-11,1.75736519120818e-10
"ENSG00000005471",0.809534127879279,0.902313369832501,47.9387456039535,3.62428714896424e-11,1.75776842427407e-10
"ENSG00000139613",0.455844173003289,6.61201264454293,47.9377099439214,3.62589621938637e-11,1.75776842427407e-10
"ENSG00000176273",-0.900178111970576,2.38546121921737,47.9375800725786,3.62609804699599e-11,1.75776842427407e-10
"ENSG00000175938",0.726819304459055,3.18680437860901,47.9365631123746,3.6276788540537e-11,1.75806616033916e-10
"ENSG00000074964",-0.680513151632659,5.75760707452153,47.9345488497152,3.63081196357926e-11,1.75911582295098e-10
"ENSG00000128536",1.39266873678557,2.30982480519057,47.9167955105282,3.65854492940006e-11,1.77208029762792e-10
"ENSG00000168906",0.414309404507164,7.36646580752165,47.9086802815858,3.6712930090179e-11,1.77778160937214e-10
"ENSG00000168283",0.732534804864144,5.97158119180718,47.9038558012892,3.67889293257231e-11,1.78098761399056e-10
"ENSG00000280587",-1.46733596152892,0.342443237464994,47.8781315841541,3.71968457630842e-11,1.80025606902335e-10
"ENSG00000139055",-1.44579517244201,4.43280569304423,47.8761438643223,3.72285548649967e-11,1.8013114016615e-10
"ENSG00000100528",0.467281276086747,6.45223686701592,47.8561529223675,3.75489804117176e-11,1.81633206310723e-10
"ENSG00000071575",-0.987165116234112,6.26916663361834,47.8355981795443,3.78813439601571e-11,1.83192205250555e-10
"ENSG00000273492",-1.53677836686168,-0.185079838446343,47.8208046478511,3.81223856024095e-11,1.84308864789108e-10
"ENSG00000251615",0.971452248888638,3.25379461684322,47.8078150571326,3.833530968415e-11,1.85289028045527e-10
"ENSG00000165238",-1.13476497143768,5.01753942099616,47.8030728509276,3.84133420220182e-11,1.85616860971431e-10
"ENSG00000115241",-0.50067474403862,7.51197234921907,47.8020664457915,3.84299228752878e-11,1.85647659297672e-10
"ENSG00000228043",0.866310289460229,-0.815690220904729,47.8005451549952,3.84550003431082e-11,1.85719475900279e-10
"ENSG00000242125",-0.917953185319483,4.70588196873022,47.7945086313266,3.85546712305455e-11,1.86151409700335e-10
"ENSG00000175130",-0.629751263481084,8.80198085127366,47.7808985331324,3.87803488602033e-11,1.8719134423285e-10
"ENSG00000106819",1.52043436027185,6.31040010412121,47.7637194245363,3.90671099987837e-11,1.88525496592698e-10
"ENSG00000086619",1.01642749481099,4.06913370911328,47.7528836276046,3.92490849108808e-11,1.89353410174828e-10
"ENSG00000177721",-0.992109346681878,1.5428756499452,47.742877852366,3.94178797639363e-11,1.90117315605005e-10
"ENSG00000170145",-0.632481369475005,5.58581159844522,47.7278297369752,3.96731173700083e-11,1.91297629566731e-10
"ENSG00000158480",0.638634821376085,4.85822615646722,47.7257113827206,3.97091813066008e-11,1.91420776465533e-10
"ENSG00000172572",-1.31088181617585,3.44135638574608,47.7228189110717,3.97584776187232e-11,1.91607628757111e-10
"ENSG00000175920",1.95090081167561,2.75635739463567,47.692652947751,4.02762889363347e-11,1.94051693556041e-10
"ENSG00000060642",0.49416469091674,4.40466847902708,47.6914037827351,4.02978774514723e-11,1.94104288953225e-10
"ENSG00000005175",0.429443978984915,5.41578660055873,47.6884216366931,4.03494631688365e-11,1.94301306887688e-10
"ENSG00000160551",0.663874139900542,7.09235680888412,47.6804924558979,4.04869478573688e-11,1.94911754269408e-10
"ENSG00000167981",0.971297284193796,2.98249785740917,47.6775732366562,4.05376833535215e-11,1.95104362221182e-10
"ENSG00000133422",-0.426266808227332,6.28147478383877,47.6653320376029,4.07511324037917e-11,1.96079787343959e-10
"ENSG00000108946",0.586426887487499,8.14497817852979,47.627137574956,4.14244419093381e-11,1.99266794352563e-10
"ENSG00000229994",-0.915157457333703,-1.22137712202405,47.6163569795028,4.16165100236761e-11,2.00137780092708e-10
"ENSG00000179218",-0.560789040214125,9.97651177026155,47.5758611146663,4.23460480423753e-11,2.03557244743956e-10
"ENSG00000281207",-0.926011259006185,-0.0587747696963238,47.5752742548409,4.23567146853268e-11,2.03557244743956e-10
"ENSG00000016864",0.410049139914818,5.79249854268863,47.5750315603972,4.23611266415149e-11,2.03557244743956e-10
"ENSG00000140443",1.73743646357592,8.52019840968717,47.5633621302973,4.25738137931295e-11,2.045252311858e-10
"ENSG00000158825",-1.09603265853196,0.977123094958402,47.5563153723706,4.27027693640763e-11,2.0509056487822e-10
"ENSG00000122482",-0.547561007506977,6.08582857169145,47.5388668661054,4.30237750238143e-11,2.06577724427966e-10
"ENSG00000105364",-0.687336570334679,4.95701061641702,47.504384874528,4.36653274614854e-11,2.09602791203351e-10
"ENSG00000187260",-1.22925356718206,1.23258871262546,47.4958872387667,4.38249062960832e-11,2.10313297021942e-10
"ENSG00000197951",-0.537933358251787,3.60764094884408,47.4913379363097,4.39105802128685e-11,2.10668855951372e-10
"ENSG00000114115",-1.66789422900341,5.86132438701676,47.4757706754701,4.42050280715486e-11,2.11977294271385e-10
"ENSG00000163659",0.683436183739128,5.21434116258493,47.4756871648989,4.42066129960064e-11,2.11977294271385e-10
"ENSG00000184588",-1.29664749786876,6.00560418430568,47.4720215417669,4.4276238368823e-11,2.12255198590446e-10
"ENSG00000110060",-0.525884653639686,3.79721463720511,47.45692749645,4.45641042997275e-11,2.13578900923174e-10
"ENSG00000232815",1.57592209384683,1.62427991965737,47.4239533800534,4.51995542589745e-11,2.16567305811967e-10
"ENSG00000180198",-0.599714413520912,6.34537586312182,47.4201101033274,4.5274210992654e-11,2.16867882416221e-10
"ENSG00000126775",0.417961642196482,4.80655768134251,47.3999538335747,4.56677938799480e-11,2.1869558585795e-10
"ENSG00000077585",0.73575400385746,5.19172062946067,47.3831062521845,4.59994163408118e-11,2.20225686866724e-10
"ENSG00000114735",0.625197829884269,4.46832264944081,47.3741600034779,4.61764977914201e-11,2.21015300481671e-10
"ENSG00000062194",0.415531675427422,6.96180251927124,47.3656966496674,4.63446537885169e-11,2.21761789819928e-10
"ENSG00000170962",0.954094593588755,4.05643558250107,47.343028048284,4.6798099127788e-11,2.23819489047121e-10
"ENSG00000159147",-0.596958507622245,4.51904832282557,47.3429687235175,4.67992916673742e-11,2.23819489047121e-10
"ENSG00000213024",-0.390394608704147,6.55713372808543,47.3343050471358,4.69737774136725e-11,2.24594916824363e-10
"ENSG00000164107",-1.29447342633091,0.249398396359898,47.3316407362248,4.70275682413151e-11,2.24793012134833e-10
"ENSG00000092445",-0.791369947135705,3.99860354387789,47.3162260356649,4.73400036610248e-11,2.26227006459989e-10
"ENSG00000144580",-0.397074545835154,6.33630067045528,47.3067482266584,4.75331448276385e-11,2.27090317343076e-10
"ENSG00000076003",-0.564816808933858,6.74910945287084,47.2980191953439,4.77117302993761e-11,2.27883653016033e-10
"ENSG00000176533",-1.0775629237693,3.41117370528135,47.2830131296049,4.80203196518083e-11,2.29297341514069e-10
"ENSG00000171724",-1.5419163894204,0.565444354665587,47.2734330657132,4.82183791786723e-11,2.30182645800969e-10
"ENSG00000143858",-1.26065143227096,-0.565893800731391,47.2716944121968,4.82544125803839e-11,2.30294215694574e-10
"ENSG00000262454",0.930236577071919,2.18634676047594,47.2638778300055,4.84167462361196e-11,2.31008336973385e-10
"ENSG00000030066",-0.554697754453781,6.47179823720451,47.2493298159935,4.87203454974559e-11,2.32395920248552e-10
"ENSG00000196712",0.653540774092457,6.85450445306249,47.2386432039322,4.8944584802636e-11,2.33404328366634e-10
"ENSG00000120832",0.649051600406286,3.56121287950931,47.2379838338645,4.89584545461347e-11,2.33409271634364e-10
"ENSG00000101856",-0.582553560320322,7.58497579515062,47.2344668771446,4.90325001624348e-11,2.33701025407328e-10
"ENSG00000185591",0.344496723971968,7.33421506455388,47.2023868170324,4.9713146629254e-11,2.3688307856769e-10
"ENSG00000011009",-0.541370729161533,6.18138849946446,47.1694981939101,5.04208448728356e-11,2.40192332778191e-10
"ENSG00000185046",1.08546645082089,3.07684879909891,47.1650923471656,5.05164187532359e-11,2.40584609657988e-10
"ENSG00000108349",0.861388750474065,7.47733575473951,47.0927019120808,5.21131786934348e-11,2.48124213108951e-10
"ENSG00000155592",0.535124286302646,3.59339081448664,47.0845749677426,5.22955893219537e-11,2.48927552626981e-10
"ENSG00000196407",-1.25167867051305,1.64992344353306,47.0811144377712,5.23734568789876e-11,2.49232975854272e-10
"ENSG00000158195",-0.538497976058066,7.63861353844474,47.0778303044635,5.24474633859924e-11,2.49519870275812e-10
"ENSG00000180769",0.799537896689429,1.27383850585684,47.0722062418913,5.25744442602348e-11,2.50058575367456e-10
"ENSG00000132361",-0.606429251277142,6.70812463590689,47.0559395213604,5.2943464931045e-11,2.51747905925711e-10
"ENSG00000102225",-0.497154712368243,7.33490915869293,47.0532599169809,5.30045035862674e-11,2.51972271622329e-10
"ENSG00000164062",0.542049674737451,6.68479686709943,47.0320922727416,5.34891828963693e-11,2.54209892479531e-10
"ENSG00000116514",-0.56451248401846,5.62691408401033,47.0314040196649,5.35050167732266e-11,2.54218716058371e-10
"ENSG00000134198",-1.15496370348407,3.30675191965024,46.9866353713177,5.45451811798515e-11,2.59039472408776e-10
"ENSG00000108395",0.655333877321698,5.93535526815032,46.9860284147006,5.45594226066735e-11,2.59039472408776e-10
"ENSG00000175262",1.37398832229024,-0.2532872461716,46.9859032101391,5.45623608312085e-11,2.59039472408776e-10
"ENSG00000126091",-1.11873270520072,0.851031328104114,46.9812331072562,5.4672070051629e-11,2.5949259136196e-10
"ENSG00000204116",0.718784724058518,3.54123931102707,46.9349161508597,5.57722604509529e-11,2.6464541431827e-10
"ENSG00000197299",-0.786952819584603,4.00206407039524,46.932563354873,5.58287399343985e-11,2.64844319751393e-10
"ENSG00000007944",0.656034764713691,5.47756615310758,46.9237687270657,5.60403686491991e-11,2.65778937416332e-10
"ENSG00000270882",1.43571609174413,-0.263221715311514,46.9072929031257,5.64390136226748e-11,2.67599786175498e-10
"ENSG00000101310",0.559645637805966,6.9985901805445,46.8996289846342,5.66254214750644e-11,2.68413647586258e-10
"ENSG00000118402",-1.45352308023465,2.51709968267217,46.8974524986938,5.66784728185527e-11,2.68595118192766e-10
"ENSG00000151208",0.824054490770219,6.54258602910004,46.8900296447577,5.68597805345801e-11,2.69384133462606e-10
"ENSG00000058799",0.504723267278744,5.61871727480807,46.8867027389253,5.69412319897071e-11,2.69699772767915e-10
"ENSG00000148926",-1.33756780502952,4.00958476737681,46.8762596868464,5.7197670891558e-11,2.70843852688273e-10
"ENSG00000287766",1.12322506658014,-1.52569118652209,46.8691017059112,5.73741144108874e-11,2.71608639486002e-10
"ENSG00000147854",-0.561411746704866,5.63792875244203,46.8456894038166,5.79550692883637e-11,2.74253527276966e-10
"ENSG00000119414",0.428765052267432,6.56042678089307,46.8453725084488,5.79629733259653e-11,2.74253527276966e-10
"ENSG00000204231",-0.41455579854511,5.68908201895844,46.8386044000244,5.81320440535307e-11,2.74981955070381e-10
"ENSG00000159202",0.504342433621842,7.44095065055362,46.8140600996485,5.87493569921737e-11,2.7782977248405e-10
"ENSG00000109775",0.454968385056457,4.26011652619911,46.7955444732972,5.921941516444e-11,2.79979912402089e-10
"ENSG00000112851",0.545650965280671,6.90533799489822,46.7891449344274,5.93827616555933e-11,2.80679227908506e-10
"ENSG00000179912",0.395314928477637,5.21614359218533,46.7765928133666,5.97044723216281e-11,2.82079175152552e-10
"ENSG00000213760",1.2030633475036,0.412611685902278,46.7763791403026,5.97099639508096e-11,2.82079175152552e-10
"ENSG00000249115",-0.603216169092624,4.65854665912105,46.7718702889968,5.9825965204163e-11,2.82553792556042e-10
"ENSG00000111676",-0.501921621472343,7.91494023644773,46.770304311372,5.98663069828158e-11,2.82670921963514e-10
"ENSG00000142544",-0.769374522845148,1.6247522292885,46.7594543946864,6.01465707652079e-11,2.83920537004309e-10
"ENSG00000136754",-0.456201318309642,6.62861374346152,46.7423959353827,6.05898858856906e-11,2.85938984039684e-10
"ENSG00000169550",-2.74332784685666,3.4850534470052,46.7317982397827,6.08669571521054e-11,2.87172040643967e-10
"ENSG00000040608",-0.922160490017549,2.71262321418412,46.6988868403128,6.1735583188989e-11,2.91194706182918e-10
"ENSG00000141385",-0.549737236800483,5.96265489524871,46.6907161953791,6.19531606288262e-11,2.92145212734532e-10
"ENSG00000060982",-1.25393141836187,5.3596087209625,46.6866064024683,6.2062893196749e-11,2.92586807014637e-10
"ENSG00000111696",-0.697090911317907,4.42607744085561,46.6720083998217,6.24542512080485e-11,2.94355512042494e-10
"ENSG00000070785",-0.427130828626299,5.06158879688411,46.6671094957346,6.25861430950758e-11,2.9490071777545e-10
"ENSG00000273329",-0.826740337102148,1.76582527255563,46.6469369852842,6.31322093296857e-11,2.97396690828367e-10
"ENSG00000129757",-1.04050972895908,3.60926675248847,46.6140079542679,6.40339381208985e-11,3.01566355914786e-10
"ENSG00000176986",0.698754103255098,6.06798175573353,46.6075759449024,6.42115833167643e-11,3.02324689972899e-10
"ENSG00000164038",-0.919390602967314,3.64730553756266,46.5798335952076,6.49835114322948e-11,3.05879944599011e-10
"ENSG00000183347",-1.73314415929059,0.8271901060283,46.5701079959539,6.52563356738443e-11,3.07084665779012e-10
"ENSG00000106244",-0.483346682329509,6.97043855624862,46.5560529149962,6.56526540895566e-11,3.08869754935555e-10
"ENSG00000181291",-2.2685062596281,1.06905076055209,46.5306481350236,6.63751769043506e-11,3.12188186588138e-10
"ENSG00000187634",1.85655189237608,2.10342881348871,46.5136666397418,6.68626054642914e-11,3.14399448858462e-10
"ENSG00000186908",0.528954567199165,5.0173597194987,46.5049290069073,6.71148114954947e-11,3.15503797229273e-10
"ENSG00000180185",0.577456441257374,5.09002220247652,46.4840897858782,6.77202025426993e-11,3.1826745319034e-10
"ENSG00000179889",0.494237740520094,7.93910663115529,46.472135518648,6.80699639231397e-11,3.19828598252148e-10
"ENSG00000144455",0.577729273847581,5.85382908238845,46.461171603027,6.83923511810213e-11,3.21260352086884e-10
"ENSG00000165097",-0.551373941762958,5.52737786889546,46.4486333058194,6.87629205062022e-11,3.22917634435013e-10
"ENSG00000004864",-0.512011104309091,5.29608090102973,46.4085369791348,6.99616178301559e-11,3.28462030225832e-10
"ENSG00000213261",-0.862311145414296,-0.612783129605777,46.3704624924357,7.11193795589516e-11,3.33811425914377e-10
"ENSG00000078140",0.463629307379643,6.97123997116007,46.3656289036136,7.12677343824316e-11,3.34421453288872e-10
"ENSG00000076356",-1.04197615747654,5.19754097399168,46.36116705098,7.14049567723298e-11,3.34978940875712e-10
"ENSG00000112893",0.72424229774059,6.09669521719082,46.3586220722632,7.14833458500282e-11,3.35260209984609e-10
"ENSG00000242147",-1.56982891995706,0.185338269739815,46.3525112394429,7.16719231148118e-11,3.36057988556895e-10
"ENSG00000168883",-0.401514051708348,6.4330581061837,46.345688712783,7.18830558661909e-11,3.36961087653165e-10
"ENSG00000100353",-0.436409483077709,7.82481147724603,46.323085410535,7.25870400439454e-11,3.40173430641402e-10
"ENSG00000165661",-0.577489745430092,4.64212002527214,46.3042863631175,7.31778348831122e-11,3.42853802383834e-10
"ENSG00000277462",-0.62966400803094,3.13159446520072,46.2934125202786,7.35217773775769e-11,3.4437653539618e-10
"ENSG00000254703",-0.931739306418028,-0.958196093105026,46.2894115928816,7.36487377405688e-11,3.44882400109543e-10
"ENSG00000108306",0.979057636155487,5.52413439381468,46.2783194901479,7.40018781760691e-11,3.46446888099445e-10
"ENSG00000134590",-0.643996928210346,6.20064991676509,46.2735219810541,7.41551456596075e-11,3.47075087302352e-10
"ENSG00000132423",-0.664270726387163,3.37549754051871,46.2432301702315,7.51303090643187e-11,3.5154876801179e-10
"ENSG00000259642",-0.700698380341393,1.44486350333614,46.2422231773259,7.51629477267126e-11,3.51611032215393e-10
"ENSG00000198221",-1.09741589321419,0.0834332650444248,46.2192779044041,7.59105385979939e-11,3.55016939064107e-10
"ENSG00000013583",1.1089728071382,6.70418395883875,46.1980824347812,7.66077816840471e-11,3.58185689786491e-10
"ENSG00000162076",0.69862550720569,4.67778579830504,46.149955412877,7.82150460661535e-11,3.65606594153483e-10
"ENSG00000011143",0.500396423844246,4.18350194778636,46.1420657502513,7.84817583147909e-11,3.66759049390909e-10
"ENSG00000079841",1.97114151549248,1.80393927700517,46.1401296813096,7.85473477371732e-11,3.66971271678322e-10
"ENSG00000123500",1.47279406869868,7.07658254144519,46.1353031900656,7.87110986539876e-11,3.67641875274455e-10
"ENSG00000176884",1.54724877954261,1.45287319337259,46.1287544675342,7.8933831373298e-11,3.68509986340815e-10
"ENSG00000128891",0.501114353505309,2.68744850442473,46.1286473137589,7.89374811295258e-11,3.68509986340815e-10
"ENSG00000088325",-0.652878204439583,7.2357808791189,46.1175895670364,7.93150348416829e-11,3.70177534950097e-10
"ENSG00000157800",-0.486962626983116,5.65299281135647,46.115904392323,7.9372732888349e-11,3.70351787012132e-10
"ENSG00000173597",-1.69906107614225,0.160341327755366,46.1090465149377,7.96079741859774e-11,3.71354150934741e-10
"ENSG00000116062",-0.527503435463741,6.95440312751781,46.0868529006969,8.03740990846336e-11,3.74831824141363e-10
"ENSG00000107959",-0.555116342960888,6.56558275736891,46.0678322407185,8.10366096346788e-11,3.77824623439e-10
"ENSG00000114854",-1.55198621291591,-0.476621682854475,46.0611367929778,8.12711280387615e-11,3.78820932026908e-10
"ENSG00000214367",0.42480896727265,4.23964143928287,46.0533861195227,8.15434624859628e-11,3.79992953034766e-10
"ENSG00000165194",1.90628693640098,2.88452034190993,46.0367981089702,8.21294108191101e-11,3.82625441592719e-10
"ENSG00000203880",0.584588829207358,6.30052812565201,46.0199020795671,8.27306062704535e-11,3.8532759714392e-10
"ENSG00000235865",-1.52860167815388,-0.264059707029548,45.9924453254397,8.37170578856528e-11,3.89822285925308e-10
"ENSG00000135480",-1.51289697955727,8.46091978175697,45.9619599110484,8.48262295743314e-11,3.94885964550279e-10
"ENSG00000114999",-0.539993821159065,5.70944953627417,45.9572497132337,8.49989212287754e-11,3.95588633395335e-10
"ENSG00000133678",0.715009034405996,5.69503859952157,45.9496968754489,8.52765742009936e-11,3.96779312245503e-10
"ENSG00000006756",0.759795584420611,6.43740387520885,45.947025907581,8.53749815776523e-11,3.97135592054818e-10
"ENSG00000147234",1.6712940238276,2.07658869133618,45.9380438414661,8.57067520192479e-11,3.98576938308893e-10
"ENSG00000179913",-1.88023571400182,3.28532441930329,45.9296581580616,8.60176677075719e-11,3.99920588002382e-10
"ENSG00000116667",1.05348907705547,6.70480759618289,45.9240924578379,8.62246549177533e-11,4.00780481381062e-10
"ENSG00000100815",0.517176899973584,6.11325128891945,45.9078171477498,8.68328176377178e-11,4.0350416126592e-10
"ENSG00000180357",0.539827839530502,6.20635004847808,45.8793698150546,8.7906225297275e-11,4.0838784820098e-10
"ENSG00000221968",-0.714828464326864,4.38253142183122,45.8535916139722,8.88904752973023e-11,4.12854945022302e-10
"ENSG00000233198",1.33653428070655,-1.25350745527401,45.8404225742992,8.93975714034827e-11,4.15104168671571e-10
"ENSG00000145734",0.655116571062427,5.69772774269307,45.8362917199163,8.9557237408304e-11,4.15739416534516e-10
"ENSG00000163611",0.600667902977003,1.30924267729645,45.8344297647117,8.9629299823913e-11,4.15967773717104e-10
"ENSG00000169515",-1.30668079819786,3.73953410363486,45.8336422871747,8.96597948109747e-11,4.16003150005614e-10
"ENSG00000141068",-1.0418106662921,4.00748802628302,45.8301380237958,8.97956240183433e-11,4.16527112891005e-10
"ENSG00000126878",-1.17788900715281,6.66210233737539,45.8007779957716,9.09418380937547e-11,4.21736397564816e-10
"ENSG00000179978",1.13595792749073,-0.482150712095595,45.7964020897096,9.11139325673934e-11,4.22426766641792e-10
"ENSG00000244274",1.20591673434177,-0.196449518492026,45.7934874702586,9.12287401885617e-11,4.22851255491733e-10
"ENSG00000205659",0.410815224018105,3.79535131878802,45.7794356004206,9.17842981156948e-11,4.25317914427581e-10
"ENSG00000275759",1.06759971066327,-1.46097763639708,45.7775690826494,9.18583495129397e-11,4.25552639057908e-10
"ENSG00000102302",-0.864217037085169,4.17315587036601,45.7747462771497,9.19704547550357e-11,4.25963491490855e-10
"ENSG00000157399",-1.32686300624236,1.66688588479751,45.7600762629163,9.25552877511458e-11,4.28563027906782e-10
"ENSG00000135899",0.762279370820054,5.63537413126994,45.7590618828084,9.25958653033792e-11,4.28641791330583e-10
"ENSG00000112576",-0.628713521998527,6.22913439502552,45.750945278145,9.29211952261362e-11,4.30038345743757e-10
"ENSG00000092850",1.43105084795977,0.225742819288601,45.7443168172945,9.3187732484005e-11,4.31162166985266e-10
"ENSG00000143494",-1.28925377535593,4.22740455003625,45.7210114411654,9.41310036864283e-11,4.35415741365401e-10
"ENSG00000254024",-1.39179715452803,0.575690303695251,45.6769814883489,9.59394598578534e-11,4.43668165749971e-10
"ENSG00000167447",0.657419281784646,4.83978917870065,45.6409216504733,9.74466369689114e-11,4.50523495981332e-10
"ENSG00000065600",-0.582792322282655,4.34665756510207,45.6349447734789,9.76987474976246e-11,4.51574287036035e-10
"ENSG00000213071",-1.08662431081394,-1.05681017691698,45.5891289789793,9.96532842218637e-11,4.60491344874811e-10
"ENSG00000225361",0.858409497302445,1.88303469118183,45.5875262343441,9.97223680893319e-11,4.60693530812489e-10
"ENSG00000225778",-1.88179795060826,0.736047127841379,45.5791977547031,1.00082133082228e-10,4.62238150456974e-10
"ENSG00000228903",0.963679193545623,1.3928861882814,45.5758403055498,1.00227534709055e-10,4.62792181083596e-10
"ENSG00000276334",-0.721893076765263,0.993445278250564,45.5720137321606,1.00393512636606e-10,4.63440915694058e-10
"ENSG00000178860",-1.25681534720526,3.06276397638105,45.549400286175,1.01380049219732e-10,4.67876258616719e-10
"ENSG00000112514",-0.527328376448822,7.16996267094887,45.5431348736048,1.01655110883579e-10,4.69026675989479e-10
"ENSG00000170545",-0.802489974493285,3.91329658329953,45.5364189310419,1.01950787588074e-10,4.70162879054423e-10
"ENSG00000159228",-0.84820859720071,5.13672296519366,45.536367217826,1.01953067681474e-10,4.70162879054423e-10
"ENSG00000269235",1.69853816635195,0.786104175740026,45.5323789945727,1.021290679467e-10,4.7085512999102e-10
"ENSG00000136932",0.402816336687619,3.56292272116125,45.4971764386107,1.036959096198e-10,4.77957730401654e-10
"ENSG00000132661",-0.533154259460815,4.5163701754524,45.4952389195999,1.03782847967184e-10,4.78237253313187e-10
"ENSG00000173681",0.466545680693144,3.98700839801382,45.4876530872324,1.04123939668436e-10,4.79687491056108e-10
"ENSG00000269086",1.12832377837098,-1.34617000248142,45.4501262385277,1.05828016827014e-10,4.87414527741131e-10
"ENSG00000273611",0.506693976398255,4.80399128141279,45.4304928135268,1.06730743545203e-10,4.91447788253202e-10
"ENSG00000148908",-0.734903092656789,5.6410148559858,45.4197643421484,1.0722730674649e-10,4.93609277424743e-10
"ENSG00000196704",0.541699265096247,6.59187056308182,45.3925502436891,1.08497380274607e-10,4.99329542620079e-10
"ENSG00000074266",-0.516526006780458,4.68830015070192,45.3822195364947,1.08983475517422e-10,5.01439780599766e-10
"ENSG00000152804",1.03978407140232,2.96715189777162,45.363746461882,1.09858180502557e-10,5.05336516687029e-10
"ENSG00000131080",1.11407642731465,1.72725422277377,45.3395157884355,1.11016256024976e-10,5.10492817147074e-10
"ENSG00000113013",0.47857203572529,8.60871523393579,45.3391199783967,1.11035275161305e-10,5.10492817147074e-10
"ENSG00000087995",0.548912537402679,4.97460193055255,45.3279819528323,1.1157182008773e-10,5.12822652838938e-10
"ENSG00000184368",-1.97018860098913,1.97993716395594,45.3274311808262,1.11598419833765e-10,5.12822652838938e-10
"ENSG00000261889",0.895416124227043,-0.722468971072647,45.3028629530585,1.12791482079981e-10,5.18174154097172e-10
"ENSG00000122705",-0.515494025286515,7.06216643040034,45.2999499661308,1.12933790754457e-10,5.18696915717691e-10
"ENSG00000163590",-0.78888024633293,4.55647752636377,45.2941643554451,1.13216973585231e-10,5.19866275074019e-10
"ENSG00000214174",0.676409294526403,3.66085734367802,45.2879185166314,1.1352348688929e-10,5.21142145265623e-10
"ENSG00000132964",-0.592273515621169,4.43456658791443,45.2590004890943,1.1495358028032e-10,5.27573988932236e-10
"ENSG00000260708",-0.9891954781192,1.73832179259657,45.2422519643933,1.15790147811284e-10,5.31279315941383e-10
"ENSG00000161010",0.583322654544695,3.44340698867258,45.2340469809255,1.16202214933497e-10,5.33035532209443e-10
"ENSG00000213923",-0.481596586992034,6.09316896339417,45.2297874789421,1.16416716793175e-10,5.33884832333399e-10
"ENSG00000189050",0.731183003993338,3.68332207251512,45.228798890448,1.16466557647199e-10,5.33978762411713e-10
"ENSG00000115091",-0.411873528619899,8.15362626424311,45.1989881980617,1.17979652965401e-10,5.40779719792014e-10
"ENSG00000103197",0.400890066924264,6.48415266696577,45.1881851099696,1.18532865228180e-10,5.43178572126513e-10
"ENSG00000127585",1.43224872218079,4.74053318160059,45.139443079902,1.2106160389596e-10,5.54626814020079e-10
"ENSG00000078401",-1.20735652635621,3.8187932565606,45.1227313241837,1.21941081833103e-10,5.5851533527587e-10
"ENSG00000268543",0.767239938898372,-1.15551953211075,45.1124451738389,1.22485605486945e-10,5.60868125024311e-10
"ENSG00000205959",0.947693681095071,-0.54204845534075,45.0943009019617,1.23452105548126e-10,5.65151496528897e-10
"ENSG00000100441",0.529370600083542,5.90552809076891,45.0870815289964,1.23838799750286e-10,5.66779086526977e-10
"ENSG00000236548",-1.34623211802734,-0.488185722451377,45.0746886557537,1.24505455560437e-10,5.69686849241062e-10
"ENSG00000179085",-0.829546153923241,4.51171009642963,45.0632346699175,1.25124824314701e-10,5.72376837182037e-10
"ENSG00000163399",-0.749630625097517,7.92645191578868,45.0495637085357,1.25868145262457e-10,5.75632342477639e-10
"ENSG00000230002",-0.918534089400277,0.257703288930077,45.0451404176564,1.26109602111575e-10,5.76591614682084e-10
"ENSG00000123095",-1.07768299532045,5.42061467853381,45.0352088321956,1.26653447349709e-10,5.78932621361272e-10
"ENSG00000144306",0.506210025550125,4.44531052882935,45.0238695054157,1.27277272733824e-10,5.81637948865024e-10
"ENSG00000136960",-1.219916010264,5.10130293157777,44.9755805852491,1.29968751665887e-10,5.93788408766427e-10
"ENSG00000159763",3.25571492703097,6.15595510761159,44.9537982110863,1.31201556594798e-10,5.99270193708234e-10
"ENSG00000196782",0.791410074344798,3.88915350592374,44.9305128882711,1.32532472363042e-10,6.05197240105197e-10
"ENSG00000117834",-1.29664038557339,-0.362548778282031,44.9229240426059,1.32969162997408e-10,6.07038939908847e-10
"ENSG00000141428",-0.574035374562445,3.92173910267626,44.9119258696743,1.33604616630636e-10,6.09786892667004e-10
"ENSG00000136997",-0.98476903538152,6.94420720104596,44.9104532457964,1.33689934294629e-10,6.10023212481362e-10
"ENSG00000171877",-1.34682525606809,1.039606091097,44.9085775699321,1.33798682692459e-10,6.10366300679822e-10
"ENSG00000170271",1.4665495111055,4.56371690517275,44.8807813808026,1.35420757023251e-10,6.17611015230412e-10
"ENSG00000214578",1.4903599748133,0.191357598193089,44.8698744748232,1.36062646693622e-10,6.20382907511558e-10
"ENSG00000137857",-1.37605239618364,3.74812353612926,44.8605523390499,1.36613702237934e-10,6.22739352457028e-10
"ENSG00000106554",-0.41998071002422,6.01732805071095,44.8557854099426,1.36896357171401e-10,6.23871446813691e-10
"ENSG00000070182",-1.2333194773411,1.12397127549707,44.8544446738823,1.36975962327441e-10,6.24077856415706e-10
"ENSG00000104825",-0.671988186597011,4.48664537818884,44.8364304151059,1.38050084812125e-10,6.28814160421468e-10
"ENSG00000139324",0.62235718750803,5.61930418096875,44.8234347509705,1.38830239769677e-10,6.32209414354254e-10
"ENSG00000257489",0.885180829686297,-0.957532411764801,44.8053256699698,1.39924785902421e-10,6.37034294366268e-10
"ENSG00000149503",-0.567479472802355,5.2542336565804,44.7978105629595,1.40381564884681e-10,6.38953929460105e-10
"ENSG00000054983",0.608634949501031,5.19321829518294,44.7791375753668,1.41523059058377e-10,6.43988340794035e-10
"ENSG00000013573",-0.697930392183816,5.04459856072931,44.7730135369951,1.41899461639918e-10,6.4553962188765e-10
"ENSG00000179611",-0.653101197940912,0.173575557271855,44.7560029148543,1.42950294924181e-10,6.50157530402852e-10
"ENSG00000205730",0.919974620608645,6.07947333805533,44.7459909150138,1.43572453901082e-10,6.5282394788822e-10
"ENSG00000159674",-1.22008860375053,5.68977894797002,44.7407000599777,1.43902337117199e-10,6.54160386775209e-10
"ENSG00000204120",0.38972213630785,6.4486523084601,44.7327132333856,1.444017622727e-10,6.56266679714112e-10
"ENSG00000164879",-2.02396463934438,1.77909314299489,44.7306479691043,1.44531189837007e-10,6.56690802087305e-10
"ENSG00000114923",-0.940978475343236,3.75128686412299,44.7271837794373,1.44748549160785e-10,6.57428421562300e-10
"ENSG00000159840",-0.579774808877532,7.32198971122289,44.726908666033,1.44765825179075e-10,6.57428421562300e-10
"ENSG00000197766",1.54904983989643,3.9360418962352,44.7254373792896,1.44858251398461e-10,6.57683943194009e-10
"ENSG00000263818",1.24729226418912,-0.863622464788064,44.7122455564827,1.45689625886217e-10,6.61293465340282e-10
"ENSG00000163923",-0.863937983843455,4.43798982873169,44.6970930162826,1.46650510330341e-10,6.65488892686685e-10
"ENSG00000103534",2.2450183991783,4.56207268162882,44.6908665611091,1.47047206233753e-10,6.67122620847966e-10
"ENSG00000162702",0.646913617517224,5.78748971724568,44.6736020807753,1.48152821115488e-10,6.71970950236531e-10
"ENSG00000225200",-0.845266193571272,0.872776560291215,44.6688064034075,1.48461421227178e-10,6.73202774689582e-10
"ENSG00000136490",-1.01465368947116,4.66791316361955,44.660245120912,1.49013949729429e-10,6.75539809989745e-10
"ENSG00000162946",-0.823351441095016,2.8760769328273,44.6480308008003,1.49805831199085e-10,6.78960492860442e-10
"ENSG00000169231",-0.775502349464959,4.96396928521854,44.6296937747936,1.51002639361572e-10,6.84214251297525e-10
"ENSG00000123080",-0.854680568827997,4.7626322195498,44.6161663539178,1.51891716029574e-10,6.88071365167098e-10
"ENSG00000105219",1.63689043974423,3.07110300824182,44.6055175134427,1.52595314135926e-10,6.91086547187308e-10
"ENSG00000180098",-0.462833261468544,4.24107931969318,44.5868157706556,1.53838956976436e-10,6.96545419339661e-10
"ENSG00000169862",2.04716166045839,4.10249233016383,44.5850668246363,1.53955781272551e-10,6.9690088347067e-10
"ENSG00000151468",-1.11504346790679,4.19258300294234,44.5826688271461,1.54116105733695e-10,6.97453030874459e-10
"ENSG00000121749",0.426227338721421,5.79744035469833,44.5692268014196,1.55017931175165e-10,7.01359734381568e-10
"ENSG00000144560",-0.58340538606691,5.87434464287785,44.5502716308209,1.56298687713696e-10,7.0697849593054e-10
"ENSG00000007933",-2.36685478468902,3.66679175244365,44.5366223555494,1.57227543455353e-10,7.11003122915454e-10
"ENSG00000237877",-0.808399023137727,-0.633821760550197,44.5278853176111,1.57825034458657e-10,7.13527647709185e-10
"ENSG00000108375",1.16332130390102,3.59761934829815,44.5247642130844,1.58039029116716e-10,7.14317560033505e-10
"ENSG00000048991",-0.445774288033189,5.80296508838348,44.5123654720552,1.58892028426827e-10,7.17994587087484e-10
"ENSG00000254685",0.491073700713926,4.22857288569396,44.5111849873806,1.58973484291507e-10,7.18113707752459e-10
"ENSG00000144061",0.731006961565604,2.71161947731254,44.5108391543039,1.58997355460697e-10,7.18113707752459e-10
"ENSG00000036257",0.45033806254612,6.2642056065127,44.4724822442844,1.61667513308731e-10,7.29992237353328e-10
"ENSG00000166833",-1.1316015714415,5.65261397806162,44.4671785631183,1.62040264081592e-10,7.31493751083644e-10
"ENSG00000272455",-0.751793538176616,1.86499377613504,44.449208485361,1.63309686058669e-10,7.37041332514907e-10
"ENSG00000188175",2.73222202985809,1.81972910916038,44.4459804978367,1.63538774579582e-10,7.37892143898149e-10
"ENSG00000204371",-0.446859931611674,6.06948788800453,44.4345734464731,1.64350926994373e-10,7.41372683574817e-10
"ENSG00000102606",-0.485539333195079,6.07710788490907,44.4315126739455,1.64569537560308e-10,7.4217474563523e-10
"ENSG00000137434",-0.907365585009779,0.605787270158873,44.4293984841397,1.64720711305531e-10,7.42672359252603e-10
"ENSG00000110075",0.542567633413665,7.10027143743227,44.4064831502754,1.66368272944109e-10,7.49914782727992e-10
"ENSG00000086065",0.57065565337685,6.47883049706132,44.3970087666442,1.67054308440928e-10,7.52820555481568e-10
"ENSG00000166260",0.57846058077889,5.30402961045763,44.3916081576113,1.67446640202484e-10,7.54401657667273e-10
"ENSG00000157778",-0.616801628950711,5.21908350859625,44.3779153574036,1.68445536282101e-10,7.58714069811504e-10
"ENSG00000233487",-1.03965211948041,-0.418239842910782,44.3653610717017,1.69366658971288e-10,7.62674125617676e-10
"ENSG00000174165",0.660520311718435,4.78517009126347,44.3591753749337,1.69822377786326e-10,7.64536981974679e-10
"ENSG00000187091",-0.908221493608484,4.27854885627886,44.3370455964144,1.71462897977327e-10,7.71731548728441e-10
"ENSG00000235314",1.02468664236708,1.76070690503895,44.3350104871774,1.71614564686801e-10,7.72223083256689e-10
"ENSG00000196584",-0.678506464285462,3.76333879001964,44.3319563906057,1.71842425512604e-10,7.73057144502408e-10
"ENSG00000118898",-0.914430471278661,6.18322195357309,44.3297210977772,1.72009390232056e-10,7.73616911360198e-10
"ENSG00000167107",0.937959632620538,5.15215017020903,44.3261185805979,1.72278823970433e-10,7.7463714471551e-10
"ENSG00000123411",0.473270094708181,3.43762379642179,44.2907230680674,1.74948817357136e-10,7.86448119152643e-10
"ENSG00000174348",0.990227439785514,4.84662959695654,44.2804849874387,1.75728863192964e-10,7.89759467198822e-10
"ENSG00000139178",-0.635780986988171,5.63160079611788,44.2663320311979,1.76812967047828e-10,7.94435337121024e-10
"ENSG00000184500",-0.880574252694931,4.32907690239416,44.2550262790741,1.77683823336032e-10,7.98150995019942e-10
"ENSG00000204745",-0.540430012147681,1.30664081184571,44.2511865317105,1.77980573611896e-10,7.9928658588967e-10
"ENSG00000103769",0.478264819226193,7.70374296594229,44.2328665125142,1.79403312513369e-10,8.05477029867478e-10
"ENSG00000022976",0.565697978668589,3.0052644049724,44.2294589681177,1.7966920635838e-10,8.06471748580014e-10
"ENSG00000089289",0.476420253255365,5.36247277036067,44.1655513110141,1.8473028847852e-10,8.28984576078784e-10
"ENSG00000156886",1.24528299691507,-0.12285607345719,44.1608073133151,1.85111668764758e-10,8.30226717493807e-10
"ENSG00000180739",-1.47789411078013,1.75554360188748,44.160635373152,1.85125506314432e-10,8.30226717493807e-10
"ENSG00000076554",0.842465394688401,8.26505316035258,44.1604052602974,1.85144027169281e-10,8.30226717493807e-10
"ENSG00000154124",-0.503912430443404,5.24348652132847,44.1518375433736,1.85834940199702e-10,8.33119519929057e-10
"ENSG00000182903",0.492730829838313,4.40092498434291,44.1207948823288,1.88360123146373e-10,8.44232114289364e-10
"ENSG00000204315",-0.561151121835193,3.59686242462343,44.1180681423376,1.88583578472295e-10,8.45025406566666e-10
"ENSG00000264350",-0.621138987832191,1.22187872306929,44.114189359709,1.8890190412069e-10,8.46243308410617e-10
"ENSG00000183688",-0.782183083120652,4.57470601629159,44.1032635868699,1.89801482270635e-10,8.50063865929156e-10
"ENSG00000005448",0.726124564316326,3.86323765039723,44.0539468605597,1.93916083749276e-10,8.68278121918223e-10
"ENSG00000054277",-0.903041943504756,2.2083724939236,44.0365153262231,1.95391861214076e-10,8.74670728959296e-10
"ENSG00000129654",2.44670203614415,2.59145293371821,44.0166388048236,1.97088466078211e-10,8.82048479584278e-10
"ENSG00000134461",-0.597182300228423,3.3649049574936,44.0129357051632,1.97406190946667e-10,8.8325308756162e-10
"ENSG00000240356",-0.551127524811675,1.87783548142154,44.0026664723476,1.98289994116948e-10,8.86989280127658e-10
"ENSG00000067334",-0.415179730858214,6.42623653316804,44.0007997143888,1.98451081555817e-10,8.87491583805559e-10
"ENSG00000197753",-1.06602846472865,1.45119841795183,43.9898724878537,1.99396672314171e-10,8.9150114947152e-10
"ENSG00000261742",1.48480687632633,-0.427511750642479,43.9485583583367,2.03013069334693e-10,9.07446966099629e-10
"ENSG00000088727",0.616223639421964,2.84013057049132,43.9430701871626,2.03498424852483e-10,9.09392960986968e-10
"ENSG00000224051",-0.727648665003236,5.14825516259978,43.9390473081462,2.03854938198738e-10,9.1076237188864e-10
"ENSG00000264522",0.56242316829236,6.37400212515907,43.9301660955229,2.04644236722237e-10,9.1406418897447e-10
"ENSG00000145687",0.79275584458407,4.90916984508361,43.902903242885,2.07086474644388e-10,9.24745593133351e-10
"ENSG00000033627",0.5117140422418,6.09852286689926,43.8984945523308,2.07484163049454e-10,9.26294049470659e-10
"ENSG00000105649",0.85832112611868,2.74102083064638,43.8948818846426,2.0781062005579e-10,9.27523817809743e-10
"ENSG00000234009",-0.728748770592214,-0.734495443380532,43.8780312605428,2.09340177443278e-10,9.34121478738552e-10
"ENSG00000197381",-0.575288664992253,4.99724578350573,43.8677683386067,2.10277318903457e-10,9.3807306259899e-10
"ENSG00000152443",0.536193009396279,4.56217875787866,43.8584613284253,2.11130831835126e-10,9.4164972276049e-10
"ENSG00000189266",0.396858601866748,6.47616216950324,43.8563831545603,2.11321890630774e-10,9.4227078862283e-10
"ENSG00000104687",0.744644870508793,6.28439210347289,43.8375088977907,2.13065118035534e-10,9.49810874223111e-10
"ENSG00000114279",1.4476360441426,2.19548391161051,43.8338282333143,2.13406751091272e-10,9.51100707877493e-10
"ENSG00000099840",0.886730002595387,0.231803128167709,43.8256855255775,2.14164508373486e-10,9.54244017221208e-10
"ENSG00000135521",-0.580293485540437,4.40518038261297,43.8186188475339,2.1482433048363e-10,9.56949528003002e-10
"ENSG00000144468",0.398326342347411,5.1712387963359,43.815005056681,2.15162545544453e-10,9.58221444261143e-10
"ENSG00000213222",0.847442516761931,0.874822789980646,43.792615067894,2.17270034741428e-10,9.67370230569666e-10
"ENSG00000066654",0.413371141162745,6.37090434835404,43.7831186658329,2.18170174868233e-10,9.71140269335151e-10
"ENSG00000138119",0.765705318612367,7.84804465152177,43.7701566897933,2.19404883484036e-10,9.763973625661e-10
"ENSG00000117228",-1.16863500223049,7.24584155978246,43.754151041273,2.20939252314692e-10,9.82985107901081e-10
"ENSG00000114942",-0.582563583379329,8.02446215850143,43.7284716400933,2.23423637757527e-10,9.93795334686698e-10
"ENSG00000272459",-0.926706750183676,-1.26726938490238,43.7128294667885,2.24950752023186e-10,1.00034334420482e-09
"ENSG00000144048",-0.351224605241631,4.80554857276417,43.6778622149953,2.28402727010243e-10,1.01544580759284e-09
"ENSG00000185055",-0.914252339057433,-0.473076930742477,43.6747835135494,2.28709205091804e-10,1.01655987835038e-09
"ENSG00000229525",0.932232055913325,-1.03031958382332,43.66095794674,2.3009063342774e-10,1.02245014434003e-09
"ENSG00000133943",0.682797082450314,4.92389742380278,43.645472178138,2.31647944007547e-10,1.0291189070858e-09
"ENSG00000286207",-1.04943879832783,-0.458957871741611,43.6425599938092,2.31941990581846e-10,1.03017360798598e-09
"ENSG00000139687",0.765454324368274,5.78592075339821,43.6273037325226,2.33488597484153e-10,1.03678969996137e-09
"ENSG00000064199",0.849183019774441,2.09675036499856,43.6155952006414,2.3468260546753e-10,1.04183725365961e-09
"ENSG00000085871",0.680618741297204,4.94788671496897,43.6068658829748,2.35576806942674e-10,1.045551723932e-09
"ENSG00000136546",1.91373971245042,0.177153872898367,43.6023065412604,2.36045216008773e-10,1.04737506434925e-09
"ENSG00000172236",1.50135360529985,2.63183755654269,43.5776130867353,2.38598499632946e-10,1.05844622227415e-09
"ENSG00000170965",1.84203619072817,0.488750553340655,43.549373360596,2.41552638270181e-10,1.0712897792875e-09
"ENSG00000063127",-1.17750931951737,1.16591305437561,43.5276295495177,2.43852365694938e-10,1.08122545764494e-09
"ENSG00000139508",0.755366068856396,4.35790657455971,43.5107256423686,2.45655453116756e-10,1.08895476024557e-09
"ENSG00000196453",-0.452865717441565,4.67852484026272,43.4646205266467,2.50642015768265e-10,1.11078873849737e-09
"ENSG00000197670",1.04842683118439,0.905387846320546,43.4407457393621,2.53264232584485e-10,1.12213638544376e-09
"ENSG00000152102",-0.49065551053849,7.12056147492349,43.4114220105719,2.56522823679762e-10,1.13629739821907e-09
"ENSG00000164220",1.37796171789441,4.19806710957383,43.4020405193018,2.57574244515355e-10,1.14067698058078e-09
"ENSG00000255815",1.49642469983665,0.346412354114208,43.3881021248301,2.59144409379276e-10,1.1473511484397e-09
"ENSG00000155886",1.52157059978259,1.90510075535888,43.3863335364981,2.5934433060815e-10,1.14795684718935e-09
"ENSG00000186615",0.693043558477792,1.89935585060982,43.3820576880289,2.59828315597863e-10,1.14981931973088e-09
"ENSG00000163568",-1.35960591073316,2.02219563984636,43.3683551228796,2.61385461952392e-10,1.15630275039215e-09
"ENSG00000135063",-1.47210365381723,3.39380584407318,43.3680473308743,2.61420547042694e-10,1.15630275039215e-09
"ENSG00000117625",0.515673246793754,5.98800303179946,43.3562873825715,2.62764623549143e-10,1.16196522565325e-09
"ENSG00000178537",0.591048582172081,4.15292488513979,43.3296817646115,2.65831237911504e-10,1.17504124113412e-09
"ENSG00000087301",0.791846455459181,4.91733256675019,43.3295128725465,2.65850819621008e-10,1.17504124113412e-09
"ENSG00000100890",0.514408912975565,2.31641553125438,43.3256805404603,2.66295539798526e-10,1.17672091298727e-09
"ENSG00000260267",0.655449954296398,2.56685391371349,43.3149030078901,2.67550238069431e-10,1.18197807384183e-09
"ENSG00000154305",0.55245726202296,6.92260992876205,43.3042135416893,2.68800575121862e-10,1.18721341921234e-09
"ENSG00000213047",0.843365988790926,5.69833912526768,43.3015443808226,2.69113703111445e-10,1.18830784952439e-09
"ENSG00000197798",-0.435415171458428,3.95942178957991,43.2783563337514,2.71849500802761e-10,1.20009677684481e-09
"ENSG00000066379",-0.504728888114989,3.44043324047038,43.2656553616405,2.73359876621016e-10,1.20647159329848e-09
"ENSG00000055044",-0.447229247616688,6.2879752538994,43.2376751014491,2.76717174167604e-10,1.22099271318787e-09
"ENSG00000086827",-0.476558387393496,4.96295238637293,43.2350407455975,2.77035400242019e-10,1.2221003782687e-09
"ENSG00000253161",1.45082094326385,0.344051415992792,43.2192853058024,2.78946354925869e-10,1.23023188734038e-09
"ENSG00000173928",0.568222776900518,1.76181189828419,43.2175377858789,2.79159126743914e-10,1.23079944627358e-09
"ENSG00000119844",0.425990700224615,6.67893465231343,43.2171169817845,2.79210386811349e-10,1.23079944627358e-09
"ENSG00000169756",-0.443932619684849,6.34912008798021,43.2029788153011,2.80938151713669e-10,1.23804921751617e-09
"ENSG00000102287",-2.04363449982363,4.08849174492241,43.2025464623404,2.80991157351372e-10,1.23804921751617e-09
"ENSG00000163637",0.932157870783822,3.93096763298324,43.1893617101028,2.8261243684969e-10,1.24489101511799e-09
"ENSG00000226824",-0.8574527155155,1.44865286144558,43.167373181574,2.85337305679699e-10,1.25658956796668e-09
"ENSG00000126653",0.437563898795946,5.43070676059848,43.1625284964139,2.8594122463935e-10,1.25894432189312e-09
"ENSG00000188997",0.650215021342006,3.9229248833419,43.1439290849857,2.88271755466734e-10,1.26889803688987e-09
"ENSG00000204131",0.923810714771578,4.3728516889668,43.1361230841619,2.89255557877145e-10,1.27292041777632e-09
"ENSG00000162929",-0.552334140918818,4.23684722477594,43.1310802942375,2.89892908732353e-10,1.27541659990906e-09
"ENSG00000066279",-0.685966723400386,5.98781218919242,43.1190125778926,2.91423887889583e-10,1.28184224254794e-09
"ENSG00000128923",0.677838352088078,5.09329091567956,43.1091672349635,2.92678964427118e-10,1.28705150024188e-09
"ENSG00000097046",-0.739131667949608,4.54210363849066,43.1020423607555,2.93590637594934e-10,1.29074849325034e-09
"ENSG00000134504",-0.638699420927275,5.33016836149344,43.0925373797923,2.94811322687008e-10,1.29580191808393e-09
"ENSG00000287306",1.3625856506309,-0.403655689984044,43.0875940394128,2.95448197941886e-10,1.29828746657816e-09
"ENSG00000139154",-0.579004870226402,5.32043091957807,43.0731390262546,2.97318484467495e-10,1.30619048200357e-09
"ENSG00000250608",1.02471686832637,0.0349642971357696,43.0683924743246,2.97935226603101e-10,1.30858389313142e-09
"ENSG00000118181",-0.618569042338201,8.76046590621974,43.0397741092672,3.01681195142513e-10,1.32471694284211e-09
"ENSG00000124198",0.649956159611413,7.21078773364687,43.0188516764296,3.04449849394603e-10,1.33655174047527e-09
"ENSG00000166822",-0.479719425383886,4.6164403404255,43.0119709389857,3.05365963826115e-10,1.34025003621365e-09
"ENSG00000107738",-0.668205313336608,4.89866645806485,43.0112056351368,3.05468029544329e-10,1.3403745527991e-09
"ENSG00000286705",1.15679726658184,0.0667353174591598,43.0059832527318,3.06165438558628e-10,1.34311070827408e-09
"ENSG00000147180",-1.32447820527018,3.66186317648363,42.9881447155186,3.08559775535989e-10,1.35328796658996e-09
"ENSG00000244313",-0.710764344843611,3.49130297044622,42.9795525433296,3.09719772221082e-10,1.3580480272799e-09
"ENSG00000084090",-0.393699583076009,7.81260036566022,42.9781105279637,3.0991488396403e-10,1.35857602061648e-09
"ENSG00000171310",-0.673212439064131,5.33987472378319,42.9735683309107,3.10530276312672e-10,1.36094570254816e-09
"ENSG00000163866",-0.381486199770629,5.0911460821131,42.9723387609523,3.10697074571468e-10,1.3613486852098e-09
"ENSG00000113211",-1.90657827920744,1.7839887902025,42.954758165412,3.13091893345069e-10,1.37151140562623e-09
"ENSG00000149136",-0.550451979978499,7.86212729972689,42.9324356486945,3.16159509059389e-10,1.38461573579874e-09
"ENSG00000119402",0.448182798536979,6.5737653944028,42.9281031472621,3.16758396786948e-10,1.38684668193857e-09
"ENSG00000131748",1.07777067305005,6.21240227378368,42.9276477118106,3.16821418707651e-10,1.38684668193857e-09
"ENSG00000167508",-0.815285929374644,4.96001855287576,42.924154004374,3.17305289362193e-10,1.38863055893156e-09
"ENSG00000147872",-0.87008245132397,6.48733907097243,42.9189008141185,3.18034248127801e-10,1.39148590448603e-09
"ENSG00000224843",-0.915276416307353,0.708678503615434,42.8926739403117,3.21698972207747e-10,1.40718155519829e-09
"ENSG00000130363",0.567570038485018,4.55191013199419,42.8894965967442,3.22145831325872e-10,1.40879739845034e-09
"ENSG00000134318",-0.560552632283847,6.31942227099744,42.8767084097929,3.23950693305263e-10,1.41634981005676e-09
"ENSG00000149577",0.520281761279254,5.81973939369314,42.863720073416,3.25794246554492e-10,1.42406771361045e-09
"ENSG00000278540",0.671864990332263,7.03917508912565,42.8479544721788,3.28046230142559e-10,1.43356675488536e-09
"ENSG00000154917",-1.24074478903637,3.72402926817714,42.8424449841648,3.28836911756486e-10,1.43667685587965e-09
"ENSG00000134201",1.35485501749949,0.930009722726072,42.8259331225104,3.3121810865918e-10,1.44651876857863e-09
"ENSG00000115946",-0.389635690602185,5.10126496877525,42.8257220339288,3.31248662366945e-10,1.44651876857863e-09
"ENSG00000279267",-0.720302705987182,0.230078559085735,42.8181768479077,3.32342648591003e-10,1.45094769384858e-09
"ENSG00000135333",-2.11865724136608,2.41380942639741,42.8153658022225,3.32751157064009e-10,1.45216900682759e-09
"ENSG00000224383",0.909398509906132,0.712367882451537,42.8151531749083,3.32782077218903e-10,1.45216900682759e-09
"ENSG00000117877",-0.573032386871778,3.0056021509797,42.8126789294234,3.33142093916282e-10,1.45339131785784e-09
"ENSG00000184557",-0.769694353178746,5.96684171632264,42.8092636929109,3.3363967572801e-10,1.45521305087315e-09
"ENSG00000103479",0.565444408647687,6.13286580335733,42.8080898519578,3.33810871201385e-10,1.45561067499659e-09
"ENSG00000059588",-0.62665294117851,6.31594767692811,42.7976854492288,3.35332150785875e-10,1.4618599223563e-09
"ENSG00000260643",0.636607860267979,-0.267685714071975,42.7971901680626,3.35404742467168e-10,1.4618599223563e-09
"ENSG00000180992",-0.603328392120237,5.87228075310458,42.7654077292799,3.40096291544695e-10,1.48195288706634e-09
"ENSG00000286529",1.02882011372244,-1.00376958559151,42.752602940752,3.42005123781577e-10,1.48991357876391e-09
"ENSG00000197933",0.564231667566463,3.32971251850743,42.7402061589592,3.43863431079731e-10,1.49765040337121e-09
"ENSG00000006747",1.49005226987461,3.62276640833766,42.7218717928591,3.46630487720207e-10,1.5093405100922e-09
"ENSG00000198270",0.55881412580249,3.76142227934308,42.7200476510783,3.46907016353395e-10,1.51018305730865e-09
"ENSG00000173535",1.42006535876629,-0.418862026280901,42.7036681331959,3.49400043300533e-10,1.52067192810483e-09
"ENSG00000164300",0.639165062857505,6.0915123462942,42.7025367783053,3.49572905835981e-10,1.52106028979541e-09
"ENSG00000072803",0.437290184996655,5.99515966673056,42.6564559415785,3.56687530052794e-10,1.55164620822775e-09
"ENSG00000076928",-0.552109634523171,6.42642029828702,42.6230079452565,3.6194305958506e-10,1.57413208219347e-09
"ENSG00000182742",1.4234074249144,2.48461520895975,42.6097378672189,3.64049709330336e-10,1.5829156378915e-09
"ENSG00000148057",0.695844088292789,2.1988344849217,42.6073338913423,3.64432666412816e-10,1.58420204032416e-09
"ENSG00000181126",-1.75987958768588,0.37009411273382,42.6053194190365,3.64753887938267e-10,1.5852195254053e-09
"ENSG00000100461",0.3837712788307,6.33675184750053,42.5963094269308,3.66194092976397e-10,1.59109846226821e-09
"ENSG00000127948",-0.599336162069453,6.66077345212535,42.5848315957894,3.68037083131417e-10,1.59872425793986e-09
"ENSG00000178715",-1.21033563083181,-0.38318189935858,42.5614589357753,3.718190024761e-10,1.61476695726726e-09
"ENSG00000119912",0.510638068178966,6.0586010731332,42.54270103487,3.74882552877911e-10,1.62768294861386e-09
"ENSG00000152492",-0.443798304644304,6.10091134756892,42.516017146411,3.7928451439515e-10,1.6463671851801e-09
"ENSG00000188542",0.456669785719248,2.04884665883865,42.5155208244322,3.79366883279625e-10,1.6463671851801e-09
"ENSG00000237441",0.51625978915124,6.53084435162432,42.5083825950687,3.80553531830091e-10,1.65112300499182e-09
"ENSG00000132677",1.45193120112318,0.27214361748927,42.5009709732789,3.81789591636768e-10,1.65609088783437e-09
"ENSG00000170502",0.490482827574322,5.16734934645711,42.4675633486971,3.8741155942997e-10,1.67979097172623e-09
"ENSG00000065150",-0.58427586692008,7.79365997402047,42.4674071344973,3.8743804301691e-10,1.67979097172623e-09
"ENSG00000105258",-0.640530446883932,2.01208241373711,42.4396807814912,3.92167647595712e-10,1.69989160497398e-09
"ENSG00000287401",1.00731930771387,-1.32431734618242,42.416764809127,3.96120629911099e-10,1.71661711146606e-09
"ENSG00000275318",0.965350887549978,-0.697972105682884,42.4113063656031,3.97068119104161e-10,1.72031323255514e-09
"ENSG00000050555",-1.51645093860951,2.42586164788155,42.4049387286622,3.98176318071713e-10,1.72427838303335e-09
"ENSG00000060762",-0.587287491778259,4.84292996496272,42.404769996507,3.98205725965448e-10,1.72427838303335e-09
"ENSG00000286408",-0.906727096195185,-0.725881396136447,42.4044142759695,3.98267730763311e-10,1.72427838303335e-09
"ENSG00000178913",0.428437135905907,6.91608976053896,42.3924665035407,4.0035598606751e-10,1.73290687163157e-09
"ENSG00000137343",-0.522183505987055,4.22282609652648,42.3916397100198,4.00500902688504e-10,1.73312167930015e-09
"ENSG00000078687",0.723732065389677,5.25398915456016,42.3666012215942,4.04914694653781e-10,1.75180505860204e-09
"ENSG00000170412",1.32554615192701,5.11642442867391,42.3660485979886,4.05012662864087e-10,1.75181220265684e-09
"ENSG00000255112",-0.399631773870426,5.59969260494245,42.352619169824,4.0740077575511e-10,1.76172261279932e-09
"ENSG00000204590",-0.496558542750167,5.9978964309923,42.3439901953989,4.08942730840938e-10,1.76797014227121e-09
"ENSG00000185252",-0.485353852157826,4.46869773208507,42.3378174855773,4.10049374834962e-10,1.77233318191499e-09
"ENSG00000006831",0.694173701735307,7.43393330445607,42.3354369911308,4.10476956919328e-10,1.77375977487497e-09
"ENSG00000100156",-1.15730066701068,0.307101308571898,42.3216154815141,4.12968466183767e-10,1.78410224773167e-09
"ENSG00000070759",0.850947041800243,3.41474876272447,42.281793445766,4.20232554312958e-10,1.815053359735e-09
"ENSG00000126254",-0.567291676672844,6.08333919042831,42.2431297498649,4.27408683651011e-10,1.84560995684819e-09
"ENSG00000286340",-0.763083885392139,-0.788076632286243,42.2229837094381,4.3119673113435e-10,1.8615253135228e-09
"ENSG00000148488",1.66961378072916,4.31003699940088,42.1970949133983,4.36114362123189e-10,1.88230849983307e-09
"ENSG00000287778",-1.03646403719912,-0.263361470748689,42.1785699348038,4.39667915830872e-10,1.8971957421428e-09
"ENSG00000153291",-1.30488944763012,2.01181271556501,42.1709879169755,4.41130748101924e-10,1.90305646263705e-09
"ENSG00000111653",-0.575816910155581,5.33483956374015,42.169694353151,4.41380810990969e-10,1.9036837064984e-09
"ENSG00000176928",1.66747109167751,2.07837654452532,42.1526580018264,4.44687537632222e-10,1.9174909754516e-09
"ENSG00000116035",-1.37672926070004,1.78550574871056,42.1518427757578,4.44846396761567e-10,1.91772132360734e-09
"ENSG00000180113",-0.990070388056674,1.15041325382895,42.151047852542,4.45001354707036e-10,1.91793474867573e-09
"ENSG00000143748",0.5765830638875,5.59779169098407,42.1452488337242,4.4613343238504e-10,1.92235841464561e-09
"ENSG00000122335",-0.595745243805269,4.01329803423607,42.1331464459534,4.48505414947629e-10,1.93212138490466e-09
"ENSG00000134871",-0.74820931373308,8.96920578622086,42.1306805952784,4.48990262400333e-10,1.93375204653973e-09
"ENSG00000097033",-0.384828648361726,7.12241336394227,42.1238979482733,4.50326628636908e-10,1.93904846629926e-09
"ENSG00000162302",-0.603667024094995,5.26228579330861,42.1220589114002,4.50689660045745e-10,1.94015231642888e-09
"ENSG00000242247",-0.564766587621181,5.88608195914786,42.1194095472101,4.51213171643767e-10,1.94194632414975e-09
"ENSG00000119446",0.533818503068208,5.61789765902947,42.1078221143407,4.53510055483368e-10,1.95136997613709e-09
"ENSG00000175093",-1.78984058097966,1.03972531793888,42.1065374816143,4.53765423223056e-10,1.95200698145245e-09
"ENSG00000124562",-0.472513172194375,6.53750647722805,42.0901991310293,4.57025952259952e-10,1.96556822409648e-09
"ENSG00000117385",-0.708265919215222,5.72706821519407,42.077667011906,4.59542909107253e-10,1.97592587017558e-09
"ENSG00000109956",-2.02895668058628,1.70392478879596,42.075599960755,4.59959398193848e-10,1.97707031073347e-09
"ENSG00000226803",-1.02347810854622,-0.552842049577529,42.0752672250198,4.60026476524305e-10,1.97707031073347e-09
"ENSG00000181904",0.469650766113863,5.89754676069434,42.0681911571071,4.61455325476944e-10,1.98274260802614e-09
"ENSG00000166402",-1.14585846644798,4.00054202781324,42.062544963879,4.6259865533057e-10,1.98718572110354e-09
"ENSG00000177842",0.763249865727931,2.00775144421052,42.0583566167242,4.63448623619689e-10,1.99036683976267e-09
"ENSG00000249852",-1.51689785920756,-0.476899730763494,42.0416652435463,4.66851592266101e-10,2.00450820588665e-09
"ENSG00000147164",-0.370331735941171,6.21869029981183,42.0338415115149,4.68455329263079e-10,2.010919407278e-09
"ENSG00000157765",-2.85295417799258,6.37482719317178,42.017997435666,4.71720151906379e-10,2.02445637632686e-09
"ENSG00000112276",-1.16876615377897,2.38276905746905,42.0143058164945,4.72484136887278e-10,2.02725677794428e-09
"ENSG00000117360",-0.53549961523054,6.45942842734627,41.9744556344759,4.8081108048493e-10,2.06249809713677e-09
"ENSG00000198467",-1.02329714599711,6.80066216601918,41.9645706074861,4.82899438088694e-10,2.07096792736552e-09
"ENSG00000101966",0.428411983945413,6.40531798542408,41.924963843487,4.91359153004397e-10,2.10675159708722e-09
"ENSG00000115762",0.492833259058996,7.15538839767522,41.903785790252,4.95943821406379e-10,2.12544039327131e-09
"ENSG00000162981",-1.41247120513239,5.00069816102847,41.9037496907744,4.95951673028559e-10,2.12544039327131e-09
"ENSG00000255468",0.633297860788139,0.573191862556066,41.888294197172,4.99324784110757e-10,2.13939203142672e-09
"ENSG00000124541",-0.426531400678806,5.81707230890932,41.8659335940965,5.04245924747445e-10,2.15996817694454e-09
"ENSG00000087077",-0.85552415508847,6.10121499656299,41.8630758620397,5.04878373399831e-10,2.16216808462353e-09
"ENSG00000023171",-0.953928517554247,2.39090076456824,41.8561328246099,5.06418282957767e-10,2.16825229059225e-09
"ENSG00000165591",0.837684581560157,3.70947359986628,41.8555637900056,5.06544700136979e-10,2.16828312687488e-09
"ENSG00000179523",0.558952695811559,2.63800362155342,41.8472872647605,5.08387023008029e-10,2.17565721752236e-09
"ENSG00000135148",0.460154267405966,6.0493609832262,41.8407357485521,5.09850158015765e-10,2.18140547494489e-09
"ENSG00000168763",0.395239292666336,5.35092980661128,41.8229496585722,5.13843743429813e-10,2.19797507184888e-09
"ENSG00000090447",-0.55168758504038,4.41738030828328,41.8136599548412,5.15942131207914e-10,2.20643204383013e-09
"ENSG00000137462",-0.810073947606268,4.71706510785914,41.81072665393,5.16606508842926e-10,2.20875392168198e-09
"ENSG00000182648",-0.9711918223738,3.92720058705667,41.8009191331576,5.18834136065522e-10,2.21775681944999e-09
"ENSG00000025156",-0.470590354462152,4.37511176346616,41.7885953510801,5.2164703873054e-10,2.22925665893587e-09
"ENSG00000141736",1.40670647142332,9.18863897365021,41.7632659015248,5.27476891188426e-10,2.25364099058846e-09
"ENSG00000007202",0.602279874184521,7.51006446717526,41.7452548320425,5.31662287237337e-10,2.27098959142148e-09
"ENSG00000173947",1.21888925791162,3.15928659012179,41.7393952298669,5.33031147207805e-10,2.27618012826746e-09
"ENSG00000132031",1.50163482590721,3.97191226805959,41.738982321483,5.33127740621255e-10,2.27618012826746e-09
"ENSG00000130066",-0.749923328189772,8.01754056029099,41.7278921070091,5.35728739311044e-10,2.2867482540693e-09
"ENSG00000235098",-1.17058202370519,2.74631294615333,41.7269490352052,5.35950508621498e-10,2.2871581067123e-09
"ENSG00000163539",0.482839137499979,5.81721373201116,41.7087483708191,5.40248699828736e-10,2.30495973551139e-09
"ENSG00000131095",-1.61608039853088,-0.559958663914676,41.702093839015,5.41828873552538e-10,2.31115936964671e-09
"ENSG00000058063",-0.788006707743797,6.01208283611307,41.6899442392158,5.44725935620126e-10,2.32297193834909e-09
"ENSG00000111641",-0.747148164883372,-1.23553547028062,41.679277625804,5.47282261770791e-10,2.33332624873116e-09
"ENSG00000233757",-1.03728567370485,0.206392438470989,41.6365474539765,5.5764478428743e-10,2.37694945784387e-09
"ENSG00000159403",-0.75566423922587,7.90341692310861,41.627762928547,5.59799536913959e-10,2.38557497127251e-09
"ENSG00000151239",0.555538304604375,6.35882281078415,41.6264810536713,5.60114669051011e-10,2.38635877271019e-09
"ENSG00000089847",1.08854239558994,0.390196413736416,41.6215861173012,5.61319672534984e-10,2.39093260048391e-09
"ENSG00000149196",-0.514796942689149,4.67075965847082,41.6137168709076,5.63262357011474e-10,2.39864569171732e-09
"ENSG00000101353",0.793525782617803,0.609279502255322,41.5733986682616,5.73322661829431e-10,2.44091586454908e-09
"ENSG00000009307",-0.447892015784955,9.57943864838789,41.5680169109966,5.74679177268785e-10,2.44611862302005e-09
"ENSG00000157870",0.628832924398381,5.29209129396656,41.5667359935203,5.75002519683571e-10,2.44692228076855e-09
"ENSG00000138663",0.407917744667966,5.39709147901737,41.5436016883215,5.80874016924507e-10,2.47133020346735e-09
"ENSG00000088205",-0.4234146180019,6.83484672055577,41.5280137336324,5.84864322427357e-10,2.48772504590944e-09
"ENSG00000184260",-1.5296447023249,0.660221186772476,41.5160276304625,5.87951402383582e-10,2.50027124305648e-09
"ENSG00000168010",0.720301772009683,4.10079566035015,41.5122585536503,5.88925540279519e-10,2.50382836058997e-09
"ENSG00000181104",0.683593767660941,5.94961742395576,41.5050906368281,5.90782621869868e-10,2.51113679050459e-09
"ENSG00000129219",-0.498912424987599,5.22928897448023,41.5005343575392,5.91966144252417e-10,2.51557949337919e-09
"ENSG00000227051",1.35456213018717,4.50084752015857,41.4727880208523,5.99225249535743e-10,2.54583247805562e-09
"ENSG00000112562",1.22748912267639,6.22906119473971,41.4674079069117,6.00643178148854e-10,2.55126065487421e-09
"ENSG00000157349",-0.437541340672519,3.70762368761746,41.4526576077746,6.04548005721533e-10,2.567247053015e-09
"ENSG00000126767",-0.401415027974821,5.70368581949673,41.4501340103011,6.0521863569161e-10,2.56949499205392e-09
"ENSG00000198001",0.455885844302337,4.70628976916356,41.4392833531223,6.08110691143717e-10,2.58117088693627e-09
"ENSG00000146674",-0.887189360408541,7.37966362686712,41.4280176023408,6.11128137593805e-10,2.59337344063372e-09
"ENSG00000213626",-0.630836346925094,6.12826923115561,41.4163044820828,6.14281428309847e-10,2.60614663356648e-09
"ENSG00000128573",-1.40125727299273,1.59154838410642,41.4136733642413,6.1499200681567e-10,2.6085528498049e-09
"ENSG00000117408",-0.385704467669009,5.81343626124502,41.3931058274032,6.20575279090205e-10,2.63162116486189e-09
"ENSG00000136122",-0.634621714953518,2.84117704193218,41.3905842576833,6.21263295550229e-10,2.63338349979926e-09
"ENSG00000175352",1.83343291925065,4.63366554713463,41.390521468602,6.21280437521368e-10,2.63338349979926e-09
"ENSG00000253676",-0.759866958455595,-0.82975512824615,41.3653311149313,6.28196269870782e-10,2.66207683047758e-09
"ENSG00000203799",1.49543722970547,0.956060550607014,41.3615100386565,6.29252082717124e-10,2.66592985801515e-09
"ENSG00000244038",-0.44253760877308,8.03212672806343,41.3598515107882,6.29710912466926e-10,2.66690678979335e-09
"ENSG00000188818",1.20684034044134,1.7925514223061,41.3596165817138,6.29775932601849e-10,2.66690678979335e-09
"ENSG00000143127",-1.33510579309457,2.75931257980602,41.3530464634251,6.31597057266188e-10,2.67399610743888e-09
"ENSG00000076053",-0.496303277122355,4.34710006428363,41.3329704280742,6.37194781258491e-10,2.69706741483115e-09
"ENSG00000182199",-0.568661217379238,6.87408734648872,41.316446304297,6.41839676682771e-10,2.71609586773063e-09
"ENSG00000120029",0.344468661976673,5.18829296191244,41.3122370995256,6.43028324734456e-10,2.72049294493377e-09
"ENSG00000180730",1.89144769209245,5.08974267889972,41.288985772178,6.49634460062353e-10,2.74780268828234e-09
"ENSG00000138078",0.475013413615293,5.98677478511769,41.2783701315421,6.52673288425958e-10,2.75947352028545e-09
"ENSG00000153363",0.633077274241639,3.81775357944534,41.2782871028604,6.52697112616451e-10,2.75947352028545e-09
"ENSG00000253741",1.12332584020922,0.219689551817254,41.2390610814466,6.6405130048013e-10,2.80682432096969e-09
"ENSG00000138031",-0.630451353282626,5.03888013222141,41.2270278275275,6.67574178960069e-10,2.82105928599576e-09
"ENSG00000139220",1.58285537761827,-0.00524516647674437,41.2202581042982,6.69564378148805e-10,2.82860518620137e-09
"ENSG00000139329",0.99828580177339,9.25271536406701,41.2198964137888,6.696708781495e-10,2.82860518620137e-09
"ENSG00000260916",0.512318906538079,4.04164350481236,41.1986607977198,6.75953771613721e-10,2.85448042677278e-09
"ENSG00000104907",-0.639080146476353,5.134090198376,41.1917365800504,6.78015242397628e-10,2.86252117658497e-09
"ENSG00000130821",-0.854473575385679,6.19628202170077,41.1871200579516,6.79393191716374e-10,2.86767309606345e-09
"ENSG00000278311",0.349907757715998,6.26839517626061,41.1696447240351,6.84634907258247e-10,2.88912753902854e-09
"ENSG00000177679",1.42206587939968,2.13420873985586,41.1446378527553,6.92206757760945e-10,2.92040280912922e-09
"ENSG00000173705",-1.57535852983486,2.94091059535033,41.1401218163731,6.93583152295554e-10,2.92553116279024e-09
"ENSG00000100335",-0.407775490202233,5.80222894766123,41.1377529463497,6.94306238678076e-10,2.92790212591626e-09
"ENSG00000005436",-0.413213696659529,4.44124124758714,41.136322122742,6.94743359217933e-10,2.92906634618817e-09
"ENSG00000266904",0.671463378857755,0.806858206854788,41.1332577983308,6.95680453069522e-10,2.93233744621749e-09
"ENSG00000162714",-0.499145042545015,5.84624551089823,41.1313677267096,6.9625908721109e-10,2.93409644999891e-09
"ENSG00000178385",-0.660353060676103,3.93570217817089,41.1144145056521,7.01470974990256e-10,2.95537505052647e-09
"ENSG00000132581",0.476927612355106,5.58888123730672,41.0973975675441,7.06742039047243e-10,2.97689305377287e-09
"ENSG00000143632",-2.57190178078203,2.99390878500924,41.0967645872014,7.06938876275044e-10,2.97703271166717e-09
"ENSG00000187796",-0.979502694982391,2.69301989722367,41.0958546839268,7.07221924841436e-10,2.97753527060556e-09
"ENSG00000104140",-1.29254068490821,5.12688208391152,41.0926414513381,7.08222397779277e-10,2.98105738736623e-09
"ENSG00000160888",-0.704691923522236,5.8003258779843,41.0916836623014,7.08520891394869e-10,2.98162377896573e-09
"ENSG00000278535",-0.72884060667984,3.86957210809898,41.0898198317286,7.09102115472854e-10,2.9833794300764e-09
"ENSG00000159128",-0.450206033002244,6.15734872347053,41.0782623009354,7.12717016238905e-10,2.99789479448502e-09
"ENSG00000155761",1.78548621461833,1.38169582936497,41.0751791340424,7.13684489934856e-10,3.00127017408906e-09
"ENSG00000103353",0.453718142557143,6.75474138873798,41.0664865255048,7.16419302847683e-10,3.01207449842665e-09
"ENSG00000126787",-0.628077806580778,5.06154500394223,41.057182490774,7.19358195385941e-10,3.02373165187878e-09
"ENSG00000185641",-0.959145680832816,1.90983641570556,41.0327991681871,7.27118069276544e-10,3.05564312476936e-09
"ENSG00000114388",0.476071130617353,4.50807579511069,41.0297612997071,7.28090754437877e-10,3.05902394126036e-09
"ENSG00000003147",0.597844330230742,5.42696004243711,41.0194350071549,7.31406922835173e-10,3.07224690820465e-09
"ENSG00000002822",-0.845657269562623,-1.02452948314959,41.0119591835191,7.33817202427253e-10,3.08165949613181e-09
"ENSG00000147883",-1.05562227547824,5.07616139974861,41.0079968836064,7.35097934914196e-10,3.08632530937659e-09
"ENSG00000269743",-0.539354108138103,1.76458395856645,40.9983541457735,7.3822418366955e-10,3.09873562256676e-09
"ENSG00000189362",-0.560397293983658,3.22444840609094,40.9883835906394,7.41470820669042e-10,3.11164542831761e-09
"ENSG00000198612",0.362463659895544,5.95032786017332,40.9745337705177,7.46004552446888e-10,3.12994943481061e-09
"ENSG00000164074",0.42280379745182,3.65729109521339,40.9651932142378,7.49077961549076e-10,3.14211945679304e-09
"ENSG00000240376",-0.721694331687058,0.429790957841731,40.9500091895599,7.54101389067956e-10,3.16179869629819e-09
"ENSG00000241468",-0.617687802465941,5.06754711877716,40.9499617073028,7.54117151118404e-10,3.16179869629819e-09
"ENSG00000166432",1.04194458784069,4.06210841774219,40.9441070374719,7.56063197169265e-10,3.16922734042742e-09
"ENSG00000123144",-0.557400625928177,6.60439220516743,40.9098868841715,7.67539496878326e-10,3.21659179014355e-09
"ENSG00000213281",-0.816171924116304,6.83510989533287,40.9008149470479,7.70611288966069e-10,3.22872106051944e-09
"ENSG00000131771",-2.21935431541907,6.80065479015625,40.8969683949522,7.71917487811305e-10,3.23344893328236e-09
"ENSG00000139132",-0.721432520744776,4.2880005273261,40.8682211618327,7.81750369946057e-10,3.27388342817842e-09
"ENSG00000243649",1.67673792528224,2.64075220871507,40.8499681885186,7.88059229949559e-10,3.29954449224737e-09
"ENSG00000241431",-1.00903912472041,-1.05668851480571,40.8445494569235,7.89942001664254e-10,3.30666631214487e-09
"ENSG00000113141",0.375603224206038,6.70757388363318,40.8048220434847,8.03884862864685e-10,3.36425630137664e-09
"ENSG00000237232",-1.00660646526679,-0.148422732561029,40.8038383762309,8.04233226294471e-10,3.36493994015271e-09
"ENSG00000082153",0.564732594257073,7.5246195964022,40.7970110108736,8.06655322641029e-10,3.37429783997126e-09
"ENSG00000256683",0.573440833816774,3.97161478239267,40.7638903155832,8.18510189000864e-10,3.42310032594797e-09
"ENSG00000164983",-0.67418465610043,5.91995937162486,40.7565748829326,8.21152208648951e-10,3.433360085266e-09
"ENSG00000167680",1.01955895343259,3.75269281749208,40.7495012086625,8.23715098076024e-10,3.44328434930056e-09
"ENSG00000254419",1.16819467335362,-1.08265172696336,40.6974200330189,8.42834974597374e-10,3.52212936052051e-09
"ENSG00000185215",-1.06643927516418,7.26330765379265,40.6970726598644,8.42963993091367e-10,3.52212936052051e-09
"ENSG00000006634",-0.507928979371358,4.59371423949945,40.6928271640062,8.44542431355023e-10,3.52791404260109e-09
"ENSG00000180329",0.465680741845658,4.47355284475304,40.6710415786944,8.52689158926126e-10,3.56067577207126e-09
"ENSG00000167645",-0.552464584820097,5.45426396804435,40.6708084700905,8.52776757375324e-10,3.56067577207126e-09
"ENSG00000162444",-1.17485095990324,3.61747244377891,40.649381593603,8.60867529363948e-10,3.5936329180793e-09
"ENSG00000146457",-0.384510583963145,6.44027222923258,40.5767552673646,8.88871826690449e-10,3.70968352084577e-09
"ENSG00000130940",0.678373247138163,4.98394279339445,40.5585346879936,8.96040669622284e-10,3.73874459717598e-09
"ENSG00000173581",0.75602473150492,3.90547220532284,40.547916249996,9.00245344057477e-10,3.75542713709114e-09
"ENSG00000165678",0.500757148224611,7.74010116512226,40.5278604123433,9.08241415909387e-10,3.78791443993578e-09
"ENSG00000135686",-0.525572926268899,5.51711685512915,40.5102947130186,9.15303541418986e-10,3.8164926206622e-09
"ENSG00000124641",-0.559676137168089,5.11580382738626,40.5047476897108,9.17545161058697e-10,3.82496250042072e-09
"ENSG00000258824",0.857801214518453,-1.72567601873754,40.4972700886209,9.20575719664336e-10,3.83671658782194e-09
"ENSG00000172244",-0.582671148261424,2.43734092565528,40.4863797780003,9.25007472738151e-10,3.85430376040355e-09
"ENSG00000185129",0.520884967266878,5.2966786514061,40.4795834084384,9.27784121341257e-10,3.86498799792826e-09
"ENSG00000183833",1.51915914045521,1.23576507561669,40.4656278129772,9.3351205530588e-10,3.88795907073583e-09
"ENSG00000227496",-1.22888384172135,0.354764550454026,40.4553436879831,9.37755894540802e-10,3.90473997479581e-09
"ENSG00000144136",0.431666935134444,6.46184931559704,40.4295179712617,9.48499139311733e-10,3.9485700036168e-09
"ENSG00000273599",-0.949204483587309,1.66162308591942,40.42632613551,9.49835505708989e-10,3.95322841598057e-09
"ENSG00000197162",0.497128210531823,3.54038019904304,40.4235342978966,9.5100595727928e-10,3.95719431502987e-09
"ENSG00000141404",-0.984853990296717,1.9172135945514,40.4156990714051,9.54298581069698e-10,3.9699868692808e-09
"ENSG00000156931",0.404153836905807,5.60500462653553,40.4119600612352,9.55873889748908e-10,3.97563098713769e-09
"ENSG00000146197",-1.93469956708579,5.35546023619843,40.4086364560027,9.57276383863967e-10,3.98055392540417e-09
"ENSG00000196981",0.437535405109649,3.90118790977098,40.4055425366602,9.58583821133535e-10,3.98507943743468e-09
"ENSG00000185920",-1.07850811317642,3.58976480588166,40.3610340182128,9.77592995363219e-10,4.06317673666961e-09
"ENSG00000128872",-0.8054526073282,4.39798221004102,40.3501139009426,9.82314699784144e-10,4.08186880504318e-09
"ENSG00000176973",-0.677266715339487,2.16682183477289,40.3473593841785,9.83509343731112e-10,4.08589948464629e-09
"ENSG00000106823",0.89802548916754,4.12736826664985,40.3448240757628,9.84610211755184e-10,4.08953882882012e-09
"ENSG00000154518",-0.536023428066778,7.43921699853352,40.3429402426041,9.8542900473915e-10,4.09200519136887e-09
"ENSG00000104450",0.740898681636301,4.45872959665133,40.3418361444373,9.85909211445281e-10,4.0930647655254e-09
"ENSG00000286940",-1.24759365069645,1.13277961048377,40.3230700469036,9.94107379355731e-10,4.12550947301499e-09
"ENSG00000105640",-0.723403336634951,8.47375666419406,40.3229092521928,9.94177920619347e-10,4.12550947301499e-09
"ENSG00000164953",0.661534221234799,4.02699767034304,40.3174801072214,9.96562674078868e-10,4.13446211590932e-09
"ENSG00000112796",1.16240822965898,5.25619865356246,40.3161887594252,9.97130748135819e-10,4.13587549534647e-09
"ENSG00000204642",-1.01450760222504,6.25476483183335,40.2959236835611,1.00608843183841e-09,4.17207852217899e-09
"ENSG00000100578",0.458898860917727,4.66811307344078,40.2905733355697,1.00846694190646e-09,4.18098854328577e-09
"ENSG00000133134",-1.18940087853492,3.40166726375416,40.2738412662047,1.01594190185751e-09,4.21101898609489e-09
"ENSG00000124635",-1.31143780651382,2.5831749176953,40.269352149863,1.01795688437611e-09,4.21840961791585e-09
"ENSG00000260920",-0.623208908137576,2.58004273957887,40.2507036561233,1.02637069900111e-09,4.25230757936952e-09
"ENSG00000172671",0.66434796626879,3.40818231897489,40.2482455169886,1.0274849823897e-09,4.25595464807647e-09
"ENSG00000134262",-0.436653965458778,3.77896368310851,40.2474417203897,1.02784961106033e-09,4.25649561155859e-09
"ENSG00000237988",-1.90260061965558,4.83300619177598,40.1862493546013,1.05599529028887e-09,4.37205607552334e-09
"ENSG00000157654",-0.675332384917766,6.47153745844683,40.1806073585836,1.05862918784067e-09,4.3819635112531e-09
"ENSG00000169217",0.471037399591156,6.37660067238344,40.1800219413659,1.05890286207948e-09,4.38209903424382e-09
"ENSG00000180488",0.584653615748224,5.08603867087911,40.1779348248352,1.05987914048323e-09,4.38514144838694e-09
"ENSG00000138660",0.520143682414049,5.34095547732162,40.1581544185003,1.06917691746441e-09,4.42260399700765e-09
"ENSG00000108819",0.533659583393794,6.18552030738928,40.1442251838315,1.07577369456022e-09,4.44887948082341e-09
"ENSG00000255561",0.607247606069888,1.41723835353803,40.1405399031343,1.07752587463149e-09,4.45511266374122e-09
"ENSG00000168612",0.37948618931818,4.22629004428236,40.1359936062939,1.07969139579245e-09,4.46305161515298e-09
"ENSG00000183765",-0.591301595793045,4.31829345684948,40.0855435872707,1.10401885126686e-09,4.56257552075473e-09
"ENSG00000255717",-0.724675571625311,5.74100098660828,40.0738055819167,1.10975788891965e-09,4.58525135930728e-09
"ENSG00000143416",0.92369853668899,7.02046354160063,40.0660020036183,1.11358992461186e-09,4.6000394160437e-09
"ENSG00000185896",-0.518993844508711,8.75882571927477,40.0646888186786,1.11423609014719e-09,4.60166348946348e-09
"ENSG00000157214",1.33614462342437,4.76264107184033,40.0501516796209,1.12141455702371e-09,4.63025833442618e-09
"ENSG00000160145",-0.929738684267258,4.42302701114695,40.0438996618279,1.12451614798391e-09,4.64201082603978e-09
"ENSG00000137266",0.870593622648256,4.5914295777352,40.0425680235196,1.12517788359401e-09,4.64368852888767e-09
"ENSG00000227953",1.2350771687615,-0.331161829543552,40.0277098756022,1.13258809830533e-09,4.67321060162826e-09
"ENSG00000145022",0.557636233851521,5.64375721468549,40.0264978809554,1.13319472509264e-09,4.6746531322261e-09
"ENSG00000131724",0.516134693803939,7.48724339299384,40.0243173524388,1.13428694744967e-09,4.67809773247496e-09
"ENSG00000118503",-0.711959126005617,5.54741365667434,40.018786326416,1.13706219402688e-09,4.68848043186598e-09
"ENSG00000100226",-0.408424737185192,6.12660035819538,40.0153205054439,1.1388046942942e-09,4.69460103803781e-09
"ENSG00000138795",1.02234474344218,4.5395535769113,40.0123180507925,1.14031640723849e-09,4.69976768974705e-09
"ENSG00000118308",-1.43485262923701,2.9099788232509,40.0042723817171,1.14437733037885e-09,4.71543608630051e-09
"ENSG00000159784",1.48931787943322,1.69806510089955,40.0034979735392,1.1447689695809e-09,4.71598143119759e-09
"ENSG00000115317",-0.400852479006031,4.23736308675943,39.9928819221811,1.150151448723e-09,4.73708209904303e-09
"ENSG00000102760",-0.741421600790466,4.35650177303939,39.9913533618674,1.15092854937368e-09,4.73822100397682e-09
"ENSG00000143155",-0.434450072861029,6.43397105032963,39.9913131512385,1.15094899909663e-09,4.73822100397682e-09
"ENSG00000109458",0.638929884922866,5.29500367123632,39.9497572711682,1.17228006526401e-09,4.82494451844803e-09
"ENSG00000108639",0.657948177820004,8.22060377229764,39.9378095175776,1.17848648569136e-09,4.84939190084944e-09
"ENSG00000142875",1.13293315818841,6.13504102290057,39.9320574783098,1.18148627202684e-09,4.86063612658316e-09
"ENSG00000144331",2.29129967597407,2.6535681185124,39.924791685794,1.18528652189893e-09,4.87516763009899e-09
"ENSG00000143228",-0.686648097795901,5.01298329999555,39.9117331021764,1.19214762401645e-09,4.90227921899417e-09
"ENSG00000134982",0.528324398028705,5.44308969613934,39.9046090849913,1.19590752928247e-09,4.91662887490724e-09
"ENSG00000164105",-0.683502232667862,4.02837785878379,39.8841038728073,1.20679666517237e-09,4.96027519687118e-09
"ENSG00000015133",0.627923633251553,6.08064980995748,39.8719954373901,1.21327368125299e-09,4.98577083475584e-09
"ENSG00000239474",0.788884453349052,-1.17393925529354,39.8703401975819,1.21416181932302e-09,4.98829346506596e-09
"ENSG00000075399",-0.603536941252336,3.51549455275762,39.8586779542255,1.22043795185934e-09,5.01294613107897e-09
"ENSG00000140688",0.495566016125717,5.31900813272381,39.8558313427866,1.22197484307595e-09,5.01812563690797e-09
"ENSG00000204084",-0.500562803683427,4.26426099369949,39.8289900609907,1.23656287203383e-09,5.07688612111768e-09
"ENSG00000233966",-0.989318232919797,-0.582109226988118,39.8269655529778,1.23767027741329e-09,5.08028594123061e-09
"ENSG00000120690",0.568780767326995,6.42009594631841,39.82585653095,1.23827733635514e-09,5.08163091011444e-09
"ENSG00000166794",-0.521946599000469,6.92914981677258,39.817021103276,1.24312443606448e-09,5.10037158654201e-09
"ENSG00000069943",0.488469609764351,3.14117251423884,39.8061969823103,1.24908863079087e-09,5.12368606604065e-09
"ENSG00000124570",0.581346930062013,6.6163983373385,39.7982731597682,1.25347303039811e-09,5.14051126874425e-09
"ENSG00000149294",-1.78421710179366,2.70608937371916,39.7746977879189,1.26660977367945e-09,5.19321428396797e-09
"ENSG00000164338",0.394982459632978,4.41330131566309,39.7717187553262,1.2682796159626e-09,5.19888881116245e-09
"ENSG00000008952",0.413759622666213,7.51796285937522,39.7652707508218,1.27190153826283e-09,5.21256087830651e-09
"ENSG00000149480",-0.42805001173371,7.06387795582765,39.751560251419,1.27963761945584e-09,5.24308380776363e-09
"ENSG00000182732",-1.71079089595238,0.814678785466605,39.7224810861227,1.29620289920837e-09,5.30976088531574e-09
"ENSG00000118004",-1.36735076725621,0.0412489022167968,39.7150184705675,1.3004888437168e-09,5.32571381154848e-09
"ENSG00000114805",-1.47681121320836,4.6144537370648,39.7145162292597,1.30077780500495e-09,5.32571381154848e-09
"ENSG00000203668",-0.816170136635262,5.87687749746917,39.7141722931152,1.30097572381295e-09,5.32571381154848e-09
"ENSG00000231887",-0.956850921936278,-1.14442223188649,39.6958840440123,1.31154361896216e-09,5.36776672855172e-09
"ENSG00000106460",0.562166494843935,6.4338976239221,39.6722464829832,1.32533106116355e-09,5.42297442979588e-09
"ENSG00000157224",0.550798525309461,5.60486785251186,39.6687318298158,1.32739355931992e-09,5.43019209557147e-09
"ENSG00000099284",-1.12236397607494,5.33675645869328,39.6595972005003,1.33276917866439e-09,5.45095700956778e-09
"ENSG00000158805",-0.550614869763369,3.41997386844855,39.6447540683209,1.34155107149102e-09,5.485640937113e-09
"ENSG00000160767",-0.608680421861586,6.090967331104,39.6425801645949,1.34284214766842e-09,5.48968599276088e-09
"ENSG00000054523",-0.536499686582951,6.60766220415405,39.6299208211233,1.35038544818888e-09,5.51928326554144e-09
"ENSG00000143344",-0.61350754132547,4.81250674436059,39.626635131911,1.3523502651636e-09,5.52607203387903e-09
"ENSG00000149809",1.185041648113,4.94162919953859,39.6259803524139,1.35274216285606e-09,5.52643181896363e-09
"ENSG00000258655",-0.800272280232576,0.625045015596385,39.6225850894698,1.35477612922491e-09,5.53349836926626e-09
"ENSG00000186020",-0.517063289561535,3.96416399723222,39.6168073558155,1.35824443475271e-09,5.54641889970414e-09
"ENSG00000177181",1.41906002112339,3.00155981495039,39.6080006777638,1.36354822356582e-09,5.56682718074412e-09
"ENSG00000103343",0.38868128398732,3.51277551578062,39.596964921259,1.37022397830171e-09,5.59282623818481e-09
"ENSG00000007312",-1.41173293514932,1.83449732809778,39.5956876572667,1.37099874768669e-09,5.59473305427991e-09
"ENSG00000066044",-0.305002741437824,6.87728932581633,39.5794777822787,1.38086990618221e-09,5.63375097659086e-09
"ENSG00000256525",0.479577298171397,3.67270631334452,39.5508613891536,1.3984715185399e-09,5.7042834669665e-09
"ENSG00000260428",-1.25925648911254,0.595393013314444,39.5396939560379,1.40540173497568e-09,5.73126608873041e-09
"ENSG00000164611",-0.683769182198027,5.32391442798674,39.5380514183697,1.4064239700168e-09,5.73414910707588e-09
"ENSG00000108588",0.59509256814272,7.40353847451066,39.5267765084622,1.41346120169043e-09,5.76154915650955e-09
"ENSG00000186765",1.02967670631878,0.0689806688117009,39.5258602658641,1.41403463281509e-09,5.76259509335443e-09
"ENSG00000167173",-0.483637465984934,5.36168373968952,39.5150304538581,1.42083028987944e-09,5.788992229464e-09
"ENSG00000070087",-0.819682548910049,7.21798333433272,39.5112712217177,1.42319688755964e-09,5.79733594421832e-09
"ENSG00000125726",-1.27559381129569,0.293678912791687,39.5041534070225,1.42768875771694e-09,5.81433119690005e-09
"ENSG00000147996",0.689210607494245,2.9657644413585,39.5016029390907,1.42930177152137e-09,5.81959718388865e-09
"ENSG00000174606",0.461590921611268,5.48019729541027,39.4971799681042,1.43210338886422e-09,5.82969929200146e-09
"ENSG00000223393",-0.831581622949238,-0.863352978114222,39.49429361135,1.43393466463835e-09,5.83584776917481e-09
"ENSG00000184900",-0.454397581054164,7.28913432805367,39.4702359850304,1.44929046435086e-09,5.89702348224015e-09
"ENSG00000129194",-1.71815133202008,1.61635208792528,39.4577516318739,1.45732441841847e-09,5.92773765100691e-09
"ENSG00000124217",0.530986367549983,4.26392304850524,39.4574938090811,1.4574908057677e-09,5.92773765100691e-09
"ENSG00000112081",-0.301257841142568,8.28812611117351,39.4413227516022,1.46796528325706e-09,5.96900348130549e-09
"ENSG00000169684",-1.17023887169491,1.11788543969203,39.4254281791175,1.47833469362021e-09,6.00982373883869e-09
"ENSG00000077935",-1.6049821893528,2.18057214795007,39.4130701966057,1.48644792584389e-09,6.04145583804441e-09
"ENSG00000167617",-1.08512244875318,1.88231474806031,39.4078971973685,1.4898574163215e-09,6.05363677804791e-09
"ENSG00000163629",0.897543292043017,5.65782157657689,39.4075135128614,1.49011061443372e-09,6.05363677804791e-09
"ENSG00000174473",1.48146782711769,-0.59093087269635,39.397792510486,1.49654012900684e-09,6.07839925555524e-09
"ENSG00000260418",-0.918357266324106,0.927895338825169,39.3971385471902,1.49697366684489e-09,6.07880264625471e-09
"ENSG00000238198",-0.967706685298264,-1.47006368221002,39.3949886343352,1.49839982146068e-09,6.08323570373367e-09
"ENSG00000120318",-0.623509854153586,3.8319970477302,39.3787528443961,1.50921427129874e-09,6.1257730788622e-09
"ENSG00000198492",-0.328266140524579,6.7948688540863,39.3759618362972,1.51108124312705e-09,6.13198251896359e-09
"ENSG00000175826",-0.378666833094697,5.16035115234321,39.3728652796396,1.51315533085222e-09,6.13902947971006e-09
"ENSG00000205702",-0.947059316495976,-0.362197112247831,39.3719701917502,1.51375539979712e-09,6.14009438258474e-09
"ENSG00000104205",1.05910430483314,4.77690014050736,39.3585406624246,1.52278746842634e-09,6.17535306036530e-09
"ENSG00000114391",-0.562743119402496,9.0564446144899,39.3209058636176,1.54838965452935e-09,6.27777776116359e-09
"ENSG00000092853",-0.651301591606886,4.40087742760233,39.3161829975275,1.55163304911541e-09,6.28952571814375e-09
"ENSG00000230581",-0.68314118942048,-1.18958952935417,39.3053788928047,1.55907849351938e-09,6.31829760252462e-09
"ENSG00000146007",0.411130803907449,6.4827281460168,39.3012010650221,1.56196722041152e-09,6.3285942982501e-09
"ENSG00000227199",-0.869130014868252,-0.618935034668277,39.2738297360554,1.58102698358136e-09,6.4043917098837e-09
"ENSG00000095713",-2.2996258803678,2.23562285931457,39.2551971655434,1.59413568360988e-09,6.45605428935571e-09
"ENSG00000198055",-0.504836646030006,5.66702979140156,39.2459899654327,1.60065371959779e-09,6.48100842654599e-09
"ENSG00000122678",0.467123834151078,4.30623520427622,39.2426515636848,1.60302370540929e-09,6.48915983841181e-09
"ENSG00000273669",0.973475473815878,-0.926937613030861,39.2381494151732,1.60622546243808e-09,6.50067394544366e-09
"ENSG00000166268",1.42553765908917,0.268816829962631,39.218297332191,1.62042064728358e-09,6.55666534656147e-09
"ENSG00000135334",-0.398649971541724,5.42326139620888,39.2164004698761,1.62178360223309e-09,6.56072067558171e-09
"ENSG00000059145",0.565188681838379,3.85136768763056,39.2046217325976,1.63027292556297e-09,6.59359661332872e-09
"ENSG00000132016",-1.20898370272548,3.30095674275869,39.2017191496399,1.63237178992353e-09,6.60010273717869e-09
"ENSG00000133612",-0.526622052211039,6.24239658391258,39.2013936418597,1.63260733530718e-09,6.60010273717869e-09
"ENSG00000167130",0.439476460207938,4.55258675685867,39.199205403564,1.63419168848441e-09,6.60503965114542e-09
"ENSG00000167323",-0.563388863003934,6.53302470345762,39.1984084385828,1.63476910146636e-09,6.60590544711624e-09
"ENSG00000185278",0.631355044316768,5.03884926200081,39.1937521388827,1.63814677721558e-09,6.61720047853107e-09
"ENSG00000105677",-0.591607859674432,6.25102039142888,39.1935522454762,1.63829193725673e-09,6.61720047853107e-09
"ENSG00000106028",-0.500993007802736,6.39473943234357,39.1566505338787,1.6653130844129e-09,6.72484777515582e-09
"ENSG00000133872",0.537355358432843,7.90852194164219,39.1546240010592,1.66680996566984e-09,6.72939836972322e-09
"ENSG00000249129",0.628171858135323,-1.04621680776897,39.1262999912771,1.68787391242948e-09,6.81206804499028e-09
"ENSG00000108510",0.661976083747188,7.13453135706519,39.126084017186,1.68803555524363e-09,6.81206804499028e-09
"ENSG00000073711",-0.710049262082934,5.20304924878517,39.121561879056,1.69142367670066e-09,6.82422667077008e-09
"ENSG00000129317",0.543159013820531,5.00919462429023,39.0832303926043,1.72041978325182e-09,6.93967509820008e-09
"ENSG00000129353",-0.58630735498146,8.43695435800618,39.08204360246,1.72132550008185e-09,6.9417889568711e-09
"ENSG00000145817",0.380740397497807,5.95036851944952,39.0767500721988,1.72537120033674e-09,6.95656204649182e-09
"ENSG00000101846",0.895068487153535,4.77963925724893,39.0700568404305,1.73050039302038e-09,6.9756961764749e-09
"ENSG00000108848",0.451791975107252,7.11687006526525,39.0517520562528,1.74460652819728e-09,7.03100011851366e-09
"ENSG00000177946",-0.516098641292821,4.21858593823806,39.0485623957372,1.74707640649301e-09,7.03939425815129e-09
"ENSG00000147955",-0.619937824845363,6.50923727158399,39.0466495774859,1.74855926820534e-09,7.04226839733945e-09
"ENSG00000105711",0.918478739535825,2.77459511608234,39.046643330968,1.74856411273284e-09,7.04226839733945e-09
"ENSG00000050393",-0.479048858237792,6.03621563057191,39.0302335787145,1.76133766973978e-09,7.09214291282424e-09
"ENSG00000133275",-0.485395263451729,5.76531061611475,39.0170745282123,1.77164883717943e-09,7.13208256985822e-09
"ENSG00000156642",0.524947088129259,6.95066748822476,39.0135825504177,1.77439529270233e-09,7.14155821723169e-09
"ENSG00000100592",0.62476803255335,5.9996165525505,38.9951335196977,1.78897700402546e-09,7.19865348433961e-09
"ENSG00000159753",-1.27463711917649,2.85986885369189,38.9856273113646,1.79653764673123e-09,7.22747770819458e-09
"ENSG00000129636",0.533404884224821,5.9113866404469,38.9778308395985,1.80276253206306e-09,7.2509166150294e-09
"ENSG00000267216",-0.842270970191442,-0.968385883123886,38.9514768532019,1.82396574955514e-09,7.33457639905128e-09
"ENSG00000148082",-1.12059392346658,2.03646532741421,38.9399260391843,1.83333815606896e-09,7.37063536308183e-09
"ENSG00000212993",-1.60677836399806,0.968134187123465,38.9339320709647,1.83822083779627e-09,7.38713386906098e-09
"ENSG00000157593",-0.518356976744056,6.33799782908809,38.9338911370673,1.83825422758797e-09,7.38713386906098e-09
"ENSG00000103274",0.461657899191432,3.12341620210302,38.92717073094,1.84374437114413e-09,7.40755966917813e-09
"ENSG00000175416",-0.724635090626212,5.84650448546969,38.9213966568128,1.84847463483916e-09,7.42492417368698e-09
"ENSG00000250988",-0.781210644349323,-1.18856525916932,38.9188624449619,1.85055458850697e-09,7.43163763651243e-09
"ENSG00000185963",-0.411127692763299,5.56917377408691,38.9132937041402,1.85513343129058e-09,7.4483812027181e-09
"ENSG00000197415",-1.16882765320072,2.46546183322975,38.910439529654,1.85748467789269e-09,7.45617552891463e-09
"ENSG00000105538",-0.903823536810803,3.54731078248673,38.8914199312377,1.87322984605703e-09,7.51771942632066e-09
"ENSG00000287725",-1.04493546002988,0.180607548992977,38.8866241570293,1.87722119190578e-09,7.53207567579578e-09
"ENSG00000101187",-1.2406712097774,2.20238143145287,38.8859050178422,1.87782044435323e-09,7.53281831537198e-09
"ENSG00000246763",0.914128901953138,-0.644738415551409,38.8831570629754,1.88011206988216e-09,7.54034803241826e-09
"ENSG00000150961",0.656972657718995,6.80701141324559,38.8750658598159,1.88687603686127e-09,7.56580717778502e-09
"ENSG00000130751",1.15960589411279,0.137368867937787,38.8716037021408,1.88977777759298e-09,7.57577214433793e-09
"ENSG00000051523",-0.937539304576789,6.22296887848103,38.8660310745529,1.89445782790577e-09,7.59286006477527e-09
"ENSG00000104365",0.689016155569688,6.31076351633964,38.8324726717027,1.92288944943794e-09,7.70511418955215e-09
"ENSG00000182118",-1.25333596919164,2.93612773876774,38.809517275661,1.94258553558495e-09,7.7823228460835e-09
"ENSG00000158417",-0.449041183796683,7.97433922653084,38.8006299541493,1.95026554861912e-09,7.81136969792655e-09
"ENSG00000232098",0.585695630548373,2.68616196766691,38.8000054214058,1.95080639174366e-09,7.81181564355653e-09
"ENSG00000228436",-0.658520678005236,-0.970386805147191,38.7527128845234,1.99220431955355e-09,7.97583362624695e-09
"ENSG00000170458",-0.859299336381288,6.38660729041101,38.7482187270775,1.99618415228882e-09,7.9900082222335e-09
"ENSG00000111271",0.454800238348784,4.86512522319843,38.7270028712345,2.01508060841618e-09,8.06386933022519e-09
"ENSG00000099956",-0.449585478503379,6.48710025058972,38.7200720580889,2.02129275172365e-09,8.0869495310932e-09
"ENSG00000137807",-0.562910447929421,5.56786778964055,38.7069758700123,2.03308377638215e-09,8.13233510552859e-09
"ENSG00000136999",-1.23493345546781,3.14863362390696,38.6891860912995,2.04921188827305e-09,8.19504525591693e-09
"ENSG00000226054",-0.516086262003254,0.631886292084204,38.6642326888829,2.07205230018221e-09,8.28397845542444e-09
"ENSG00000198715",-0.545830401608149,5.56662344219371,38.6638973289998,2.07236100572802e-09,8.28397845542444e-09
"ENSG00000258768",0.783865147974846,0.0315258113829501,38.6559695192347,2.0796722464558e-09,8.31137745957771e-09
"ENSG00000117748",-0.371183641830942,5.826520274415,38.6510156639711,2.08425403375842e-09,8.32785860412965e-09
"ENSG00000078403",-0.48443849457601,5.44218831213966,38.6479341547849,2.08710923808442e-09,8.33743527833943e-09
"ENSG00000137809",1.13643541681875,6.29582455657691,38.6254173555292,2.10809255111778e-09,8.41940872194339e-09
"ENSG00000119655",-0.527238730750855,6.71354616553666,38.619064182348,2.11405146173375e-09,8.44135411328507e-09
"ENSG00000148814",0.5197017699307,3.59635079150566,38.6160643031517,2.11687108042938e-09,8.45075750896611e-09
"ENSG00000174444",-0.527890334730936,10.3097385215985,38.6027970882985,2.12938665211764e-09,8.49885548139471e-09
"ENSG00000187049",-0.505013575072515,4.15764888421351,38.5976314299232,2.13427982634927e-09,8.51651634086015e-09
"ENSG00000261770",-1.38295984493559,0.565254296375152,38.5797337022173,2.15132139272048e-09,8.58263511533233e-09
"ENSG00000130255",-0.732322499907856,8.60665730502273,38.5731852748383,2.15759082037065e-09,8.60575917563629e-09
"ENSG00000033100",-0.435811113257582,6.12101623186858,38.5722628397707,2.1584754347201e-09,8.60739995761656e-09
"ENSG00000137776",0.362618646392028,6.77950061063233,38.5631595550983,2.16722512817995e-09,8.64039689419924e-09
"ENSG00000099804",-0.603036550609944,5.38759309291627,38.512600980585,2.21647538595136e-09,8.83481356995032e-09
"ENSG00000139970",1.36668735258249,3.97399943431332,38.4925019005302,2.23636670312304e-09,8.91214671262091e-09
"ENSG00000047230",0.603531656816217,5.93884611054071,38.4740741426473,2.2547622327723e-09,8.98348641613638e-09
"ENSG00000160588",-0.691552021825216,4.62050004060309,38.4711230502974,2.2577223158456e-09,8.99331000451156e-09
"ENSG00000105700",-0.424390133581401,4.97078277142691,38.451054944069,2.27795583117178e-09,9.07132452158388e-09
"ENSG00000102098",-1.01489745309992,2.89274006583821,38.4507102608704,2.27830494912003e-09,9.07132452158388e-09
"ENSG00000100739",1.10416572385429,-0.906049329678952,38.4241243766518,2.30539622387138e-09,9.17718242936588e-09
"ENSG00000279207",0.667664237463516,4.02616864750736,38.4202534722072,2.30936773352392e-09,9.19098038016042e-09
"ENSG00000131969",1.91173040634044,0.853396815239868,38.4163454813489,2.31338429699107e-09,9.20495156282511e-09
"ENSG00000164142",-0.757843797497674,5.05595069721157,38.4158334167596,2.31391110994902e-09,9.20503396057585e-09
"ENSG00000151806",0.526632642752205,5.47138340100798,38.4138712662566,2.31593089479252e-09,9.21105425639325e-09
"ENSG00000004059",-0.501199805981162,6.7144483884257,38.3977587565654,2.33258410892414e-09,9.27526011655273e-09
"ENSG00000105613",-1.38469989875205,1.81944734512415,38.3876839206658,2.34305838478476e-09,9.31487342130388e-09
"ENSG00000181374",-1.52803609696028,1.55805425655704,38.3869692669418,2.34380317283475e-09,9.31579810041923e-09
"ENSG00000164128",2.43583673457659,7.18263294457456,38.3823777808148,2.34859396639331e-09,9.33280031915262e-09
"ENSG00000160908",-0.343610644036589,4.42896138562995,38.3687181662287,2.36290502592268e-09,9.38761830744467e-09
"ENSG00000139323",0.553638024905248,4.57313042065476,38.3605741245853,2.37147930707344e-09,9.41962560319977e-09
"ENSG00000101888",-0.562507961472735,4.63586566538125,38.3467433892977,2.38611270118395e-09,9.47568074435232e-09
"ENSG00000101265",-0.741762240381214,5.24575727089742,38.3418030501335,2.39136180798251e-09,9.49445286260335e-09
"ENSG00000246560",0.551849383138728,0.132547515039469,38.3296616171252,2.40431163362933e-09,9.54378437198826e-09
"ENSG00000156453",0.685995316474687,6.37812534179377,38.3207111605216,2.41390331449983e-09,9.57976728870236e-09
"ENSG00000111639",-0.540730683626952,6.7264954174288,38.3170617723364,2.41782522321639e-09,9.59323847291879e-09
"ENSG00000184261",-1.10600821388981,-0.0778387589861234,38.3146441141903,2.42042696184019e-09,9.60146686629213e-09
"ENSG00000169972",-0.666121274270106,3.3857354507113,38.3109040362155,2.42445737609676e-09,9.61535777506494e-09
"ENSG00000175322",-0.627627163166109,2.51478350480652,38.3096156507252,2.42584734462319e-09,9.61877294615361e-09
"ENSG00000106070",-0.645279438426179,6.00525436895611,38.3074409018793,2.42819538650304e-09,9.62598467517815e-09
"ENSG00000109321",1.88385032184255,5.06829653150043,38.297459188555,2.43900193906574e-09,9.6667176438718e-09
"ENSG00000104808",-1.19702641699585,0.456152377700803,38.2857606038373,2.45172902521152e-09,9.71504303062029e-09
"ENSG00000157625",0.512168119317168,5.45185184663514,38.2793918915526,2.45868580485614e-09,9.74048734888335e-09
"ENSG00000137628",1.02457634183121,6.35894112774142,38.2654974107027,2.47393247357333e-09,9.79875518931875e-09
"ENSG00000213742",0.641333516073977,1.82386173310703,38.263575283861,2.47604915746715e-09,9.80500371783421e-09
"ENSG00000120949",-0.968727993452587,0.982542374850032,38.2538672928008,2.48676774496858e-09,9.84530512526959e-09
"ENSG00000212766",1.69719334133657,2.10511276996535,38.2524456938465,2.48834125699396e-09,9.84939081223203e-09
"ENSG00000162976",0.629736507357903,5.2558324154186,38.2311240115116,2.51206229139185e-09,9.9411203124097e-09
"ENSG00000119599",-0.520739311197854,4.57462775952226,38.2270256733693,2.51664789972565e-09,9.95710071790519e-09
"ENSG00000156697",-0.385643103688805,5.05742068824921,38.2137383532043,2.53157317858329e-09,1.0011838914465e-08
"ENSG00000168522",-0.598612910878456,6.16033068225469,38.2137288761515,2.53158385570842e-09,1.0011838914465e-08
"ENSG00000064651",1.12089181830754,7.13418441977037,38.1759044092612,2.57456209886033e-09,1.01795946639286e-08
"ENSG00000162639",-0.826083419394435,4.65579589656089,38.1664028458393,2.58547352670041e-09,1.02205156495603e-08
"ENSG00000070731",1.33649156921764,3.3983013260815,38.1617061530365,2.5908843484917e-09,1.02396793851297e-08
"ENSG00000198373",-0.587327048398788,6.23798158954469,38.1595042109109,2.59342502737635e-09,1.0247493894834e-08
"ENSG00000256967",-0.814431083150599,-0.275706364710934,38.1500223559957,2.60439428184607e-09,1.0288601910994e-08
"ENSG00000165912",-0.831085655504273,5.5261766142756,38.1455952207157,2.60953191428678e-09,1.0306659382638e-08
"ENSG00000183844",2.16687877513116,4.04880718509208,38.1439298884562,2.61146715657488e-09,1.03120635353417e-08
"ENSG00000182810",-0.474116184108385,3.98290226554307,38.1327326530552,2.62451685223081e-09,1.03613441520239e-08
"ENSG00000174529",-0.53168301419461,1.90238124828844,38.0885265946822,2.67668227984668e-09,1.05649950750546e-08
"ENSG00000109472",1.18021964544209,6.46868023436277,38.080299021034,2.68650612119054e-09,1.06014695882433e-08
"ENSG00000085760",-0.364056617406252,5.77820720195071,38.0769184125899,2.69055315487457e-09,1.06151368288197e-08
"ENSG00000107929",-0.433960683516925,6.91803908499611,38.0462612709242,2.7275358195779e-09,1.07587120985649e-08
"ENSG00000130294",-2.56321074772646,5.44716451128655,38.0347515643093,2.7415524133876e-09,1.08116555279041e-08
"ENSG00000143315",0.453435084151853,5.64658536095928,37.9988576699459,2.78573276650992e-09,1.09835047815483e-08
"ENSG00000166801",0.568970056257739,5.79659747468475,37.9857220519579,2.80207984873115e-09,1.10455631314959e-08
"ENSG00000239523",-0.715197409182897,-0.259129946230332,37.9851830407007,2.80275270400181e-09,1.10458214908743e-08
"ENSG00000147874",-0.564780788037376,5.19926457122285,37.9778762453819,2.81188998063228e-09,1.10794313188345e-08
"ENSG00000213213",0.745234829148653,-0.338220938836302,37.9660032415211,2.82680153494064e-09,1.11357735147283e-08
"ENSG00000144712",-1.20376420971213,2.49203875540102,37.9475703413162,2.85011007315956e-09,1.12251628433578e-08
"ENSG00000110851",0.357023642641145,5.47371201885457,37.9028259055405,2.90749980830636e-09,1.14487132525387e-08
"ENSG00000176490",-1.3189132405966,4.34399081422627,37.9008060427529,2.91011784394444e-09,1.14565418497103e-08
"ENSG00000178184",-0.607874188179609,3.6569718657681,37.8672387799276,2.95397582526086e-09,1.16266852001395e-08
"ENSG00000145335",-0.873587508661989,0.414791010662318,37.863424143183,2.95900193759542e-09,1.16439479102089e-08
"ENSG00000135926",-0.565847936457946,7.27004660901275,37.8509064737524,2.97555574774136e-09,1.17065559030759e-08
"ENSG00000134030",-0.573876372309276,5.37569779966531,37.845356692679,2.98292484609519e-09,1.17330097536287e-08
"ENSG00000139719",0.371181061680202,4.10278214915746,37.8339989537952,2.99806331660937e-09,1.17900055356738e-08
"ENSG00000008838",0.771084124667974,6.90417454583829,37.8279588147362,3.00614563435644e-09,1.1819234067807e-08
"ENSG00000159884",-0.806417711872272,0.743278711524955,37.8273876367806,3.00691106529635e-09,1.18196884494511e-08
"ENSG00000271755",-0.902900715817817,-1.06042599187873,37.8171812055043,3.02062182567067e-09,1.18710176675234e-08
"ENSG00000151778",1.1310063812779,0.883341509379869,37.8156301161734,3.02271098932457e-09,1.18766618003533e-08
"ENSG00000178950",0.476039785304511,6.56450709171057,37.8118115657355,3.02786041400209e-09,1.1894325099324e-08
"ENSG00000266472",-0.681255800047553,6.40587851229253,37.8054907150782,3.03640372446886e-09,1.1925310071397e-08
"ENSG00000145725",0.479266110555052,5.78489043355796,37.7901165166287,3.05728528960994e-09,1.20047290257827e-08
"ENSG00000115661",0.377078391494747,4.86761219665106,37.7869490167128,3.06160542715694e-09,1.20190976708678e-08
"ENSG00000214279",0.980228028955593,0.60616533240349,37.7527626091781,3.10862598892485e-09,1.22010551330525e-08
"ENSG00000158769",-0.518326083948678,7.62087832644498,37.7477896621711,3.11552631683823e-09,1.22255000325035e-08
"ENSG00000211933",-2.16944310244713,3.87675149356246,37.7295218568899,3.14100717957531e-09,1.23228297200422e-08
"ENSG00000186185",-0.654463658621375,4.47339768065079,37.7275955824155,3.14370627248649e-09,1.23307590433436e-08
"ENSG00000136010",-0.84992088746917,4.63392976880713,37.7073922658007,3.17215652797216e-09,1.24396685922289e-08
"ENSG00000100243",-0.484109385447603,7.59374237477972,37.7022153288242,3.17948840312488e-09,1.24657329329673e-08
"ENSG00000270885",-1.36080359676899,2.65817916882922,37.6686841367539,3.22739308322136e-09,1.26496435006376e-08
"ENSG00000179431",-0.916563041409448,3.86171369711122,37.6684102878598,3.22778730407186e-09,1.26496435006376e-08
"ENSG00000147118",0.439982107989502,3.38708709422606,37.6515955881288,3.25208633382794e-09,1.27421254286218e-08
"ENSG00000142188",0.464632218123851,5.71140822282697,37.6510669030518,3.25285332605421e-09,1.27423855899793e-08
"ENSG00000103024",0.837174439559139,5.1826958903888,37.646052727112,3.26013674584327e-09,1.2768166910723e-08
"ENSG00000169372",0.489135046599825,2.9444960446106,37.6296520475802,3.28407495786096e-09,1.28591507714909e-08
"ENSG00000143994",0.807457275400603,0.214464465957243,37.6209818340297,3.29680147630576e-09,1.29062043157661e-08
"ENSG00000214113",-0.518662081240824,4.65536099939488,37.6148763913281,3.30579316388992e-09,1.29386197686313e-08
"ENSG00000166426",-2.70344389713334,5.17080051874292,37.6004607635696,3.32712186065636e-09,1.30192969882999e-08
"ENSG00000111058",1.05540524032921,4.23782653547171,37.5981473481465,3.33055759110039e-09,1.30299379365313e-08
"ENSG00000101474",0.482481071763714,7.60331040117669,37.5764466094137,3.36296090599495e-09,1.31538780555347e-08
"ENSG00000177058",0.506166847388977,3.6866289161758,37.5704531573926,3.37196620239911e-09,1.31862655964814e-08
"ENSG00000178105",-0.446867807216564,5.34958011294658,37.5277038304996,3.43690778396535e-09,1.34373342164148e-08
"ENSG00000125730",-1.05126883505804,9.1909194052918,37.5244841551919,3.4418496858744e-09,1.34537636120102e-08
"ENSG00000163875",0.431008472726793,6.74900957050464,37.5138857581263,3.45816794877859e-09,1.3514645176705e-08
"ENSG00000260793",0.91773636659389,1.28579319370193,37.5077964286649,3.46757893063124e-09,1.35485124791237e-08
"ENSG00000062650",0.413290232081661,6.60119998807004,37.5057461071227,3.47075348937204e-09,1.35580035362325e-08
"ENSG00000139645",0.491950321465107,6.30420067723539,37.504695610813,3.472381132441e-09,1.35614490094131e-08
"ENSG00000198218",0.296887431606137,6.26143710454002,37.4968871418552,3.4845037714186e-09,1.36058726051012e-08
"ENSG00000175161",1.90711820668888,1.62721299261336,37.4933548975146,3.49000159757809e-09,1.36244149080812e-08
"ENSG00000148175",0.766166172673966,8.0205675708914,37.4784878027646,3.51323788407283e-09,1.37121825398104e-08
"ENSG00000121207",-1.76806731629616,2.07310510444953,37.4658969242962,3.53303865546435e-09,1.37865065577313e-08
"ENSG00000005100",-0.420673664150478,5.1006664002915,37.4616462477661,3.53974878619844e-09,1.38081790193468e-08
"ENSG00000168646",0.926416619952314,2.91193898703902,37.461417030526,3.54011099445865e-09,1.38081790193468e-08
"ENSG00000081059",-0.913903723219426,4.41537594827683,37.453138857028,3.55321723198581e-09,1.3856328262298e-08
"ENSG00000133216",-0.870071603136075,4.32722615127523,37.4466942573846,3.56345439352011e-09,1.38932708487339e-08
"ENSG00000287299",-1.18025838080442,0.042105066376642,37.4458064659858,3.56486696904394e-09,1.38957994927071e-08
"ENSG00000268895",0.58361582558999,0.490037049290169,37.4396443422654,3.57468718309341e-09,1.39310928832447e-08
"ENSG00000179750",-1.40039806470858,3.83083920630621,37.4378242277456,3.57759301174736e-09,1.39394305264912e-08
"ENSG00000197312",0.490663066880009,6.27448209493279,37.4317202578277,3.58735546568376e-09,1.3971783003879e-08
"ENSG00000129493",0.473862048214185,4.73952024104542,37.4316720106069,3.58743273741561e-09,1.3971783003879e-08
"ENSG00000203780",0.953160240955893,2.49185671518456,37.4139267732081,3.61596735784762e-09,1.40799003006921e-08
"ENSG00000168077",-1.18634010376526,5.83783679912037,37.4096451368796,3.62288652763971e-09,1.41038228092276e-08
"ENSG00000117724",-0.626409684863419,7.72086710331671,37.4001948398457,3.63820563510943e-09,1.4159335997398e-08
"ENSG00000246465",-1.24693715900013,1.15945566367633,37.3998884780487,3.63870334571356e-09,1.4159335997398e-08
"ENSG00000171159",-0.656182507690511,5.1169850900874,37.3888272731681,3.65671930646261e-09,1.42263980205223e-08
"ENSG00000254503",1.00950687813813,-1.03240246563619,37.3846016141179,3.66362559676015e-09,1.4250218638553e-08
"ENSG00000262879",0.605402129244602,3.51583686774693,37.3780214550996,3.67440622835906e-09,1.4289095677014e-08
"ENSG00000174365",0.547331214735245,3.4602476827453,37.3683529894672,3.69030470550062e-09,1.43478542077053e-08
"ENSG00000183735",0.412028005302939,5.31259284837343,37.3374949454693,3.74151242043759e-09,1.45438401160331e-08
"ENSG00000162959",-0.506700578569916,1.19888919482573,37.3252325518042,3.76205993675226e-09,1.46205867798398e-08
"ENSG00000247596",-0.58765523622079,4.66712260098183,37.3151437725945,3.77905059087042e-09,1.46804131533806e-08
"ENSG00000167653",1.88045653856384,3.11436558361031,37.3151332764118,3.77906830790234e-09,1.46804131533806e-08
"ENSG00000116001",-0.418411905513009,6.52900529661299,37.3017696269859,3.80169360909658e-09,1.47651512624917e-08
"ENSG00000157216",-0.565128708250701,6.36200480256447,37.2928274586488,3.81690942063989e-09,1.48210820970535e-08
"ENSG00000165733",-0.404270561479439,6.36972928107105,37.2885169623164,3.82426601117048e-09,1.48464781667382e-08
"ENSG00000169860",-0.82267916119996,1.77656046321657,37.2860081087981,3.82855437967194e-09,1.48599545577194e-08
"ENSG00000188092",-0.536995570327573,2.42071021396887,37.2830526841571,3.83361229536483e-09,1.48764114418808e-08
"ENSG00000226578",0.991697193208301,-1.43055791236619,37.2679873604526,3.859500090163e-09,1.49736748378594e-08
"ENSG00000101278",0.796375713406211,-1.06139903663471,37.2624528412429,3.86905468767189e-09,1.5007542473742e-08
"ENSG00000205138",-0.533097767715761,3.5408014885084,37.2552677215043,3.88149444267153e-09,1.50525844186162e-08
"ENSG00000150316",-0.448500425477897,5.74155449639146,37.2322320716679,3.92164936423325e-09,1.5205064727494e-08
"ENSG00000146670",-0.633518862485672,5.65043624175554,37.2249120386719,3.93449695500411e-09,1.52516263038395e-08
"ENSG00000186130",0.497860173227687,4.39649508143261,37.2155067699076,3.95106676940649e-09,1.53125937357693e-08
"ENSG00000249669",-1.30603772734684,2.75614492646628,37.2015293397876,3.97582181659368e-09,1.54052507882842e-08
"ENSG00000114405",0.915145570923583,4.68901812217668,37.1743993708183,4.02431862711235e-09,1.55898417869903e-08
"ENSG00000125375",0.440318533747942,3.70629187769072,37.1642822528775,4.04255615874922e-09,1.56571574564163e-08
"ENSG00000182359",0.520483235928411,2.2767805468602,37.1566758141286,4.05632274539655e-09,1.57071318061044e-08
"ENSG00000127616",-0.493609444521255,7.80207289383454,37.1545690140291,4.0601441177721e-09,1.57185826338951e-08
"ENSG00000214706",-0.53176284939379,5.21772059225358,37.1403342142665,4.08605896723044e-09,1.58155438382608e-08
"ENSG00000182704",1.05656543122895,6.87726462270453,37.1392676571298,4.08800737310789e-09,1.58197187451248e-08
"ENSG00000049323",-0.839177891582421,6.5904286492556,37.1174148867015,4.12813546898643e-09,1.59716077238726e-08
"ENSG00000110436",1.5035612436515,4.33668353146801,37.1093578229437,4.143030697791e-09,1.60258278033651e-08
"ENSG00000223485",-1.11089103806485,0.288021826140493,37.1028980009183,4.15501224584955e-09,1.60687566930707e-08
"ENSG00000134882",-0.442101800286954,6.46173818251527,37.0881526192576,4.18249285863294e-09,1.61715944117381e-08
"ENSG00000136709",-0.270262209693753,6.21399939486422,37.0849915496715,4.1884079022365e-09,1.61910229385499e-08
"ENSG00000204178",0.363253605412532,5.94192392442289,37.0792369766114,4.1991976319613e-09,1.62292831555699e-08
"ENSG00000127720",0.579520428799837,2.48904011585432,37.0681532778568,4.22005849239613e-09,1.63064422901425e-08
"ENSG00000116863",-0.484966368640835,5.44081319376365,37.059055920323,4.23725894650133e-09,1.6369427722805e-08
"ENSG00000168404",-0.584940169780786,3.86292092779083,37.0477755728847,4.25868508644798e-09,1.6448707656045e-08
"ENSG00000165626",-1.27786600501419,3.83172792957944,37.0352884260779,4.28253098412066e-09,1.65372979913347e-08
"ENSG00000273680",0.639485796588953,-0.286591911482491,36.9999514924353,4.35074440681971e-09,1.67971427024489e-08
"ENSG00000119737",-0.78356280308744,0.625799801569556,36.9973338360091,4.3558408671317e-09,1.68132499345058e-08
"ENSG00000115896",1.16300219094827,3.59076809562305,36.9518977497438,4.44526904426057e-09,1.71547959637197e-08
"ENSG00000188002",0.816908285290522,3.10277790804446,36.9501047005634,4.44883591554405e-09,1.71649188867024e-08
"ENSG00000167565",0.567754041592585,5.40537853688365,36.9481317861262,4.45276392615018e-09,1.71764306020826e-08
"ENSG00000182400",0.538584883228407,2.27331082050994,36.9369366654454,4.47511943019742e-09,1.72590059788869e-08
"ENSG00000069869",0.670198186432962,4.49847210594207,36.9133101080161,4.52267171713741e-09,1.74387011217501e-08
"ENSG00000171236",2.00649390765747,4.96872479696698,36.8868143503038,4.57660562680347e-09,1.76429213947227e-08
"ENSG00000205771",0.605607148983232,0.417526894905668,36.8755072420883,4.59981917649819e-09,1.77286525073425e-08
"ENSG00000106617",-0.530466452982921,4.93430260989995,36.869654276992,4.61188197964249e-09,1.77713791198597e-08
"ENSG00000161243",-1.17674653667589,3.46392026564808,36.8660281570972,4.61937132562609e-09,1.77964680513636e-08
"ENSG00000253710",0.67552836562848,2.93166465932038,36.8031539750365,4.75120009860972e-09,1.82969639070079e-08
"ENSG00000187555",0.363071125010681,7.67992965486732,36.8031091671654,4.75129538887168e-09,1.82969639070079e-08
"ENSG00000117697",0.404218263274933,5.18100507660521,36.7917315575119,4.77555401026798e-09,1.83864894874585e-08
"ENSG00000090470",-0.374065550303906,4.67366752326834,36.7750392960246,4.81137060008384e-09,1.85204674019735e-08
"ENSG00000061455",1.14090353393502,1.8975898004647,36.7680724410929,4.82639945331617e-09,1.85743870624025e-08
"ENSG00000162733",-0.830713278588484,5.76292274084767,36.7574232917775,4.84946333380706e-09,1.8656021218239e-08
"ENSG00000169242",-0.706322088441791,7.20304453220376,36.7573313832679,4.84966287221431e-09,1.8656021218239e-08
"ENSG00000044115",0.401514192826483,8.87227694002381,36.7510741350921,4.86326720325743e-09,1.87043992160808e-08
"ENSG00000009780",-0.344882396571409,4.03285602678087,36.7465798661891,4.8730622744266e-09,1.87381092277529e-08
"ENSG00000105520",0.65740361313561,5.29768317686945,36.7428236565684,4.88126404823304e-09,1.87656796679904e-08
"ENSG00000260742",1.40863470758444,-0.452456277638161,36.7415122918503,4.88413072415337e-09,1.87727323776208e-08
"ENSG00000112237",-0.497201934026527,5.93970878768655,36.7302215986268,4.90888285530734e-09,1.88638836620177e-08
"ENSG00000272853",-0.817953172961288,0.229966788055063,36.7229278311265,4.9249399531343e-09,1.89215901705971e-08
"ENSG00000081026",0.743435586454605,5.60686912056913,36.7189770260524,4.93365970049973e-09,1.89510882012015e-08
"ENSG00000254973",1.0341977167705,1.13312595071665,36.7184879509231,4.93474021217193e-09,1.89512362709002e-08
"ENSG00000126391",-0.476296231605078,6.01208487782621,36.7082205372324,4.95747918187542e-09,1.90345432467701e-08
"ENSG00000178177",0.543895178630572,3.93824578119975,36.6952269803159,4.98640732120922e-09,1.91415737353637e-08
"ENSG00000232713",0.714872458214578,-0.44287351197391,36.686997787594,5.00481639286412e-09,1.92081874980824e-08
"ENSG00000166793",-0.823326245690894,-0.304149864925368,36.6767885619076,5.02775024610308e-09,1.92921353325153e-08
"ENSG00000011590",-1.08490309339944,0.291638353284874,36.6558486474073,5.07512176606134e-09,1.94697984984441e-08
"ENSG00000105877",-1.8562875284962,1.99618474729147,36.6538295605786,5.07971320793375e-09,1.94833032108602e-08
"ENSG00000123146",-0.70670021885472,5.32816962014979,36.6486266934077,5.09156395520592e-09,1.95246395145025e-08
"ENSG00000125246",-0.745351761672885,1.94614575612515,36.6417438086132,5.1072842174124e-09,1.95807937070609e-08
"ENSG00000112763",-0.356894740720358,4.92543210665657,36.6283985257924,5.13790406383248e-09,1.96940356402498e-08
"ENSG00000178301",0.75872120657421,1.32375455112892,36.6251311382152,5.14542905334721e-09,1.97156879150007e-08
"ENSG00000214194",-0.567045396131846,5.32688167865865,36.625004542665,5.14572083420432e-09,1.97156879150007e-08
"ENSG00000188493",0.438498463835883,4.0614612942071,36.6123989230702,5.17485837830791e-09,1.982315168169e-08
"ENSG00000004478",0.643620266074989,8.39999282827411,36.600481462468,5.20255837371690e-09,1.99250645822621e-08
"ENSG00000163249",-0.477542148388298,4.22855971220304,36.5905355476234,5.22579038727745e-09,2.00098264344847e-08
"ENSG00000160783",-0.491302836510015,4.21902592101929,36.5880287565026,5.23166233838552e-09,2.00280940034847e-08
"ENSG00000104915",-0.578422306178766,5.30473769727255,36.5820447829071,5.24570623550838e-09,2.00776315259736e-08
"ENSG00000137825",1.3772432679996,0.498963871373975,36.5714771585814,5.2706005750902e-09,2.01686688953799e-08
"ENSG00000196363",-0.416935746712636,6.01193767324058,36.5688956378147,5.27670000802827e-09,2.01877618313038e-08
"ENSG00000067704",0.4874891273799,7.91181193532011,36.5631048669547,5.29040795230659e-09,2.023594949244e-08
"ENSG00000113845",-0.382128769402187,6.20662959371569,36.5584180590419,5.30152889994582e-09,2.02742236400788e-08
"ENSG00000116898",-0.508406540161234,6.20953621235355,36.5573044342319,5.3041747972485e-09,2.02800780349707e-08
"ENSG00000225205",-0.75121102885396,-0.290356406144864,36.5532462935992,5.3138279468506e-09,2.03127159935516e-08
"ENSG00000232445",-1.15454152024335,1.30206609066645,36.5479215317272,5.32652092327167e-09,2.03569578803247e-08
"ENSG00000167157",-0.987797525550625,3.17216413665822,36.5425806971678,5.33928295063216e-09,2.04014450222894e-08
"ENSG00000122679",1.72921572991475,4.71363845756325,36.5380972762759,5.35001999375662e-09,2.04381776195012e-08
"ENSG00000166676",-1.00553889551101,0.225037269484578,36.5349246306373,5.35763111255386e-09,2.04629556226647e-08
"ENSG00000184730",1.04840983556957,3.94333419862351,36.5257499768533,5.37970248598013e-09,2.05429411746812e-08
"ENSG00000248124",-0.766873838294737,1.11003194920294,36.5244412918058,5.38285824592949e-09,2.05506771152321e-08
"ENSG00000141098",-0.38879323726032,5.01800378095723,36.5144551980787,5.4070002870534e-09,2.06385144220204e-08
"ENSG00000145247",-0.540571922105072,5.66307447537703,36.5039655894781,5.43247729815955e-09,2.07314093787088e-08
"ENSG00000134775",-1.01737391296908,3.31025575940637,36.5004544388625,5.4410321654125e-09,2.07597006554484e-08
"ENSG00000188833",1.89518450453054,1.83081223634395,36.4991522745584,5.44420832471995e-09,2.07674624601524e-08
"ENSG00000164466",0.604863023696553,5.75085819486195,36.4945570304798,5.45543172207533e-09,2.08059115456293e-08
"ENSG00000136531",-1.83381549057557,1.39428549037473,36.472236653339,5.51027994609305e-09,2.10106858825032e-08
"ENSG00000198873",-0.571186488024326,3.76739997751248,36.4646671589703,5.52900668074870e-09,2.10776720833069e-08
"ENSG00000226137",0.596665072797994,4.89243009821866,36.4599877620358,5.54061550091934e-09,2.11141594169923e-08
"ENSG00000071243",-0.438065288681489,3.64185103374313,36.4598733471416,5.54089965346957e-09,2.11141594169923e-08
"ENSG00000130720",2.18957862973923,1.89352124832383,36.4483642514423,5.56955808686554e-09,2.12189196656704e-08
"ENSG00000145908",-1.09878596816455,2.81649302934875,36.4445904387182,5.57898766798093e-09,2.12503932366989e-08
"ENSG00000105778",0.456567404696298,6.41416308788366,36.437367168656,5.59708132414842e-09,2.13148482252118e-08
"ENSG00000120539",-0.550331561986752,4.8424619465214,36.4289896574981,5.61814043962307e-09,2.13902809170535e-08
"ENSG00000130962",-0.840838039268033,3.68950784472074,36.4285525652918,5.61924138012324e-09,2.13902809170535e-08
"ENSG00000058056",-0.609400248325568,5.6101573555025,36.4112888841168,5.66289942240179e-09,2.15519595510868e-08
"ENSG00000169129",1.00945083653384,4.56325767258412,36.3913203434006,5.71382494756983e-09,2.174122346159e-08
"ENSG00000163082",-1.38849389736914,4.39090256002198,36.3843351609739,5.73174808101037e-09,2.18048596731681e-08
"ENSG00000108826",0.561240268135499,5.3993639581558,36.3810275384074,5.74025482448916e-09,2.18326546942302e-08
"ENSG00000140319",0.364318668490683,7.66564133451957,36.3785365919273,5.74666960103487e-09,2.1852483107594e-08
"ENSG00000163902",-0.41186774467382,8.90150215990639,36.3722228307408,5.76296145732589e-09,2.19098543030609e-08
"ENSG00000271888",-0.946956666413161,-0.277536021122207,36.3660037948557,5.77905445646483e-09,2.19664456539566e-08
"ENSG00000158292",-0.855135149319041,4.02504456344975,36.3582800599382,5.79910432181087e-09,2.20380504398446e-08
"ENSG00000101191",0.361205323179857,6.7158899036165,36.3572833623763,5.80169673496529e-09,2.20432964728533e-08
"ENSG00000170745",0.973630012180714,5.08332729550271,36.3490882242961,5.82305670426962e-09,2.21198319417828e-08
"ENSG00000029534",2.18459761789421,3.32863434187037,36.3381818050664,5.85160655840645e-09,2.22236416964495e-08
"ENSG00000119777",-0.393711593388032,7.28785927272184,36.3127857318436,5.9186348268213e-09,2.24735136180012e-08
"ENSG00000142534",-0.520211495874719,10.0588916396052,36.305906061408,5.93692547382826e-09,2.25382593441846e-08
"ENSG00000156284",-1.65445993820203,2.94208636210357,36.2990320936967,5.95525793489193e-09,2.26031367528828e-08
"ENSG00000153253",-1.75482557146451,0.10257263493269,36.2982052844237,5.95746683144218e-09,2.26068029898332e-08
"ENSG00000120438",-0.48871607520754,7.88432362151834,36.2509154726842,6.08519179076024e-09,2.30866642241025e-08
"ENSG00000260339",0.843602526677857,-0.928835776087239,36.2151177940215,6.18371259867016e-09,2.3455550520253e-08
"ENSG00000198408",0.382383586211686,7.65405882277114,36.1995185813075,6.22714616880151e-09,2.36153741697585e-08
"ENSG00000105479",0.992163568503474,0.841509887810133,36.1961082150484,6.23668274036903e-09,2.36466094813075e-08
"ENSG00000186407",-1.1661195539752,1.99120924681224,36.1937467011254,6.24329499117357e-09,2.36637851160208e-08
"ENSG00000136888",0.453388584105882,7.18071692784656,36.1935611391339,6.24381486539388e-09,2.36637851160208e-08
"ENSG00000168209",-1.01387787041154,5.6220014009665,36.1924298275298,6.246985316068e-09,2.3670868526801e-08
"ENSG00000170100",-0.648409425561528,3.60607740707848,36.191487663067,6.24962693018296e-09,2.36759455542944e-08
"ENSG00000105497",0.783460597636439,3.13072265414866,36.1793513751885,6.28375527243843e-09,2.38002792367993e-08
"ENSG00000103199",0.382272176530942,4.01776471033293,36.1778493062484,6.28799228608333e-09,2.38113686652683e-08
"ENSG00000120992",0.645342349836749,7.05185645668632,36.1644589214474,6.32589133464591e-09,2.39498983335845e-08
"ENSG00000215030",-0.842889335882074,2.81534596020247,36.1380732724244,6.4012471795647e-09,2.42301526955094e-08
"ENSG00000135424",-1.00693963359952,3.5325363810728,36.1327039145051,6.41669233768578e-09,2.42835622633851e-08
"ENSG00000166979",-0.892284171728911,3.94681204201388,36.1292888422668,6.42653548274488e-09,2.43157535594267e-08
"ENSG00000157191",-0.337013096851468,6.11499165885236,36.100890426035,6.50897974780793e-09,2.46225714752768e-08
"ENSG00000214182",-0.739934436690922,1.29931510307417,36.0847925376679,6.55618718880838e-09,2.47959934685063e-08
"ENSG00000145730",-0.744343292353659,7.37756372959291,36.0745224143139,6.58648496442941e-09,2.49054030214225e-08
"ENSG00000099864",1.03115779643812,4.4030234589041,36.066649904432,6.60980520959329e-09,2.4988388516334e-08
"ENSG00000197256",0.535956973934887,5.94638313827705,36.0595953267136,6.63077333168608e-09,2.50624491597478e-08
"ENSG00000084731",-0.715004258830608,5.18587534792614,36.0586354241094,6.63363160699535e-09,2.50655375534098e-08
"ENSG00000262468",0.732623912672422,2.27536904320435,36.0583953376544,6.63434670013828e-09,2.50655375534098e-08
"ENSG00000125149",0.395911677275247,4.71099438414652,36.0539871990269,6.64749009707163e-09,2.51099792077962e-08
"ENSG00000139266",0.60132771070867,4.28353963438752,36.0524960618904,6.65194204787056e-09,2.51181433888338e-08
"ENSG00000168038",0.689878398961064,2.51993686200861,36.0523382132422,6.65241349813131e-09,2.51181433888338e-08
"ENSG00000139734",-0.75457760201703,4.34430247486214,36.0432877310127,6.67950125879907e-09,2.52151865701614e-08
"ENSG00000266258",1.06802721270877,-1.06943360371231,36.0315946036378,6.71466324693790e-09,2.53426634437241e-08
"ENSG00000164292",0.998232253905567,6.58836581677259,36.018942543223,6.75291926346656e-09,2.54817625651307e-08
"ENSG00000204356",-0.416784564359865,6.28828206772393,36.0122122695389,6.77335913524708e-09,2.55535897016955e-08
"ENSG00000143499",-0.552297058659545,5.94795353263224,36.0078090670104,6.78676545793674e-09,2.55988573515042e-08
"ENSG00000132329",1.38568473586652,3.93676934650146,35.9801904897624,6.87146802118959e-09,2.59129712563542e-08
"ENSG00000188596",0.986856459137579,0.319631748904661,35.9685415423871,6.90751297081652e-09,2.60388971382575e-08
"ENSG00000246203",-0.615564971340925,-0.066851258902327,35.9684736191597,6.9077237020064e-09,2.60388971382575e-08
"ENSG00000188783",-1.32316558833147,6.01652719370192,35.9678705673113,6.9095949493828e-09,2.60405538622823e-08
"ENSG00000237399",-0.802786762026013,-1.03594126298491,35.9663727821548,6.91424473432356e-09,2.60526793511243e-08
"ENSG00000223803",-0.968172420590109,-0.0660209207556358,35.9504652832555,6.96382392447221e-09,2.62340574851492e-08
"ENSG00000132017",-0.49475100242709,4.86310528896768,35.9438417653046,6.98457321878986e-09,2.63067752543694e-08
"ENSG00000131873",-0.548259521269641,6.52803987296985,35.9126287953558,7.08319615399775e-09,2.66727063455302e-08
"ENSG00000123562",0.410343748123251,8.40597806347029,35.9083766925661,7.0967397671292e-09,2.67181748881279e-08
"ENSG00000151327",0.501685107816237,5.96388045289087,35.9059471084794,7.1044901028786e-09,2.67418182928717e-08
"ENSG00000005194",-0.376483999767754,5.68573033182026,35.8975478129939,7.13134959880417e-09,2.68373653016864e-08
"ENSG00000188931",0.693902494101613,3.10529895665763,35.8831887830688,7.17750487890466e-09,2.70054734665945e-08
"ENSG00000229056",1.02820044986045,-0.336482875923346,35.8511674412201,7.28152224076458e-09,2.73911740465411e-08
"ENSG00000115520",0.415217869603696,5.19063875903914,35.84183378919,7.31212685239745e-09,2.75006127360225e-08
"ENSG00000248712",0.913143974860278,0.630225146798505,35.8291292551805,7.35399316080597e-09,2.76523522035846e-08
"ENSG00000186716",-0.459355813809924,6.49258229652527,35.8221388889314,7.377132189793e-09,2.77336255204537e-08
"ENSG00000242299",-0.629367830912177,2.283047185085,35.8152842864315,7.39989317555361e-09,2.78114120435627e-08
"ENSG00000187742",0.451517802546822,5.89883867328035,35.8149871031154,7.40088158625707e-09,2.78114120435627e-08
"ENSG00000186432",-0.327141220138166,7.20873275261004,35.7892490969227,7.4869918211461e-09,2.8129189680439e-08
"ENSG00000166340",0.444502134772077,7.25218602931994,35.7882289248808,7.49042571235376e-09,2.81362789872553e-08
"ENSG00000231663",-0.823932030519895,0.372158825087597,35.7839751448331,7.50476104316111e-09,2.81843059783222e-08
"ENSG00000156313",0.435741849775668,3.15854249848044,35.7755632508576,7.53319087784192e-09,2.82852344521447e-08
"ENSG00000126749",-0.550356844785738,5.47301691314003,35.7679020908422,7.55917801193881e-09,2.83769514305765e-08
"ENSG00000105254",-0.528118447785154,6.23328727610032,35.76177640333,7.58002180712718e-09,2.84493265844055e-08
"ENSG00000170734",-0.53386640525322,5.54339016059133,35.7477035388343,7.6281273322742e-09,2.86239694490207e-08
"ENSG00000011275",-0.382525434316917,6.03229118120951,35.7255217123746,7.70457826060823e-09,2.89048823027934e-08
"ENSG00000153902",-0.748003335666932,1.13682902750462,35.7185165754772,7.72888217300065e-09,2.89900822772811e-08
"ENSG00000040341",0.524013415522687,6.14247197858848,35.7161853114293,7.7369875050698e-09,2.90145007715896e-08
"ENSG00000126070",-0.440458707185532,4.96493904052077,35.7066088168259,7.7703731350285e-09,2.91336933786639e-08
"ENSG00000073737",2.25042460466009,1.75836713902413,35.7053033629789,7.7749354627127e-09,2.91447910543732e-08
"ENSG00000100056",-0.458706255067337,4.31244768978954,35.6802911486026,7.86287270251411e-09,2.94683553911656e-08
"ENSG00000105722",-0.504696052453393,5.55670669167023,35.6741136423244,7.88474555120803e-09,2.95442422920007e-08
"ENSG00000177728",0.548549655901651,6.60804780416828,35.6702731908872,7.89837447718600e-09,2.95892142103108e-08
"ENSG00000133619",-0.554269188492374,3.71045118826181,35.6695168713195,7.90106129158033e-09,2.95931842609685e-08
"ENSG00000197021",0.520000462454118,4.60931891930074,35.668170920792,7.90584504316294e-09,2.96050050741296e-08
"ENSG00000232472",-0.626315843753525,0.34447117695536,35.6616802233892,7.92895522587924e-09,2.96854338510275e-08
"ENSG00000168710",0.415236403600732,7.62934412387162,35.6484668774094,7.97621235288911e-09,2.98562153270935e-08
"ENSG00000267321",-0.699282011574582,3.05538636016931,35.6460014702092,7.98506122382474e-09,2.98831879709721e-08
"ENSG00000188277",-0.797980411746115,0.847655993602902,35.6436362831933,7.99355969503699e-09,2.9908838455736e-08
"ENSG00000109680",0.472291576146672,2.79358634887938,35.6431156096565,7.99543177868915e-09,2.99096900844916e-08
"ENSG00000184992",0.53188301750824,5.49601437911875,35.6372876888257,8.01641630980124e-09,2.9982023409966e-08
"ENSG00000114812",0.984293994722561,3.37142578257817,35.6242649226823,8.06350834493755e-09,3.01519510233808e-08
"ENSG00000102904",0.762459095206804,0.388216701662793,35.621911160503,8.07204960360215e-09,3.01776851367556e-08
"ENSG00000248485",-1.97530274304796,2.09088892433261,35.6125688643392,8.10604077790374e-09,3.0298534662662e-08
"ENSG00000150787",-0.559854522140042,4.40683950390984,35.6081384093741,8.12221108587402e-09,3.0352737873408e-08
"ENSG00000108823",-1.2182572596003,-1.08851720559176,35.6018649883471,8.14516356821732e-09,3.04322586234052e-08
"ENSG00000146477",-1.45483254356501,1.28295893563507,35.5986166787112,8.15707382734886e-09,3.0470498823541e-08
"ENSG00000229109",1.01871458918468,-1.56179672504726,35.5834285112757,8.2129964530849e-09,3.06730964042522e-08
"ENSG00000197568",-0.664601348152315,3.16142726111537,35.5783035798145,8.23195356260192e-09,3.07375839451044e-08
"ENSG00000211670",-2.92403407028548,4.35862558166912,35.5617659626846,8.29342787867462e-09,3.09607689362344e-08
"ENSG00000110628",0.813709293383704,4.13412404239482,35.5390274803755,8.37870956474287e-09,3.12727210267891e-08
"ENSG00000070423",-0.517893317285535,4.65381548955177,35.5344312721767,8.39605509230499e-09,3.13310320104315e-08
"ENSG00000079691",-0.504052490045014,5.44589790328836,35.5321726035839,8.40459230760919e-09,3.13564563878556e-08
"ENSG00000134897",-0.66749724251345,3.85325869199547,35.5292804106271,8.41553688337598e-09,3.13908500481629e-08
"ENSG00000132692",-1.97899641274018,1.82642947469443,35.5192197418292,8.45372042394455e-09,3.15268130142923e-08
"ENSG00000211652",-2.23328031863077,3.46774267915037,35.4964013138775,8.54097317378265e-09,3.18456785741613e-08
"ENSG00000273604",-1.04721334214686,3.54476718887479,35.4915682370819,8.55957015024432e-09,3.19084775348727e-08
"ENSG00000038945",0.741721946911687,5.77701908899681,35.4780913003506,8.61164359835444e-09,3.20960192145227e-08
"ENSG00000156983",-0.378847422197829,5.15223164459207,35.4766776337472,8.61712435059416e-09,3.21098663570184e-08
"ENSG00000270977",1.04331817110378,0.575810343324265,35.4717569950408,8.63622901962433e-09,3.21744640329634e-08
"ENSG00000127528",0.673646292281036,4.26482104179635,35.4671382269372,8.65420055253487e-09,3.22348145913382e-08
"ENSG00000120733",0.355636022680067,6.92383274520436,35.4505472992714,8.71906738838143e-09,3.24697783906391e-08
"ENSG00000188191",-0.743153758558314,4.32837578506357,35.4496948729031,8.72241340864015e-09,3.24755895755061e-08
"ENSG00000248323",-1.35939622389414,0.474362098062148,35.4394189615002,8.76285145945208e-09,3.26194724405474e-08
"ENSG00000138668",-0.369341546430253,7.92782184312707,35.4243949044786,8.82231536081759e-09,3.28341051325047e-08
"ENSG00000068903",-0.467899883894224,5.83312838054716,35.4140489524279,8.86350036315978e-09,3.29792368780651e-08
"ENSG00000241489",0.940876779230107,-1.34054794881749,35.4136887299931,8.86493782146802e-09,3.29792368780651e-08
"ENSG00000100241",-0.560730454498669,6.19392288067755,35.4068007081792,8.89246960310160e-09,3.30748951209022e-08
"ENSG00000157992",-0.895087433818639,5.06033846246936,35.382451373759,8.99048877080093e-09,3.34326333599115e-08
"ENSG00000185499",1.38590690789215,8.31205607715181,35.3811644772524,8.99569945650814e-09,3.34451720594788e-08
"ENSG00000135447",-1.84102017944476,3.61082871310299,35.3778578714526,9.00910199236977e-09,3.348815594466e-08
"ENSG00000268218",-0.670799417479788,-0.27148944185594,35.3715385877954,9.03477178509821e-09,3.35767121429028e-08
"ENSG00000048162",-0.64021474147878,4.21923671144022,35.3667930243016,9.05409743452926e-09,3.36416596811477e-08
"ENSG00000142677",-1.38658416344128,0.568918613236593,35.3569856050005,9.09416910391536e-09,3.37836494407706e-08
"ENSG00000268049",0.719312354756828,0.0489825560439858,35.3546154197274,9.10388015817233e-09,3.38128185249823e-08
"ENSG00000197385",0.897332153491263,2.48460790700311,35.3538480362695,9.10702650165409e-09,3.38175986141455e-08
"ENSG00000132881",0.573501274143996,1.68591152530692,35.3477898662647,9.13190412468153e-09,3.39030561787523e-08
"ENSG00000172943",0.442260297260866,6.01751524313148,35.3385020986759,9.17017720592269e-09,3.40382006165963e-08
"ENSG00000106261",0.497425868314447,7.58599420273554,35.3171180625186,9.258913295098e-09,3.43581291537499e-08
"ENSG00000093183",0.384320370309853,5.83157795136166,35.3168222782632,9.26014675124710e-09,3.43581291537499e-08
"ENSG00000162643",1.12592673974062,-0.555039583444681,35.3061482723114,9.30476980418981e-09,3.45166537219262e-08
"ENSG00000081181",-0.91456933003161,1.63531995579001,35.297009242443,9.34314825898471e-09,3.46519536163161e-08
"ENSG00000096401",-0.422420577165149,6.54059674914183,35.2908452484882,9.36912352333546e-09,3.47412066549287e-08
"ENSG00000163913",0.577213771331101,5.91226420238844,35.2890715128911,9.37661159637434e-09,3.47618857959349e-08
"ENSG00000182667",0.856632804868168,3.90936178866893,35.2880107808804,9.38109251086885e-09,3.47714103500474e-08
"ENSG00000172336",-0.514693152518752,5.10941473419643,35.252768511733,9.53120376833101e-09,3.532060597767e-08
"ENSG00000175946",-1.65207950598704,2.25839419067444,35.2505912187792,9.54055687403068e-09,3.53480644581116e-08
"ENSG00000164463",0.516391728974524,4.78269818725653,35.243729392698,9.57009420658197e-09,3.54464463127672e-08
"ENSG00000074935",-0.491465149770222,3.58218340945825,35.243517394794,9.5710082385089e-09,3.54464463127672e-08
"ENSG00000237638",0.588275801570657,1.37530095665384,35.2426285568463,9.57484143496004e-09,3.54534234566477e-08
"ENSG00000103540",0.509908174499725,5.45958473128816,35.2342485811941,9.61105711554675e-09,3.55802782042671e-08
"ENSG00000112667",-0.763861974230728,4.79100134325696,35.2314266780683,9.62328360520566e-09,3.56182910483274e-08
"ENSG00000139624",0.290413701769792,5.49241778688809,35.1906036561955,9.80192440754228e-09,3.62721060273406e-08
"ENSG00000288075",1.43943777187155,1.37107386902924,35.1835247183461,9.83324052215281e-09,3.63805896291529e-08
"ENSG00000125384",1.59776427385837,2.41767706501564,35.1770611821778,9.86192238450154e-09,3.64792849968098e-08
"ENSG00000214309",-0.687606702156327,0.806925746767437,35.1640094589543,9.92009691020421e-09,3.66870115093116e-08
"ENSG00000164211",-0.76796439194938,2.9866769093582,35.1493714791746,9.98575392063185e-09,3.69223200464428e-08
"ENSG00000147471",0.756709923506356,6.30121535542717,35.146081021717,1.0000573172432e-08,3.69695985488199e-08
"ENSG00000056558",-0.744980941407238,4.20373706949488,35.1168570059117,1.01331674340039e-08,3.74521538893848e-08
"ENSG00000100784",0.69373798516944,4.07379538030206,35.1052792090769,1.01861872961212e-08,3.76404661807907e-08
"ENSG00000108175",0.532644590631191,7.78694885544973,35.1000617277741,1.02101718900172e-08,3.77214313092897e-08
"ENSG00000287091",-0.757567995124703,-1.33387054126084,35.0755470360709,1.03236304989149e-08,3.81328577405086e-08
"ENSG00000181027",-0.36022034880251,3.7385019642423,35.065730395328,1.03694197977554e-08,3.8294214676462e-08
"ENSG00000197157",-0.380565856233361,8.22224815501503,35.0638669409996,1.03781349216292e-08,3.83186191544036e-08
"ENSG00000198846",-1.34119698249224,2.64478595512445,35.0518150010824,1.0434679018439e-08,3.85195741805091e-08
"ENSG00000131778",-1.00179706908141,-0.857772146861303,35.0509520224719,1.04387397655593e-08,3.85267448977258e-08
"ENSG00000146776",-0.47568256106304,3.71010792375184,35.0475029483853,1.04549853211381e-08,3.85788746238303e-08
"ENSG00000075568",0.387789471151343,6.48362091169345,35.0229073746061,1.05715756522558e-08,3.90011801142451e-08
"ENSG00000149428",-0.558824323748288,7.63038515451844,35.0110572317707,1.06282164172521e-08,3.92021902650541e-08
"ENSG00000147434",1.27466151328476,-0.524956747253751,35.0098731818329,1.06338926889534e-08,3.92151744174139e-08
"ENSG00000100902",0.496890970232632,2.09211507530553,35.0082874164273,1.0641499556289e-08,3.92352714230253e-08
"ENSG00000115468",1.0601952006751,8.10505144535127,35.0005357246481,1.06787632975972e-08,3.93646831894403e-08
"ENSG00000164236",-1.21040356968437,2.83032107407854,34.9968955358207,1.06963077413045e-08,3.94213668082769e-08
"ENSG00000145495",0.457242626792252,7.69550096142549,34.9957231563324,1.07019643939469e-08,3.9434223743336e-08
"ENSG00000178096",-0.662435195464927,4.41783024927861,34.9851681366298,1.07530278108551e-08,3.96143548356962e-08
"ENSG00000177600",-0.693884071498251,9.34259232300531,34.9812464903437,1.07720626740328e-08,3.96764430772192e-08
"ENSG00000105514",0.676750296016015,5.74291666251182,34.967242842307,1.08403114732258e-08,3.99197378163659e-08
"ENSG00000251365",-1.02096388426959,0.0872942251897143,34.956424287494,1.08933359523486e-08,4.01068814375133e-08
"ENSG00000091157",0.414470073874494,4.77343618789946,34.935891412638,1.09946937804157e-08,4.04718661158067e-08
"ENSG00000042445",0.51830987845248,6.39253342180286,34.9336089967424,1.1006019251115e-08,4.05034847130792e-08
"ENSG00000273841",0.417918845887622,5.06091112035467,34.9332629782937,1.10077372408594e-08,4.05034847130792e-08
"ENSG00000285744",-1.30334220237327,0.493894373615727,34.930917959268,1.10193874506976e-08,4.05381510827847e-08
"ENSG00000134533",1.35683920560103,6.14808202878846,34.918919891316,1.10791896626295e-08,4.07499093192933e-08
"ENSG00000109572",0.528575816834144,6.93724723580526,34.918107648624,1.10832499589392e-08,4.07566013451652e-08
"ENSG00000119401",0.431324798529108,4.67149492434473,34.9119134306813,1.1114263493784e-08,4.08623861784805e-08
"ENSG00000163029",-0.402005770414973,5.89574868798654,34.9050110824921,1.11489257294093e-08,4.09815402519192e-08
"ENSG00000148773",-0.594769637733085,7.55895526940037,34.8917845940338,1.12156517148468e-08,4.12184832066345e-08
"ENSG00000260118",-0.969684347683815,-0.569588200262383,34.8719922816603,1.13162551326203e-08,4.15798077478984e-08
"ENSG00000175063",-0.672691768485361,6.16649922962316,34.8657242226075,1.13483049076993e-08,4.16891475785166e-08
"ENSG00000164054",0.469233599619038,7.54852621819838,34.8599043032908,1.13781452807282e-08,4.17903284260673e-08
"ENSG00000227855",0.826020840595484,0.973652991736708,34.8593941705281,1.13807646478595e-08,4.17915096739892e-08
"ENSG00000136040",0.674543481792795,5.28118981621772,34.8553888074498,1.1401352055548e-08,4.18586578898479e-08
"ENSG00000267080",0.512104835926574,3.26275895580386,34.8505217853932,1.14264189516625e-08,4.1942221572722e-08
"ENSG00000136478",0.559215754280245,6.86500073018115,34.8470698349823,1.14442314352955e-08,4.19991286007174e-08
"ENSG00000260549",-1.59677970916589,1.42408687685336,34.8456255919576,1.14516922181668e-08,4.20180306766224e-08
"ENSG00000281731",0.913019449309288,-1.52501551362531,34.838280668536,1.1489711231779e-08,4.21490253899951e-08
"ENSG00000166946",0.445598685907092,5.06830628142715,34.8269126042203,1.15488062894409e-08,4.23572673507465e-08
"ENSG00000005889",0.49866434338813,5.98894461003489,34.8080949163157,1.16473020155132e-08,4.27099050520473e-08
"ENSG00000154719",-0.461183046723585,4.70984966125564,34.8028119992521,1.16751060346681e-08,4.28032309128286e-08
"ENSG00000132432",-0.751525872381206,6.35201919781193,34.7869763788481,1.17588510069406e-08,4.31015683422484e-08
"ENSG00000231563",-0.953926654749669,-1.04607023633394,34.7823966393022,1.17831833051607e-08,4.31820547963455e-08
"ENSG00000129167",2.57497519420843,2.33240423175085,34.7786828966577,1.18029518441915e-08,4.32457872969691e-08
"ENSG00000251634",1.17238929788762,-0.812019290437779,34.7727329610729,1.18346936133941e-08,4.33533549728926e-08
"ENSG00000162620",0.894011711336774,0.673183332942167,34.770236914558,1.18480351850871e-08,4.33934885111485e-08
"ENSG00000102109",-2.27787802573117,2.73057017201627,34.7662223056306,1.18695254473692e-08,4.34634445010572e-08
"ENSG00000239246",-0.739948253140868,-0.923738717574101,34.7644890401366,1.1878815799341e-08,4.34887080834167e-08
"ENSG00000115866",-0.360729486036886,6.57969334291032,34.7567397538866,1.19204420363345e-08,4.36323203374625e-08
"ENSG00000153130",0.462181630859887,6.40907253203563,34.7477372208064,1.19689851513544e-08,4.38011875116366e-08
"ENSG00000174574",-0.445812384881096,6.20878403251244,34.7451976857102,1.19827147813282e-08,4.38426104290478e-08
"ENSG00000259295",-0.910415431319137,-0.928072660349143,34.737323480051,1.20253866778563e-08,4.3989889963164e-08
"ENSG00000127419",0.507660081235185,4.27453497414517,34.7364243856535,1.20302687964642e-08,4.39988998331172e-08
"ENSG00000232533",-0.638042486473348,2.41687599939882,34.7236024579286,1.21001104704506e-08,4.42454381255642e-08
"ENSG00000121274",0.525203479789436,4.72051752234799,34.7098058844417,1.2175718270194e-08,4.45129575674953e-08
"ENSG00000230487",0.748321776734255,2.84850713531263,34.6997578313801,1.22310834273634e-08,4.47063796979271e-08
"ENSG00000156463",-1.49630067653641,2.48960380397216,34.6913986183122,1.22773365977524e-08,4.48664251637372e-08
"ENSG00000197927",0.704617017821367,-0.148985179080171,34.6638510830369,1.24310157897768e-08,4.5418906224279e-08
"ENSG00000185127",0.480349168209804,4.5631310604566,34.653162134558,1.2491167685888e-08,4.56295155394518e-08
"ENSG00000082781",0.720994689955886,7.77829856615238,34.6313728969789,1.26146977078902e-08,4.60715104239169e-08
"ENSG00000174456",0.415557533817181,3.14325173209008,34.618536523796,1.26880475570392e-08,4.63300961588894e-08
"ENSG00000146223",-0.496189349565945,7.48173823077635,34.617198571343,1.26957176413708e-08,4.63487981656468e-08
"ENSG00000003756",0.345435823527697,5.77847376906154,34.6045035558437,1.27687276727051e-08,4.66059841282683e-08
"ENSG00000064309",0.907841945935471,4.26694556576183,34.5834547033995,1.28907163547571e-08,4.70418035835316e-08
"ENSG00000131375",0.468708252955023,5.62001128924172,34.5823782820474,1.28969862797058e-08,4.70552430201182e-08
"ENSG00000279873",-0.757484394425019,-1.45402761513641,34.5685668647454,1.29777084991154e-08,4.7340265178883e-08
"ENSG00000196586",0.658878069358333,7.83983529313797,34.5643828092658,1.30022631334045e-08,4.74203252196432e-08
"ENSG00000196810",0.392942368756435,4.51410119092509,34.5537704062722,1.30647538167904e-08,4.76386813191227e-08
"ENSG00000102901",-0.504838582411907,4.03326366125523,34.5466107893378,1.31070840770817e-08,4.77834526345884e-08
"ENSG00000278383",0.793877622993273,-0.256185039834635,34.5411290582116,1.31395876146965e-08,4.78923486044289e-08
"ENSG00000107362",-0.477182470946415,4.1207903420039,34.5388736694131,1.31529843946141e-08,4.79315728650052e-08
"ENSG00000134709",0.591984324283138,5.83865845268964,34.5351765436651,1.3174974774766e-08,4.80020915872283e-08
"ENSG00000151655",1.31785961608358,-0.823631952824731,34.5347281809416,1.3177644143045e-08,4.80022014167238e-08
"ENSG00000175318",-1.27294031023812,3.34456981218854,34.5252945764252,1.32339347119662e-08,4.81975980258792e-08
"ENSG00000089818",0.455106133607021,5.31283302966665,34.5121798557781,1.33125940763769e-08,4.84743665788073e-08
"ENSG00000163516",-0.380549278925789,5.08260398523892,34.5106871189693,1.33215770621219e-08,4.84973666144662e-08
"ENSG00000011132",-0.496247689465458,3.61481081541557,34.5066074555291,1.33461588667804e-08,4.85771337740648e-08
"ENSG00000224081",-0.785611052074544,1.7181887316327,34.4805599054085,1.3504190055615e-08,4.91424987458036e-08
"ENSG00000221944",-0.561609974064667,2.85006061640769,34.4761859492508,1.35309115764504e-08,4.92298899284816e-08
"ENSG00000198673",1.05982297430943,0.935690416688685,34.4669483247032,1.35875218991339e-08,4.94259696602895e-08
"ENSG00000130175",-0.503790506171199,8.32747215133953,34.4444602480531,1.37263355087742e-08,4.99209338599452e-08
"ENSG00000180881",0.734016685049147,2.05036307644404,34.443547699049,1.37319985831036e-08,4.99315454277266e-08
"ENSG00000143207",-0.386185966269548,6.29653903483408,34.4256290801007,1.38436765418553e-08,5.03275612519016e-08
"ENSG00000240889",-0.659982326829768,-1.16507521083744,34.4132339098548,1.39214655459925e-08,5.06002428758015e-08
"ENSG00000117519",-0.660074946861902,7.83156830488127,34.4092670195351,1.39464538384206e-08,5.06764934799492e-08
"ENSG00000204946",-0.555114864321442,4.39437026318962,34.4090191657809,1.39480166241822e-08,5.06764934799492e-08
"ENSG00000164649",-0.909327331147459,4.54110439796562,34.3897357320572,1.40701473761779e-08,5.11100140758785e-08
"ENSG00000017797",-0.453470410713253,6.92393695705682,34.3861862939849,1.40927449310715e-08,5.11747477550165e-08
"ENSG00000198807",1.51604923721541,2.7828174296047,34.3860528355826,1.40935953103627e-08,5.11747477550165e-08
"ENSG00000086589",0.300483661474727,5.81882794958256,34.3804986985656,1.41290315048793e-08,5.12931786448591e-08
"ENSG00000101945",-0.475673776166585,3.98703173540506,34.3781938128808,1.41437633989554e-08,5.1336413630054e-08
"ENSG00000221955",-0.603914159900152,4.83554835107534,34.3730358253642,1.41767873571706e-08,5.14460112634115e-08
"ENSG00000185088",0.557057137938429,5.69744282707541,34.3472255132848,1.43432104448248e-08,5.20395594594999e-08
"ENSG00000124313",0.557856826543464,4.79821645199893,34.3440382152622,1.43638982504837e-08,5.21042244475064e-08
"ENSG00000112541",-1.25580246060917,3.49398870135408,34.3375914263519,1.44058345582528e-08,5.22459260110671e-08
"ENSG00000272068",1.95980303763118,1.43654636289952,34.3365917345755,1.44123486034145e-08,5.2259130063577e-08
"ENSG00000170242",0.443516403605825,6.2318337701854,34.3178833576883,1.45348033179238e-08,5.26926455543945e-08
"ENSG00000166938",0.417267998779839,5.25347000797175,34.3075348122408,1.46029897559462e-08,5.29292900918992e-08
"ENSG00000255458",0.716817259510079,-0.620475341354077,34.2840049513629,1.47592318742685e-08,5.34849390972693e-08
"ENSG00000021776",0.395181163476567,6.16135314620327,34.2770032734852,1.48060491097802e-08,5.36439086073073e-08
"ENSG00000272602",0.529250985511111,3.31167133349831,34.2709647257776,1.48465466756911e-08,5.37799225129396e-08
"ENSG00000163121",-1.27616923537967,1.1949686185323,34.2623309509178,1.49046434424522e-08,5.39796206553805e-08
"ENSG00000175806",-0.705706732800567,3.1784725635302,34.2610461891586,1.49133082109118e-08,5.40002488035164e-08
"ENSG00000111885",0.92685070967987,6.41035606282463,34.2567325345537,1.49424378342705e-08,5.4094956076774e-08
"ENSG00000133316",-0.51765052567857,4.30852893407529,34.2398609624481,1.50569223144203e-08,5.4498567772075e-08
"ENSG00000251023",0.826672957576653,-0.962067541510212,34.2333036459809,1.51016564872943e-08,5.46496076782548e-08
"ENSG00000143294",-0.39188973099745,6.77137398946955,34.2071719426732,1.52812641847438e-08,5.52885683294452e-08
"ENSG00000257671",-1.18725608497582,1.53785812969274,34.2041840786136,1.53019371727037e-08,5.53469240115826e-08
"ENSG00000197045",0.455139007731739,6.43608045744195,34.2039613636941,1.53034792640339e-08,5.53469240115826e-08
"ENSG00000240583",-0.880800319559625,6.49693409306602,34.1711510941243,1.55323818901074e-08,5.6163610699259e-08
"ENSG00000105928",-0.682126608056879,3.32414767190023,34.1650842733291,1.55750844752561e-08,5.63068249723629e-08
"ENSG00000146373",-0.829485936260716,4.15422020420197,34.1551360836784,1.56453635152819e-08,5.6549656521452e-08
"ENSG00000122390",0.393346374718824,5.84988077522841,34.1523521339137,1.56650880037886e-08,5.66097001019089e-08
"ENSG00000157014",-0.430324727126719,5.17724906933593,34.1435929858477,1.57273110846205e-08,5.68232685751047e-08
"ENSG00000174903",0.486852775473396,6.30805349672543,34.1430003952303,1.57315297180937e-08,5.68272219488954e-08
"ENSG00000285884",-0.888112216396493,-0.864671400633644,34.1075895538364,1.59857028761017e-08,5.77339086399003e-08
"ENSG00000171368",1.21665695880165,2.96110842338467,34.1069773800571,1.59901332179686e-08,5.77384441072887e-08
"ENSG00000100568",0.350705535834931,5.08970952089755,34.0953309992353,1.60746553138514e-08,5.80321220421455e-08
"ENSG00000070669",-0.793450520160426,-0.189653007899675,34.085931289349,1.6143201250371e-08,5.82655041228256e-08
"ENSG00000112186",0.832976565156461,5.04643662709232,34.085588274959,1.61457082020586e-08,5.82655041228256e-08
"ENSG00000121864",-0.508549331689707,5.5428864884309,34.0793833915804,1.61911250619556e-08,5.84178104794383e-08
"ENSG00000115306",-0.515203618424546,8.30336483779823,34.0759574302173,1.62162567389024e-08,5.84968817070917e-08
"ENSG00000227081",-0.906254821697401,2.24020083442225,34.0549850713415,1.63709633793287e-08,5.9043244486066e-08
"ENSG00000235587",-0.695040189715375,-0.344195026080091,34.0479235252144,1.64233888014406e-08,5.92205780175658e-08
"ENSG00000138468",0.478287215027861,4.33934398715997,34.0397560999736,1.648423573377e-08,5.94282020863842e-08
"ENSG00000213366",1.08734081878954,2.24169131209045,34.0112403069897,1.6698466805437e-08,6.01886076609766e-08
"ENSG00000181544",-0.64209526126936,1.88968151994845,34.002761433501,1.67627066046577e-08,6.0408184609771e-08
"ENSG00000092036",0.443740787123109,3.40432012843879,33.9944713945337,1.6825756888401e-08,6.06233887254829e-08
"ENSG00000283498",-0.783069863798991,1.55040701419968,33.9930650373551,1.68364767291921e-08,6.06499977719441e-08
"ENSG00000074181",-0.812299042523419,8.11282451136965,33.9867473716393,1.68847177182891e-08,6.08117318535133e-08
"ENSG00000267575",-0.640076680436329,2.49722555076261,33.9736030605553,1.69855338019238e-08,6.11627180339318e-08
"ENSG00000167670",-0.543486419631228,4.95119682636159,33.9624600510736,1.70714757795823e-08,6.14600161280767e-08
"ENSG00000013392",0.493915033954437,3.30577738892344,33.9601927572514,1.70890162609084e-08,6.15109890665748e-08
"ENSG00000189419",0.933941171920792,0.324692853571744,33.956446625506,1.71180373549416e-08,6.16032575013214e-08
"ENSG00000171864",1.37959261685848,1.50969204073235,33.9518610800771,1.71536290704597e-08,6.17191306693416e-08
"ENSG00000146416",0.535046174088609,5.52621822023712,33.9511904838674,1.71588403067931e-08,6.17256699960349e-08
"ENSG00000224597",-0.499532562042161,3.8203054473957,33.9492728696299,1.7173751002028e-08,6.17667834987977e-08
"ENSG00000185658",0.455908454866283,6.85605736594638,33.948847371246,1.71770613006883e-08,6.17667834987977e-08
"ENSG00000120075",2.0505052537271,2.13476961577162,33.9440239520482,1.72146316718577e-08,6.18896463427057e-08
"ENSG00000108352",1.10171215926806,4.54726846004272,33.9418994029005,1.72312064227722e-08,6.1936992572605e-08
"ENSG00000270871",0.811795666789928,-0.306568161445045,33.94065248604,1.72409417925234e-08,6.19597410239903e-08
"ENSG00000146950",0.731911920017521,4.45270855937846,33.9397084851479,1.72483158222208e-08,6.19739960834754e-08
"ENSG00000185875",-0.70481805665641,4.13237734351138,33.8705204972357,1.77975342605174e-08,6.39347329903792e-08
"ENSG00000173295",0.859669286808612,1.7015755125988,33.8585149157979,1.78946172590948e-08,6.42707935838104e-08
"ENSG00000026103",-0.742742890956744,4.04690561559497,33.8578017589901,1.79004009848254e-08,6.42788732698924e-08
"ENSG00000105552",0.594778286980589,5.18690665877092,33.8496678792912,1.79665006653128e-08,6.45034966641749e-08
"ENSG00000188613",-1.09705583766444,3.32775066660612,33.8483149938178,1.79775187135067e-08,6.45303158399961e-08
"ENSG00000138382",-0.376846653378008,4.73199505493435,33.8429897134883,1.8020954683515e-08,6.4673465624264e-08
"ENSG00000116031",-1.63333519187093,2.27289814091716,33.8285369075454,1.81393745162443e-08,6.50856073587397e-08
"ENSG00000114126",-0.461011241691069,5.89747315478296,33.8157121140114,1.82451127547358e-08,6.54452608764135e-08
"ENSG00000141994",-0.589955409749107,3.81155774945126,33.8155072853284,1.82468065705021e-08,6.54452608764135e-08
"ENSG00000197070",0.547526117038389,5.22162296117181,33.8101213341594,1.82914023038042e-08,6.55922762424271e-08
"ENSG00000181894",0.563312218194851,4.28558429298336,33.8074695351199,1.83133996305458e-08,6.56582125922269e-08
"ENSG00000170542",-0.759031438384155,4.37493297538554,33.798973615739,1.83840553598591e-08,6.5898541364824e-08
"ENSG00000170961",-1.06092796988573,2.70463661247962,33.7892791798972,1.84650146662712e-08,6.61757018226877e-08
"ENSG00000188803",1.56895179481271,1.41827397795524,33.7748519681717,1.85861647165319e-08,6.65967619905993e-08
"ENSG00000179954",0.911225724321866,4.20698744612567,33.7627604653184,1.86883188759474e-08,6.69496048287829e-08
"ENSG00000184731",1.16453446660479,3.82867444776022,33.7606062136831,1.87065783026282e-08,6.70018208287124e-08
"ENSG00000106211",0.991980249210505,8.85294436830889,33.7570603877233,1.87366719293984e-08,6.70963947729668e-08
"ENSG00000166548",0.411718246857872,4.43047273347395,33.748238008134,1.88117601953566e-08,6.73520264632178e-08
"ENSG00000114982",0.302660617633471,6.38264564567921,33.7234348364745,1.90244942366693e-08,6.80958472602147e-08
"ENSG00000212747",-0.736386365505086,4.70920848389822,33.7231442286453,1.90270010873329e-08,6.80958472602147e-08
"ENSG00000139112",-0.588269275187504,5.47562290446379,33.718844460829,1.90641308709829e-08,6.82153083378787e-08
"ENSG00000157657",-0.530817508181168,5.45956643345232,33.7142544742796,1.91038474937308e-08,6.83439768324107e-08
"ENSG00000178662",-1.16503730966721,1.59403945067294,33.7082448472368,1.91559743942273e-08,6.85169837329805e-08
"ENSG00000168538",0.42114677702809,5.72309381911089,33.7029060812466,1.92024027288756e-08,6.86695440095928e-08
"ENSG00000100744",0.442092808788284,4.88347155784265,33.6939046387909,1.92809407190484e-08,6.89368487906531e-08
"ENSG00000137310",-0.61519058684854,5.78654341954187,33.6874862280949,1.9337139595094e-08,6.91241931909533e-08
"ENSG00000244509",-0.720592515658939,5.02359500871806,33.6832364156792,1.93744414271536e-08,6.9243926248196e-08
"ENSG00000106034",1.07176173799818,3.47203903078248,33.6632578973229,1.95507743442079e-08,6.98604093855509e-08
"ENSG00000260081",-0.83111310123104,0.542125722736509,33.6579268573727,1.95980999841761e-08,7.00157616405805e-08
"ENSG00000160294",0.649148247309949,6.1838120437587,33.6486306442411,1.96809027641769e-08,7.02977728740868e-08
"ENSG00000136522",-0.48662883534141,5.76988037914848,33.6369322653799,1.97856040057023e-08,7.06578766259008e-08
"ENSG00000148516",0.681529611345082,4.83527114291959,33.6237378741706,1.99043695346092e-08,7.10680551816789e-08
"ENSG00000096080",-0.436839950330193,3.70358594226954,33.6211195802511,1.99280227900992e-08,7.11385433770998e-08
"ENSG00000189339",0.573535905958699,5.79320255719303,33.6106991500821,2.00224408187529e-08,7.14615686050781e-08
"ENSG00000186575",-0.455236657789721,5.73570365983547,33.6090675012345,2.00372657905506e-08,7.15004493228438e-08
"ENSG00000138623",-0.695837820314822,3.64966822036301,33.6071497873751,2.00547040805835e-08,7.15486382537568e-08
"ENSG00000104408",-0.527183445327628,8.84568751188677,33.6007780442781,2.01127541453365e-08,7.17416694244714e-08
"ENSG00000283429",-0.730734770894278,-1.22919749419802,33.5816486326502,2.02880545755572e-08,7.23460248806666e-08
"ENSG00000168779",-0.738547826933504,2.39558657632654,33.5814220298459,2.02901403626721e-08,7.23460248806666e-08
"ENSG00000166582",-1.05820908424266,3.57345862336912,33.5797471385206,2.03055637736125e-08,7.2386827501855e-08
"ENSG00000237380",0.955669080290001,-1.58861861334728,33.5491114640586,2.05897728444636e-08,7.33856140495991e-08
"ENSG00000116871",-0.441380514589332,6.63444855360102,33.5336679187143,2.07345624977939e-08,7.38871909698032e-08
"ENSG00000039068",0.753033190119173,9.09351233835892,33.5220864699053,2.08438174022621e-08,7.42619688368938e-08
"ENSG00000104343",0.471108904068347,5.74449909201211,33.518045393791,2.08820759544023e-08,7.43837049468603e-08
"ENSG00000139410",0.70257142619912,3.7693328634365,33.5164202304167,2.08974820320353e-08,7.44240068922379e-08
"ENSG00000066455",0.375223128913464,6.3341146398646,33.5037452622863,2.10180314091405e-08,7.48386756596411e-08
"ENSG00000204842",0.329535171866683,5.61755659205202,33.4934190874296,2.11167605544875e-08,7.51755022440826e-08
"ENSG00000198752",0.552601029543686,6.71541100880242,33.4859470485611,2.11884929555616e-08,7.54161076077796e-08
"ENSG00000126249",-0.593341401938788,2.3645540727779,33.4773589954441,2.12712430936916e-08,7.56958265286761e-08
"ENSG00000248161",-0.884337514126868,-0.530441918831333,33.4749371271528,2.12946379072427e-08,7.57642555275686e-08
"ENSG00000108518",-0.457811940694,8.79062010807182,33.4737896062026,2.1305731820842e-08,7.57790185579942e-08
"ENSG00000108344",0.768020130333805,7.83259052380637,33.4736460462629,2.13071201289632e-08,7.57790185579942e-08
"ENSG00000145414",0.479465468496521,3.90375842563272,33.4678525844552,2.13632225412807e-08,7.59636933686831e-08
"ENSG00000272142",-0.586538608146427,1.85006227520079,33.4568537983988,2.1470142588918e-08,7.63289588364428e-08
"ENSG00000188338",-1.71223765431437,3.21645667653988,33.4486659686372,2.15500877063258e-08,7.65890799817995e-08
"ENSG00000119977",0.34828592493168,5.95841373434716,33.4484978304373,2.15517325350148e-08,7.65890799817995e-08
"ENSG00000174804",0.662765419088286,5.093049686328,33.4460620521142,2.15755749997198e-08,7.66588314309246e-08
"ENSG00000130881",-0.67379978736134,5.08914758207708,33.4313740336823,2.17199131808257e-08,7.71565978384488e-08
"ENSG00000163106",0.935017814888458,0.662429405369488,33.4073737353617,2.19578632223836e-08,7.79866464145114e-08
"ENSG00000205336",-0.706211465514646,7.76744741735097,33.4059212701796,2.19723477911254e-08,7.80228546710248e-08
"ENSG00000128165",-0.826944015024765,4.443337433522,33.4044956948076,2.19865735824986e-08,7.80581300641195e-08
"ENSG00000102935",0.924466499463714,2.75568140465752,33.4014787565776,2.20167102207072e-08,7.81498683634315e-08
"ENSG00000169714",-0.318751927890008,8.5757099601834,33.3955936836947,2.20756171314977e-08,7.83436730512546e-08
"ENSG00000013810",-0.523053579055401,6.18321419487326,33.3940095843856,2.20915004052287e-08,7.83847462681037e-08
"ENSG00000122882",0.44526253455402,5.5338543181139,33.3906748314492,2.21249746545689e-08,7.84882073370975e-08
"ENSG00000232453",-0.659648858246769,-0.127444176215369,33.3849004345994,2.21830591834151e-08,7.86789158400847e-08
"ENSG00000105993",-0.419129757599877,7.1365215782877,33.3770734785104,2.22620361657951e-08,7.89436369240557e-08
"ENSG00000283674",-1.10740782327765,-0.523369672695627,33.3546134181398,2.24902462065993e-08,7.97373485391087e-08
"ENSG00000066422",0.357795634440239,5.25964174946076,33.3466188088409,2.25720457275406e-08,8.00117652879573e-08
"ENSG00000180233",0.536251796168648,4.4368933468219,33.3374016884317,2.266672657943e-08,8.03317270122123e-08
"ENSG00000227486",-0.741991086260847,0.625172792161276,33.3328347749523,2.27137876256474e-08,8.04828305737919e-08
"ENSG00000124251",0.738397298554637,-0.249198328266873,33.3174998160988,2.28725338681379e-08,8.1022660420373e-08
"ENSG00000110330",-0.430507964014803,6.22439538904753,33.3172578772414,2.28750473531238e-08,8.1022660420373e-08
"ENSG00000071889",-0.552325576389379,5.36102655915168,33.3159693397957,2.28884385713399e-08,8.10543069967932e-08
"ENSG00000160050",-0.793036960574823,2.64063204843947,33.3152682507739,2.2895728013325e-08,8.10643373771373e-08
"ENSG00000185338",-0.995955827809664,2.17880819652686,33.3008144562257,2.30465319148362e-08,8.1582390515189e-08
"ENSG00000245685",-1.04262960955667,-0.46233155880146,33.2823291469606,2.32408608357396e-08,8.22542862191929e-08
"ENSG00000201302",-0.950068655376541,-1.20056049662701,33.2759285695682,2.33085324568241e-08,8.24712779527e-08
"ENSG00000075539",0.523151012390994,6.17598120191189,33.275393779118,2.33141956514342e-08,8.24712779527e-08
"ENSG00000135956",0.324680452857289,7.17154952785688,33.2752446836279,2.33157747543866e-08,8.24712779527e-08
"ENSG00000174586",0.604871509101882,0.559813989882293,33.2696070469641,2.33755634875673e-08,8.26666826194583e-08
"ENSG00000198853",-0.590020000518864,5.05024575342098,33.2606507319059,2.34708661488245e-08,8.29875803877955e-08
"ENSG00000159176",-0.614210328224533,8.20519690663311,33.239049019659,2.37023434077071e-08,8.37811088322452e-08
"ENSG00000153060",1.17129070718309,-0.642124675481436,33.2388480519297,2.37045077001723e-08,8.37811088322452e-08
"ENSG00000103168",-0.456212032944571,4.77835241288182,33.2325005102212,2.37729693728247e-08,8.40067547994824e-08
"ENSG00000077348",-0.570406858080885,4.73517545865967,33.2309461989567,2.37897638600676e-08,8.40497717729038e-08
"ENSG00000011478",-0.516576180268667,3.97044662968582,33.2207052124899,2.39007185533588e-08,8.4425377558456e-08
"ENSG00000198406",0.734579431910779,-0.423851290510063,33.2191154822241,2.39179890660068e-08,8.44699776956373e-08
"ENSG00000279491",-0.661163061290474,-0.970594553497039,33.2127199736487,2.39875959730657e-08,8.46993584853658e-08
"ENSG00000165300",-1.84839175068399,2.30926397647357,33.2076202975312,2.40432459149072e-08,8.4879378241524e-08
"ENSG00000105186",-0.529439552595883,6.05059170483818,33.2068032625094,2.40521738703498e-08,8.4894418465733e-08
"ENSG00000131127",0.532161190974327,4.0572056058922,33.2026835312957,2.40972422563891e-08,8.50369891655423e-08
"ENSG00000125952",0.334022538208715,5.96525549958813,33.2019988815074,2.41047403365162e-08,8.5046948058304e-08
"ENSG00000090020",0.465906919572653,6.23331580424876,33.2008026982861,2.41178462304854e-08,8.5076684879765e-08
"ENSG00000279716",0.847858176927982,-0.326211830568014,33.1956472104348,2.41744143151861e-08,8.52596950871834e-08
"ENSG00000198759",-1.12100590271881,2.93099412608423,33.1932528973712,2.42007312061237e-08,8.53359633922019e-08
"ENSG00000273576",1.15739766675716,2.36712303318072,33.1922458986221,2.42118081858217e-08,8.53485779442933e-08
"ENSG00000175445",-1.39991491491207,5.54746088781084,33.1920745285792,2.42136937647104e-08,8.53485779442933e-08
"ENSG00000158169",-0.503673467761089,4.55163986741931,33.179443999931,2.43530759126929e-08,8.58232405929196e-08
"ENSG00000181873",-0.60951800994184,4.06523713778927,33.176560576923,2.43850088458006e-08,8.59191284167805e-08
"ENSG00000180957",-0.37638712858677,6.41505982728531,33.173155963528,2.44227682088557e-08,8.60190421529088e-08
"ENSG00000204498",-0.61439761257733,4.03214599441268,33.1731508836638,2.44228245919079e-08,8.60190421529088e-08
"ENSG00000147536",-0.839808112778352,3.77156433825948,33.1716093041875,2.44399411516799e-08,8.60626620845603e-08
"ENSG00000143434",-0.779870806351114,3.66319384283649,33.1708186731763,2.44487244317394e-08,8.60769260480984e-08
"ENSG00000069998",-0.497822351089638,5.41592051839512,33.1644303247988,2.45198108771587e-08,8.63104935617886e-08
"ENSG00000155189",-0.581407606232863,5.4314290241977,33.1602567874953,2.45663646204025e-08,8.64576315239706e-08
"ENSG00000187790",0.472060745676198,3.3381441456815,33.1570947197868,2.46016953203913e-08,8.65652223809784e-08
"ENSG00000135940",-0.555428846127186,6.49075402974268,33.1338348820282,2.48631654834098e-08,8.74683276232605e-08
"ENSG00000172061",1.18314137080949,6.89722275716988,33.1116435850844,2.51152385677952e-08,8.8338031148919e-08
"ENSG00000168297",0.43774549678214,4.27634440113679,33.1058586496646,2.51813730829951e-08,8.85535215842062e-08
"ENSG00000104177",0.695757310890414,4.67267115574317,33.0414234088092,2.59300021072928e-08,9.11685440416474e-08
"ENSG00000164116",-0.938087677434573,5.63537446607562,33.0309552822553,2.60537284555761e-08,9.15858548801737e-08
"ENSG00000168702",2.35653706812836,2.84971892584213,33.027588649214,2.60936463542756e-08,9.17084521529593e-08
"ENSG00000197180",0.648596608609042,2.39963264922955,33.0246446100538,2.61286041885477e-08,9.18135728325551e-08
"ENSG00000285693",0.659792044178881,0.438578078349883,33.0208500331283,2.61737311450592e-08,9.19543793831052e-08
"ENSG00000204241",1.3564273751391,-0.686827987552511,33.010929221942,2.6292086363128e-08,9.23523497050157e-08
"ENSG00000180901",0.37940844371905,5.69951619765464,33.0027399461608,2.63901913241973e-08,9.26790499719058e-08
"ENSG00000172915",1.14601294093218,4.10380345933969,32.9991382702236,2.64334551937556e-08,9.28130662285765e-08
"ENSG00000161203",-0.40608364870611,8.69160218032242,32.9817777264909,2.66429990812017e-08,9.35307599476736e-08
"ENSG00000237594",-1.01469981133127,0.132613213974935,32.9750737794684,2.67243646185422e-08,9.37982909459754e-08
"ENSG00000232956",-0.607719742091089,4.47319676776699,32.9496333399302,2.70354229632761e-08,9.48717485734259e-08
"ENSG00000157570",-0.751606574936163,4.58432149603803,32.93950532231,2.7160272307401e-08,9.52914800785125e-08
"ENSG00000146530",-1.54493221593126,1.99217054221626,32.9326910645677,2.72445998868058e-08,9.55689069896284e-08
"ENSG00000117266",-0.854173813782734,4.89910451027936,32.9229225389762,2.73659482646138e-08,9.59760638327798e-08
"ENSG00000198690",0.473946179550459,4.49155287888281,32.9159191503315,2.7453282720161e-08,9.62637952794078e-08
"ENSG00000172273",-0.362879670585625,4.24017109627797,32.9075751714486,2.7557702137401e-08,9.66113119651213e-08
"ENSG00000259959",-0.558392721913173,2.10960501741744,32.8945840739693,2.77210758337699e-08,9.71653357611499e-08
"ENSG00000137693",-0.561875337650827,6.65851003261664,32.880951564996,2.78935672878098e-08,9.7751098618629e-08
"ENSG00000171448",0.459033364279595,3.7990706529116,32.8792854490811,2.79147227369065e-08,9.7806391280843e-08
"ENSG00000158234",-0.457517766148627,4.15955476455432,32.8660330557824,2.80835723636438e-08,9.83790474094671e-08
"ENSG00000287595",0.971979872602918,-1.07450168261997,32.8590524672831,2.81729266945353e-08,9.86730581013302e-08
"ENSG00000223652",1.10189769353436,-0.937990933965107,32.8579072727746,2.81876130226878e-08,9.87054881895738e-08
"ENSG00000156011",1.09025093563174,5.57962319042831,32.8482896339571,2.83112579918425e-08,9.91193763918445e-08
"ENSG00000074370",1.04538096142096,6.39900377710962,32.8380979743111,2.84428801837599e-08,9.95610286339925e-08
"ENSG00000253540",0.912287705043093,1.50434809931372,32.8310258208796,2.85345777865399e-08,9.98627863732131e-08
"ENSG00000175147",-0.865726640684835,0.729051154205677,32.8285118319456,2.85672460374239e-08,9.99578820563037e-08
"ENSG00000235280",-0.931285998905572,1.51625652754672,32.8117519342195,2.87860009945253e-08,1.00703940390157e-07
"ENSG00000136630",-0.733843706952777,1.34812377842779,32.8019926449441,2.89141602489141e-08,1.0113283588601e-07
"ENSG00000155008",0.497909758531999,4.92158669125076,32.7860055188457,2.91253494961259e-08,1.01851923982991e-07
"ENSG00000058804",-0.516825489415882,6.18642758311465,32.7693013700524,2.93476743516259e-08,1.02609669570814e-07
"ENSG00000225217",-1.13651172902785,2.66315125998657,32.7665066851061,2.93850373161276e-08,1.02720557121993e-07
"ENSG00000189136",-0.776325060712014,0.0557000461575096,32.7641814288562,2.94161609452499e-08,1.02809595555766e-07
"ENSG00000171517",-1.99264896140548,2.62312080457147,32.7619654850584,2.94458523912147e-08,1.02893595252913e-07
"ENSG00000089472",-0.882807839969024,5.12168383954618,32.7579693612777,2.94994729744896e-08,1.03061162977337e-07
"ENSG00000130956",-0.557903114618088,3.09183799695996,32.7546881065691,2.95435750272668e-08,1.03195418205479e-07
"ENSG00000174243",0.3345450637126,7.15518366701207,32.7529146257592,2.95674393872693e-08,1.0325894538703e-07
"ENSG00000118193",-0.639595205244546,4.61994895807035,32.7491712860458,2.96178745204625e-08,1.03415223992738e-07
"ENSG00000204271",0.503562649784727,4.2220136542694,32.7453115944067,2.96699682381344e-08,1.03577232690056e-07
"ENSG00000204140",-1.73144531335029,1.47470582333609,32.7435986384195,2.96931173897202e-08,1.03638153729463e-07
"ENSG00000204209",-0.349968538626777,6.5013228528616,32.7304579868677,2.98713096865547e-08,1.04240096043564e-07
"ENSG00000281195",-1.37746535521007,-0.537042806284119,32.7290465101122,2.98905139454523e-08,1.04287102942622e-07
"ENSG00000101639",-0.47644165089481,5.41590233576775,32.7139425516454,3.00967971865005e-08,1.04986679560428e-07
"ENSG00000100749",-0.45797521874728,4.50801095353179,32.701372061659,3.02695748221581e-08,1.05569132668344e-07
"ENSG00000126561",-0.624225613606155,5.76590561750412,32.6727343465153,3.06669400888881e-08,1.06934491245532e-07
"ENSG00000067369",0.519079998653338,5.75186726308937,32.6574239448619,3.0881536991492e-08,1.07644697449536e-07
"ENSG00000263465",-0.474919385531296,5.76124883675718,32.657358916069,3.08824516874685e-08,1.07644697449536e-07
"ENSG00000183337",0.54376155088665,5.91661807076574,32.6534313088638,3.09377482106707e-08,1.07816778014118e-07
"ENSG00000160688",-0.536365024648809,6.42155747718477,32.6418447666789,3.110145742205e-08,1.08366534021503e-07
"ENSG00000138600",0.452176236507808,6.18169892891719,32.6274947381845,3.13054254525382e-08,1.09056326016235e-07
"ENSG00000228606",0.675379500499355,-1.58449257214353,32.6261354856857,3.13248154320526e-08,1.09063441673065e-07
"ENSG00000156471",-0.5106558423931,7.2775328705921,32.6259038295579,3.13281212570561e-08,1.09063441673065e-07
"ENSG00000066135",-0.401291993336576,4.77694565693536,32.6257362872803,3.13305123714039e-08,1.09063441673065e-07
"ENSG00000183255",-0.398728049262498,8.64950497885924,32.6256703221848,3.13314538564857e-08,1.09063441673065e-07
"ENSG00000149531",0.881947349078602,3.19587747375437,32.6227804018574,3.13727282137516e-08,1.09186219049314e-07
"ENSG00000005022",-0.454759756882518,8.14982094470838,32.6126618780811,3.15176758011234e-08,1.09669693413207e-07
"ENSG00000279059",0.550034208554534,2.20699304217664,32.5806868922228,3.19801755061781e-08,1.11257733761738e-07
"ENSG00000164751",0.446587571212793,6.0644563047029,32.5792581665973,3.20010003696156e-08,1.1130889170445e-07
"ENSG00000189056",-1.89532236372093,2.53486185642273,32.5692722254728,3.21469364893656e-08,1.11795120624968e-07
"ENSG00000119720",0.354421147326956,3.95744787503117,32.5668267559054,3.21827772622401e-08,1.11898366057278e-07
"ENSG00000163806",-0.846045976566539,-0.778287910214132,32.5616108918304,3.22593557341789e-08,1.1214318847348e-07
"ENSG00000146006",-1.30984843360371,-0.770829437351618,32.55813653414,3.23104677407003e-08,1.12299405172531e-07
"ENSG00000071539",-0.71944670584454,5.25897317812552,32.550757542354,3.24192930006729e-08,1.1265611408029e-07
"ENSG00000285756",-0.638918594552405,3.38082258382703,32.5425342616485,3.25410058357286e-08,1.13057462108927e-07
"ENSG00000108771",0.725493265104195,4.6767887536474,32.5287177465003,3.27465437405079e-08,1.13749835285019e-07
"ENSG00000150712",-0.549813669628641,6.39563696250685,32.5179645978674,3.29074167850089e-08,1.14286823846809e-07
"ENSG00000131848",-0.565830211706374,2.21451567730537,32.5144304187795,3.29604640692249e-08,1.14449202079241e-07
"ENSG00000170786",2.09418834571159,3.73398019547429,32.5000835388029,3.31766957267055e-08,1.15178038151807e-07
"ENSG00000146701",-0.405121483332345,7.97217809396124,32.4995045424799,3.3185452177125e-08,1.15186451182738e-07
"ENSG00000236008",1.21273873447465,0.873667002603181,32.4956273438744,3.32441491396203e-08,1.15368171064952e-07
"ENSG00000177192",-0.563158435130325,4.56730226326411,32.4950195912752,3.32533594117251e-08,1.15378119225573e-07
"ENSG00000162777",0.569788837667085,5.74511808940649,32.4858499365468,3.33926352774156e-08,1.15839261954155e-07
"ENSG00000121897",0.419101899933814,3.26544859403993,32.480539810725,3.34735587079748e-08,1.16097842444822e-07
"ENSG00000204130",0.421056969516301,4.12316078745626,32.4750154723888,3.35579567461715e-08,1.16368373174331e-07
"ENSG00000163608",-0.305950357916839,5.72290324836741,32.467284554602,3.36764265791733e-08,1.16756928444911e-07
"ENSG00000168813",-0.443417821589499,5.19279995521509,32.4665134586419,3.36882661102156e-08,1.16775716411778e-07
"ENSG00000127463",-0.384080962762777,6.50594355426693,32.4648964428121,3.37131076774496e-08,1.16839558391283e-07
"ENSG00000182326",-0.792599087622227,8.67206946676339,32.4610903556095,3.3771652086398e-08,1.17020157772415e-07
"ENSG00000276855",0.656641831249041,2.29722696589713,32.4364619946789,3.41529689611718e-08,1.18318895136341e-07
"ENSG00000256806",-0.578896348111332,1.44066498756641,32.4247460320384,3.43358880066067e-08,1.18929943070684e-07
"ENSG00000108256",0.471352642467321,7.44394011343733,32.4172432379548,3.44535468300226e-08,1.193147581387e-07
"ENSG00000109771",0.612797292781802,1.28603043695796,32.4091028167576,3.45816653541283e-08,1.19735642387376e-07
"ENSG00000107862",0.341573126228916,6.90744244493186,32.4079355693842,3.46000755339728e-08,1.19776584280909e-07
"ENSG00000186510",1.21218996869029,-0.381742749716968,32.4007547575076,3.47135513452656e-08,1.2014654079309e-07
"ENSG00000100983",0.583760938921241,6.06282666614585,32.3966856169803,3.47780212174699e-08,1.20346775095765e-07
"ENSG00000270179",0.75246719129498,-0.412035876402963,32.3916014353211,3.48587428941152e-08,1.20603160692062e-07
"ENSG00000060069",-0.448553839779283,4.7472929950375,32.3852921129582,3.49591792150074e-08,1.20927643887895e-07
"ENSG00000274290",1.11927420084728,1.45245806059956,32.3774663397521,3.50841614888702e-08,1.21336894687121e-07
"ENSG00000198756",-1.25406563133683,1.55347618853115,32.3595772960584,3.53715569892042e-08,1.22307581467613e-07
"ENSG00000232859",0.653708456310455,1.9675623116201,32.3536672872881,3.54670252802331e-08,1.22614380497411e-07
"ENSG00000196937",-0.462746511512585,5.22340296241111,32.352110507592,3.54922162314439e-08,1.22678150668472e-07
"ENSG00000162642",-0.393064211994716,4.05849342190244,32.3485069215438,3.55505967937194e-08,1.22856594049813e-07
"ENSG00000181458",-1.25940209901504,6.06400636786776,32.3243677808194,3.59441751235908e-08,1.24193133956662e-07
"ENSG00000006327",-0.836969765016404,5.65047757466179,32.3119094181265,3.61490213928361e-08,1.24877189191434e-07
"ENSG00000112312",-0.554418876836514,4.63317783041756,32.3083460770206,3.62078279877074e-08,1.250565847779e-07
"ENSG00000117009",1.15757247503029,2.80058724634037,32.2891511893508,3.65262707678338e-08,1.26115254993528e-07
"ENSG00000103404",-0.49098549118093,4.97799400283484,32.2890345524526,3.65282143889326e-08,1.26115254993528e-07
"ENSG00000123159",-0.580096627790553,6.84132061789381,32.2841115194556,3.66103464056222e-08,1.26374830219293e-07
"ENSG00000111727",0.395523471562441,4.05239147533359,32.2830604171002,3.66279063090578e-08,1.26411453500786e-07
"ENSG00000227359",0.832126378151153,-1.42172325671122,32.26622375973,3.6910344262429e-08,1.27362045426875e-07
"ENSG00000087510",-0.77687265255176,6.41221432603375,32.234483449052,3.74487872842581e-08,1.29195474796299e-07
"ENSG00000108511",1.79086360409553,1.28252402470146,32.2309413078,3.75093659664611e-08,1.29379925696566e-07
"ENSG00000173153",-0.642139085458275,4.62247277200998,32.2219563530981,3.76634732713823e-08,1.29886850940444e-07
"ENSG00000125166",0.474742323645277,7.08538374049278,32.2169434409457,3.77497308975423e-08,1.30159640865308e-07
"ENSG00000259319",0.738701850311328,0.653386717370975,32.2092738302224,3.7882088717776e-08,1.30591248976291e-07
"ENSG00000157653",0.712358419222131,0.179171395582014,32.2061005047741,3.7936989110889e-08,1.30755724454965e-07
"ENSG00000117305",0.481951211359972,5.21509470323899,32.1955430347109,3.81202183503267e-08,1.31362359104915e-07
"ENSG00000164073",0.396610693125158,4.09757713436482,32.1897948242433,3.82203562831021e-08,1.31682485333787e-07
"ENSG00000025770",-0.534131145621187,5.65947548243465,32.1893793007973,3.82276052822582e-08,1.31682516074567e-07
"ENSG00000184860",-1.22301724664212,4.26870369781467,32.1864598830074,3.82785750274465e-08,1.31833123006854e-07
"ENSG00000099308",0.451627079488728,3.85569165353284,32.1450690640902,3.90086380791443e-08,1.3432205781588e-07
"ENSG00000119042",1.02960844580961,2.82591386618044,32.1404458962976,3.90910507333449e-08,1.34580357890986e-07
"ENSG00000256061",0.746632345978349,-0.724847638468429,32.1394909707298,3.91080951404914e-08,1.34613556853758e-07
"ENSG00000167034",1.36237527409648,3.55536411236212,32.1348712411673,3.91906584105185e-08,1.34872222359605e-07
"ENSG00000256433",-0.797281743363118,-0.121948502499096,32.127897210372,3.93156309368491e-08,1.35276711214418e-07
"ENSG00000249348",0.564214249538967,0.878009197747915,32.1018515727106,3.97859285198091e-08,1.36869012278851e-07
"ENSG00000169855",-0.925637454460145,5.77133512425098,32.0899090763452,4.00034654302936e-08,1.37591344411154e-07
"ENSG00000131725",0.438505810667379,4.47301017879447,32.0857712352339,4.00791174820468e-08,1.3782548473501e-07
"ENSG00000189306",-0.594886086789652,5.38877725584912,32.0717581756186,4.0336392392924e-08,1.38683989573252e-07
"ENSG00000151366",0.633592064920213,4.50706190736588,32.0551615116675,4.06432590589453e-08,1.39712643312058e-07
"ENSG00000196549",-1.35304567919699,5.0325235958728,32.0522237957526,4.06978214310796e-08,1.39873767231382e-07
"ENSG00000179833",-0.510922736007792,6.22017932405616,32.0470249149912,4.0794561846466e-08,1.40179764002177e-07
"ENSG00000107954",1.73291623006264,3.80094847449746,32.0458393508036,4.08166552301365e-08,1.4022918876572e-07
"ENSG00000279407",0.708877935427968,1.48779397363139,32.0400947074511,4.09238797662684e-08,1.40571015144266e-07
"ENSG00000163946",0.393610032580539,6.52060310442718,32.0319664219538,4.10760813272816e-08,1.41067176582439e-07
"ENSG00000147485",1.63511982361469,2.9099761415208,32.0284342440902,4.11423991049257e-08,1.41268256545288e-07
"ENSG00000164082",-1.09938007548102,-0.0118990307633966,32.0212413811538,4.12777818012746e-08,1.41706360022949e-07
"ENSG00000141576",1.14836989829624,2.1663229327187,32.0203405488207,4.12947687557964e-08,1.41737923028954e-07
"ENSG00000169299",-0.448702055545052,5.55346701130475,32.0145343453511,4.140442553615e-08,1.42064814008078e-07
"ENSG00000226026",-0.925788204483975,-1.26476246950007,32.0144707129236,4.14056289342875e-08,1.42064814008078e-07
"ENSG00000141867",-0.352718712192698,7.04231434793518,32.0139605572377,4.14152781280842e-08,1.42071120066691e-07
"ENSG00000160714",-0.365825476104306,6.97395838431882,31.9639834508824,4.23716452221689e-08,1.45324435847786e-07
"ENSG00000139218",0.378717355419082,7.10457356782914,31.9470453377234,4.2700808482549e-08,1.46425773883975e-07
"ENSG00000136319",0.374351702305333,4.09399704281154,31.9384213274203,4.28693919626815e-08,1.46976154762912e-07
"ENSG00000257512",1.11130126899835,-0.558363691424228,31.9210890802627,4.32102404524986e-08,1.48116821211844e-07
"ENSG00000179148",1.48798684892177,0.609461052663797,31.916309287713,4.33047181740374e-08,1.48412702873449e-07
"ENSG00000198833",-0.352329634785712,6.72697151749457,31.9152123506536,4.33264297162244e-08,1.48459137844516e-07
"ENSG00000272505",-1.27369374958645,-0.278143705505904,31.9128783317382,4.33726632448989e-08,1.48589564719951e-07
"ENSG00000126950",-1.55256089143313,0.428226848759183,31.896807127684,4.36923655909997e-08,1.4965663754597e-07
"ENSG00000131477",0.782960555596907,4.0936937918403,31.8862057033642,4.39045596106846e-08,1.50355136546626e-07
"ENSG00000267858",0.611831039764983,0.989100596789305,31.8677184369509,4.42770858089396e-08,1.51602341244916e-07
"ENSG00000088305",-0.716020914016895,3.90122922860253,31.8600889215334,4.44317524640229e-08,1.52103277586232e-07
"ENSG00000253341",0.448689549811183,2.24983339760104,31.8494538612423,4.46482584871846e-08,1.5281568034718e-07
"ENSG00000237126",0.507779298145745,0.182762381300103,31.8368691715158,4.49058309297583e-08,1.53668344863677e-07
"ENSG00000237522",0.658784781061225,0.480128459559824,31.8193710009733,4.52664632671121e-08,1.54873294564002e-07
"ENSG00000148840",-0.346027838418901,6.12561764309881,31.8159056023033,4.53382302901867e-08,1.55089661936791e-07
"ENSG00000255521",-1.31248102099342,-0.255856134695455,31.81504126884,4.53561481826027e-08,1.55121779455656e-07
"ENSG00000100628",-0.901505866550411,0.977036205523535,31.8050973840625,4.55628028650338e-08,1.55799258978988e-07
"ENSG00000246877",-0.96813148795641,-0.715423251569886,31.795770603474,4.57574967135914e-08,1.56435592147895e-07
"ENSG00000197857",0.550297206941019,4.05466995604208,31.7947281852379,4.57793090101981e-08,1.56480750287067e-07
"ENSG00000138867",0.403216637197993,7.00953232295641,31.7906184686745,4.5865405949171e-08,1.56745585006299e-07
"ENSG00000113161",0.489592416318131,6.00057593400386,31.7862969951754,4.59561154442971e-08,1.57000751433181e-07
"ENSG00000117154",1.60859574501707,3.1320972528958,31.7862389750921,4.59573345409202e-08,1.57000751433181e-07
"ENSG00000089693",-0.479526622996905,8.05278034237003,31.778768459683,4.6114575310601e-08,1.57508337229899e-07
"ENSG00000143382",-0.941158721288313,3.16248259605559,31.7780539385478,4.61296431115041e-08,1.57530219472782e-07
"ENSG00000108861",0.39847048691246,6.27150728648383,31.776232595994,4.61680740172537e-08,1.57631862253766e-07
"ENSG00000139921",0.430989979394709,5.98476689377497,31.7749766810336,4.61945930489297e-08,1.57692803748861e-07
"ENSG00000188677",-0.580320051826501,4.84162846505441,31.7670386802757,4.63625625259417e-08,1.58236496007098e-07
"ENSG00000090905",0.328523348364704,6.01947064975825,31.7612801309115,4.64848002181546e-08,1.58623929900149e-07
"ENSG00000063177",-0.56019894007028,9.28623119904767,31.7582133179684,4.65500327014582e-08,1.58816731340109e-07
"ENSG00000255571",1.19855117626195,2.72731620980339,31.7533025408267,4.66546796596418e-08,1.59143907286115e-07
"ENSG00000104881",-0.623527558259342,5.59637134263288,31.7521213109806,4.66798866735236e-08,1.59200033530479e-07
"ENSG00000161013",-0.42043967681496,6.76100171086612,31.7437717047947,4.68584567495187e-08,1.59779079745078e-07
"ENSG00000189184",-0.911576519273757,4.68389747055346,31.7261221778044,4.72381939450189e-08,1.6104372473702e-07
"ENSG00000234390",0.516302971452349,0.961875756937121,31.7254296385738,4.72531574087548e-08,1.61064547779316e-07
"ENSG00000245937",0.483890183773846,4.50797344449923,31.7222116918536,4.73227493100306e-08,1.61271531656518e-07
"ENSG00000154429",-0.52504971241066,5.04235191769149,31.7172524612017,4.74302011995118e-08,1.61607437133144e-07
"ENSG00000146576",-0.360364845918964,4.91194420233097,31.6923256987458,4.79740327955888e-08,1.63401771643253e-07
"ENSG00000277182",1.10402514359247,0.774833265592483,31.6922912411701,4.79747889033962e-08,1.63401771643253e-07
"ENSG00000181472",0.427002194969421,5.15622720064044,31.6652269834959,4.85723954231539e-08,1.65376901991602e-07
"ENSG00000229848",0.944586920697578,-1.22920364562252,31.665205498938,4.85728727974016e-08,1.65376901991602e-07
"ENSG00000131435",-0.891464670917877,3.88434205468235,31.6569104752983,4.87575377553009e-08,1.65974564232344e-07
"ENSG00000279794",0.750921577768546,-0.971123606620723,31.6562521154758,4.87722245773418e-08,1.65993491881118e-07
"ENSG00000225880",-0.6101606268666,-0.952509155363046,31.6500898015182,4.89099114461973e-08,1.6643095778923e-07
"ENSG00000186187",-0.45976750121551,4.693767532089,31.6474926702093,4.89680575991375e-08,1.66597649011057e-07
"ENSG00000188906",1.07093223384043,3.8050864775974,31.6436927164508,4.90532590527045e-08,1.66856307396781e-07
"ENSG00000196542",1.94079703199825,4.88298539131923,31.6413337906474,4.91062254752501e-08,1.67005241014183e-07
"ENSG00000048740",-0.730318991225556,5.14713647777039,31.6159108083488,4.96807410849176e-08,1.68927522686947e-07
"ENSG00000180667",-0.722429084211462,4.40602333486662,31.6109702486174,4.97931743130637e-08,1.69278178393645e-07
"ENSG00000165474",-1.32333727632356,5.89922812948071,31.6074030854435,4.98745125697033e-08,1.69523011515186e-07
"ENSG00000187801",-0.591124441046669,2.10585253133378,31.6019598378184,4.99988877969011e-08,1.69914008081098e-07
"ENSG00000165819",0.356143748310386,5.0013857444386,31.5990667538953,5.00651205775559e-08,1.70107306755947e-07
"ENSG00000123453",1.00681938855918,2.53810359415989,31.5963962808472,5.01263356344897e-08,1.70283487583134e-07
"ENSG00000228395",0.473751084380808,-0.0593476435817997,31.5861617594712,5.0361641398039e-08,1.71050893323535e-07
"ENSG00000135823",-0.365682351801905,6.3549309728738,31.5778475558275,5.05536171428897e-08,1.71670871656997e-07
"ENSG00000173621",-0.844366494808525,4.04090187583908,31.5755559425301,5.0606660475539e-08,1.71818917440564e-07
"ENSG00000249602",-0.822945205636131,-0.588015159113566,31.5737316269258,5.06489275672381e-08,1.71930327471617e-07
"ENSG00000105048",1.68456145963738,4.79035581380112,31.5566025262505,5.10475297229181e-08,1.73251067475356e-07
"ENSG00000257702",0.649253557328275,2.98382915925088,31.5507055892055,5.11854857969266e-08,1.73686868595989e-07
"ENSG00000009790",-0.819041146095892,3.35315658121584,31.5488298024227,5.12294478098425e-08,1.73803618124495e-07
"ENSG00000138050",-0.365669299156059,3.79957240933751,31.5307717213653,5.16546222057652e-08,1.75213403334289e-07
"ENSG00000186889",-0.513471940850671,2.00762665551963,31.5222001398992,5.18576837178466e-08,1.75869392403542e-07
"ENSG00000094914",0.316461495744954,5.25797346505931,31.5206316080725,5.18949295140841e-08,1.7596289671927e-07
"ENSG00000274565",-0.952547960374767,-0.354429325362289,31.5168499292596,5.19848389990325e-08,1.76234902463076e-07
"ENSG00000278987",0.894877121195772,-0.915772403072197,31.5120334965867,5.20995775167092e-08,1.76590964568376e-07
"ENSG00000185043",0.694162332907933,6.59666119447241,31.5100001045182,5.21480943220942e-08,1.76722478019424e-07
"ENSG00000155438",-0.394904965646997,5.10821471434573,31.5034339595973,5.23050744567914e-08,1.77221440801066e-07
"ENSG00000286699",0.581913141592965,0.27319048859746,31.499020779602,5.24108505788385e-08,1.77546759234106e-07
"ENSG00000143443",0.542953157518898,3.42521702499229,31.4982466221155,5.24294280177768e-08,1.77576617651271e-07
"ENSG00000138592",0.399937660876014,5.55903468481099,31.4929302525538,5.25571845293745e-08,1.77976181757636e-07
"ENSG00000164944",0.484443451732922,7.28020113841474,31.4749264080888,5.29921700485934e-08,1.79415783478e-07
"ENSG00000198538",0.478680401190625,4.99015538155265,31.4738244674651,5.30189114464105e-08,1.79472912969908e-07
"ENSG00000203952",1.3686224580227,1.79499351310412,31.469207505933,5.31311019921957e-08,1.79819219023829e-07
"ENSG00000261819",-0.803844722079828,-0.4833421184116,31.4652296681443,5.3227954247887e-08,1.80113494299641e-07
"ENSG00000170385",0.594429379561407,6.17087359182069,31.4520778444964,5.35494451369577e-08,1.81167654045942e-07
"ENSG00000126500",-1.19510747174725,-0.646600337494246,31.4225261562994,5.42789940651534e-08,1.83601700587132e-07
"ENSG00000131899",-0.461150688734712,5.35217118766167,31.4034759751286,5.47546013959611e-08,1.85176030158003e-07
"ENSG00000160401",0.56873012207387,1.71114750542378,31.4012296477886,5.48109598752944e-08,1.85332169215812e-07
"ENSG00000166391",-1.89912737863168,2.76680278704024,31.3946149963169,5.49772563421824e-08,1.8585991419175e-07
"ENSG00000108599",0.493731245845991,4.96662081873195,31.3740378006787,5.54978441818821e-08,1.87584982341585e-07
"ENSG00000271833",-0.819836672201877,-0.890667098294749,31.368518958761,5.56383113002118e-08,1.88024824587189e-07
"ENSG00000138400",0.892499236080116,1.2526994084541,31.3640892495962,5.57513171457905e-08,1.88371717675578e-07
"ENSG00000072121",0.431630198080787,5.55212584955616,31.3626710138332,5.57875465600546e-08,1.88459119025682e-07
"ENSG00000130487",-1.72882071308693,6.06862485868942,31.3579788962192,5.5907578122768e-08,1.88829532199982e-07
"ENSG00000170889",-0.537607168362762,9.06792905877303,31.345858233209,5.6218851406786e-08,1.89845612585708e-07
"ENSG00000205084",-0.652335940858113,3.43063540760598,31.3339404475124,5.65266206238371e-08,1.90849485039233e-07
"ENSG00000270069",-1.32283567023937,0.521661665217883,31.332481546714,5.65644124855001e-08,1.90941635910593e-07
"ENSG00000121058",0.406813091816588,5.13606497109582,31.3286999825922,5.66624902070734e-08,1.91202212716234e-07
"ENSG00000178502",0.774490456480119,3.08380423730135,31.3286945717111,5.66626306653014e-08,1.91202212716234e-07
"ENSG00000120756",0.855250314085032,4.20709868021652,31.2943031656796,5.75625189262277e-08,1.94202762795442e-07
"ENSG00000109270",0.361682850683943,5.55344949357717,31.2908204719421,5.76544481876504e-08,1.94476836727928e-07
"ENSG00000267796",-0.493885224251325,-0.0538832049830927,31.2680025927714,5.82604275063701e-08,1.96484453084713e-07
"ENSG00000169245",-1.28151821040009,6.83965508205068,31.2668161554155,5.82921112743158e-08,1.96554860930155e-07
"ENSG00000141458",-0.410227706211922,5.94078197598326,31.2469383196993,5.88255430836427e-08,1.98316770640462e-07
"ENSG00000229589",-0.70567563776856,1.13512214309358,31.2130012738114,5.97476767480578e-08,2.01388203241971e-07
"ENSG00000243317",-0.439330557241624,6.55196835323707,31.1984833998039,6.01465990064682e-08,2.02695264541346e-07
"ENSG00000178719",0.629986517258928,8.72489158696974,31.1926462394629,6.03077495412701e-08,2.03200694452875e-07
"ENSG00000017260",-0.398616441418312,7.51917352840797,31.191473210543,6.03401867315298e-08,2.03267288770711e-07
"ENSG00000240137",0.590560441086613,0.508861353335903,31.1911233085004,6.03498658105256e-08,2.03267288770711e-07
"ENSG00000261373",-1.15039128557587,2.70299979671152,31.180309952103,6.06497616501859e-08,2.04239560246914e-07
"ENSG00000187583",-0.855242591159435,2.44129148041604,31.1754110545973,6.07861216671097e-08,2.04660862806625e-07
"ENSG00000226266",0.577678838803667,-0.528373595889559,31.1737407701025,6.08326844898882e-08,2.04779727096444e-07
"ENSG00000110696",0.333436972345366,7.39974949170099,31.1670826639919,6.10186518780588e-08,2.05367735077375e-07
"ENSG00000230337",-0.737384173462822,-0.998516457609826,31.1624854084183,6.11473925909962e-08,2.05762478522154e-07
"ENSG00000135968",0.488482000689024,5.64180324966918,31.1620869509865,6.11585638272908e-08,2.05762478522154e-07
"ENSG00000164040",0.436531744368429,6.81655778872562,31.1489315436516,6.15285509697652e-08,2.06968981882391e-07
"ENSG00000082196",1.12696370711917,3.5603568373547,31.1459764175145,6.16119722969624e-08,2.0721127073542e-07
"ENSG00000129315",0.390273042890205,5.70989777106633,31.1413754420456,6.1742082266599e-08,2.0761046261137e-07
"ENSG00000014824",0.374606437277494,6.56413380555815,31.1381309911221,6.1833998127488e-08,2.07881101283318e-07
"ENSG00000267934",1.15551441595192,0.117391025068444,31.126969407653,6.21512642201557e-08,2.08909109893955e-07
"ENSG00000119392",0.37559195946217,5.8369000806993,31.1139087529456,6.25245986118451e-08,2.10125166214383e-07
"ENSG00000133985",0.717821222065633,5.3378520942996,31.0914049411819,6.31731821670811e-08,2.12265626686657e-07
"ENSG00000112200",-0.39766264709747,5.46963193658025,31.0909529785638,6.31862775558098e-08,2.12270413037508e-07
"ENSG00000162706",-1.64435452719901,0.626625017081751,31.0884286830273,6.32594681629353e-08,2.12477046527695e-07
"ENSG00000164695",-0.706140741377923,5.2408314926292,31.0869344319534,6.33028335031332e-08,2.12583444563328e-07
"ENSG00000100147",-0.520182937462549,4.13989759787054,31.0782440674619,6.35556360789127e-08,2.13393005169515e-07
"ENSG00000245552",-0.956537114076254,0.983287434235948,31.0629654571057,6.40025646125043e-08,2.14853939677414e-07
"ENSG00000233170",1.12239075578631,-0.418963773252128,31.0625470631235,6.40148479720337e-08,2.14855518530236e-07
"ENSG00000167114",0.547727882322281,5.73518977885773,31.041790079927,6.46272365004433e-08,2.16870881452041e-07
"ENSG00000178752",-1.14495695583532,0.498224466520319,31.0411174875566,6.46471784732481e-08,2.16897783079033e-07
"ENSG00000226328",-0.533567361058413,2.97368888161789,31.012509053562,6.5501179275444e-08,2.19722509897044e-07
"ENSG00000185436",-0.763312178923393,2.91922607138997,31.004326759432,6.57475202575755e-08,2.20508187063394e-07
"ENSG00000228748",1.03483823973659,-0.736850059707051,30.9880627056304,6.6239956593318e-08,2.22118792499865e-07
"ENSG00000182057",-0.606211338919052,2.48728382169362,30.9871250934301,6.62684584934277e-08,2.22173405175753e-07
"ENSG00000264364",0.413433644975655,7.4951517857981,30.981892724434,6.6427741587706e-08,2.22646176299472e-07
"ENSG00000133226",-0.28206212345781,6.70210558158807,30.9816888282576,6.64339563875761e-08,2.22646176299472e-07
"ENSG00000107984",-2.05863585134665,3.15557504441578,30.9525421596625,6.73284204906096e-08,2.25602305063229e-07
"ENSG00000285517",-1.00214485547221,-1.17995204187799,30.9362117220451,6.78348800860654e-08,2.27257468963963e-07
"ENSG00000269439",-0.623258408691713,0.453286849483867,30.932651401158,6.79458068659589e-08,2.27587170401116e-07
"ENSG00000184292",-0.954335987016895,8.46303757927089,30.922209528114,6.82721954158523e-08,2.28638315268555e-07
"ENSG00000167604",-0.546282124536829,2.29558092401656,30.9197782168121,6.83484194581102e-08,2.2885144571136e-07
"ENSG00000107404",-0.595438914021918,5.78326980855001,30.9184139858446,6.8391227090796e-08,2.28952629914853e-07
"ENSG00000068912",0.351890978827744,6.5983594173563,30.9107137307418,6.86333582881946e-08,2.29720927593979e-07
"ENSG00000196247",0.549825920415411,4.9968653199012,30.9055804797805,6.8795251781013e-08,2.30220430431107e-07
"ENSG00000173894",-1.00661065863296,5.6261154019527,30.9048188834491,6.88193039821791e-08,2.3025855423618e-07
"ENSG00000119396",0.39283260012811,7.29076834524208,30.897166159938,6.90614587187205e-08,2.31026266539652e-07
"ENSG00000047621",-0.443801397629714,4.80287344514161,30.8964545377222,6.90840202169505e-08,2.31059242314435e-07
"ENSG00000227500",0.412954032356885,6.3902836881163,30.8940771898273,6.91594463863172e-08,2.3126898526831e-07
"ENSG00000156162",0.502283690809153,5.5742082252409,30.8910069581147,6.92569787374273e-08,2.31527923920643e-07
"ENSG00000241553",-0.416840410668877,6.7664561169173,30.8908383270835,6.92623396773817e-08,2.31527923920643e-07
"ENSG00000066557",-0.390672917961959,4.39991445627029,30.8893851157251,6.93085560072706e-08,2.31639841356163e-07
"ENSG00000160993",-0.440757522263153,3.51080383990465,30.8799539588552,6.96092518011739e-08,2.32602070872635e-07
"ENSG00000196922",0.51264196252947,5.77356748680987,30.8740980582094,6.97966193447495e-08,2.33185325613943e-07
"ENSG00000165630",-0.457466414751641,2.7778901034224,30.8421755614588,7.08270140947143e-08,2.36584340193694e-07
"ENSG00000133121",0.579601695209467,4.57950912171994,30.8262330597247,7.13473432484244e-08,2.38278641021363e-07
"ENSG00000207561",0.695556166387755,-0.201058809306748,30.8238373731529,7.14258662150638e-08,2.38497091007817e-07
"ENSG00000163808",-0.559814874438948,4.49329497571557,30.822656518307,7.14646029700199e-08,2.38582635612834e-07
"ENSG00000204370",-0.466849019898299,5.55301723855494,30.8209163637368,7.15217256535885e-08,2.38729518478155e-07
"ENSG00000197417",0.553377005966577,1.93959849421473,30.820257182699,7.15433761075169e-08,2.38757967824499e-07
"ENSG00000158555",-0.855075655085393,4.55708056239321,30.8055645685879,7.20276685336593e-08,2.40330074351531e-07
"ENSG00000132326",0.503631920033963,4.93424706941465,30.782695683038,7.27880584315843e-08,2.42822671818352e-07
"ENSG00000160326",-0.839694331924783,3.40443637493616,30.7811825565836,7.28386548018942e-08,2.42946901437163e-07
"ENSG00000154359",-0.564586255572585,4.4206492405152,30.7666665459304,7.33258535524524e-08,2.44527067182252e-07
"ENSG00000206559",0.592532174888327,-0.322832197092034,30.7577897792885,7.36254030761651e-08,2.45480995627734e-07
"ENSG00000134597",-0.37503725668131,4.71356021984987,30.7564833089369,7.36695945507763e-08,2.45583318491481e-07
"ENSG00000197063",-0.475761098817667,5.00161622012286,30.7463159370383,7.40144232774085e-08,2.46687617843047e-07
"ENSG00000186104",0.445717948257169,3.86245112821679,30.7339635777711,7.443554982456e-08,2.48045764054434e-07
"ENSG00000111432",-1.42175549438018,1.55301714148841,30.7198366514413,7.49201429358783e-08,2.4961486714009e-07
"ENSG00000279069",0.657353202816285,0.172922953910009,30.7162051381161,7.50452278589035e-08,2.49985824962956e-07
"ENSG00000125848",1.75844347755553,3.29551244384142,30.7142167361955,7.51138062785952e-08,2.50168450575918e-07
"ENSG00000225733",0.443700641563893,7.41491738974777,30.7135181342388,7.51379155290385e-08,2.50202930729065e-07
"ENSG00000104774",-0.448929428949475,6.36564354838345,30.7129020819745,7.51591824137221e-08,2.50227935152989e-07
"ENSG00000182504",0.456627194778164,4.56689806390938,30.7015240544412,7.55530605091527e-08,2.51493240216045e-07
"ENSG00000100625",0.654013590729668,4.87068490939813,30.7005333361877,7.55874551122536e-08,2.51561689584935e-07
"ENSG00000286177",0.527695821787072,0.0855070594909676,30.6916533823664,7.58964457787162e-08,2.52543826531886e-07
"ENSG00000280383",-0.970693358179817,-0.174943334146725,30.6841615468758,7.61581265869056e-08,2.5336821041936e-07
"ENSG00000138604",0.636192799237707,5.77793362021607,30.6766447666381,7.64215942482893e-08,2.54198236318194e-07
"ENSG00000104714",-0.511696209099255,3.62683243036623,30.6736372796378,7.65272660660858e-08,2.54503184349967e-07
"ENSG00000163798",-0.310235423168983,5.41470663969466,30.6370825393075,7.78235191394614e-08,2.58766757972308e-07
"ENSG00000218739",-0.426936925228886,5.33645782302636,30.6347375935133,7.79074250843663e-08,2.5899840018908e-07
"ENSG00000181450",0.527349104060541,4.21597992532346,30.634161716701,7.79280448524838e-08,2.590196052224e-07
"ENSG00000163625",0.499790922824484,6.11871713687341,30.6226260147989,7.83422533721826e-08,2.60348785736024e-07
"ENSG00000174004",-0.572174912392077,2.77938138016383,30.6158107626124,7.85880102025793e-08,2.61117780336959e-07
"ENSG00000174080",0.727953178782247,6.34783290087024,30.6070801765646,7.89039712958121e-08,2.62119713228901e-07
"ENSG00000144567",0.352457606982641,7.18509105031775,30.5988525902747,7.92029026179289e-08,2.63064717460718e-07
"ENSG00000104218",0.528057399116811,4.87119198517176,30.5886376236538,7.95756327665993e-08,2.64254447463741e-07
"ENSG00000198113",-0.581212453639065,2.78472878764341,30.5873483182621,7.962280346282e-08,2.64362823910509e-07
"ENSG00000075151",0.406668253128443,6.59811164972816,30.5857986334359,7.96795377979139e-08,2.64502908097912e-07
"ENSG00000183801",0.636728162077627,3.40171472450373,30.5742758895257,8.01026703195373e-08,2.65859008717471e-07
"ENSG00000169635",-0.51644233527446,2.81678902119255,30.5727465584054,8.01589999485776e-08,2.65997425846511e-07
"ENSG00000090889",-0.513087181271221,5.57350984920726,30.5698722410552,8.02649775074027e-08,2.66300512751667e-07
"ENSG00000261039",1.10511905718614,1.1184847960356,30.5570536491237,8.07393305862355e-08,2.67825450429044e-07
"ENSG00000204576",-0.385438047655765,4.14583569615801,30.5554764166166,8.07978914400881e-08,2.67970833244406e-07
"ENSG00000172780",-0.705024624204166,0.200721049729618,30.5124563875311,8.24118218302373e-08,2.73273694703438e-07
"ENSG00000118369",0.681681499898694,3.57211540768806,30.5089175821814,8.254602317916e-08,2.73668805975677e-07
"ENSG00000170473",0.418491675368251,4.96128275831421,30.4983965167208,8.29463159187322e-08,2.74945798055386e-07
"ENSG00000226415",-0.65807793441991,0.688589654090525,30.4958654526776,8.30429068960016e-08,2.75215814618163e-07
"ENSG00000239213",-0.403536779813084,1.65779335639761,30.4853535972664,8.34452792850182e-08,2.76498950562199e-07
"ENSG00000144596",-0.908991126639384,0.577013587685987,30.4794975156293,8.36702913722498e-08,2.77194036334878e-07
"ENSG00000186376",0.391895757234479,4.18657934258493,30.4789264474232,8.36922666606222e-08,2.7721634420386e-07
"ENSG00000119514",-0.915537573379062,1.2277956721097,30.4527768464261,8.4704798151953e-08,2.80519094826606e-07
"ENSG00000204442",1.25578563215312,1.9452080122903,30.4428935504243,8.50906995341375e-08,2.81745793396485e-07
"ENSG00000184182",0.459088056567752,4.04061101945732,30.4391808707782,8.52361224011692e-08,2.82175936336452e-07
"ENSG00000248559",0.63512657959477,-1.72147860096488,30.436603757276,8.5337213524787e-08,2.82459188278221e-07
"ENSG00000242732",0.846707187731543,3.07411524569615,30.4310401025425,8.5555869170416e-08,2.83131395282301e-07
"ENSG00000127081",0.643516589216319,2.53856190783181,30.4222794854993,8.59013150055545e-08,2.8422287016937e-07
"ENSG00000159231",-0.784280217511491,2.05076825362199,30.4147769775672,8.61982707919639e-08,2.85153537498043e-07
"ENSG00000224376",0.787148574371821,-0.095866964969768,30.4141039061681,8.6224962156699e-08,2.85189963939997e-07
"ENSG00000150593",0.792013502745948,7.78595800744733,30.4133688525477,8.62541210260848e-08,2.8522268284428e-07
"ENSG00000246985",1.18089360695089,0.691239583458024,30.4130639712747,8.62662182937312e-08,2.8522268284428e-07
"ENSG00000269486",-1.05625302118325,-0.717708635982221,30.4112376214459,8.63387212085382e-08,2.85410516419646e-07
"ENSG00000288663",0.568114855373476,-1.04879101075772,30.3891745265552,8.72194643734029e-08,2.88269601676077e-07
"ENSG00000126778",1.21217851384168,5.03425355576996,30.3776097916008,8.76847386077989e-08,2.89754728524463e-07
"ENSG00000105323",-0.331380671272678,8.22362816955824,30.3724029155911,8.78950398784108e-08,2.90396909229525e-07
"ENSG00000144120",-0.461864110299906,3.72879887243638,30.366607886002,8.81296950594278e-08,2.91119305074623e-07
"ENSG00000226686",-0.984405834685609,0.819500293423131,30.3631285308866,8.82708866157987e-08,2.91532755723288e-07
"ENSG00000117859",-0.397273399418593,6.59247843149652,30.3608112745878,8.8365047117387e-08,2.91790754715148e-07
"ENSG00000198929",0.960261607141608,2.54845628380524,30.3431006456854,8.90880671339894e-08,2.94124843897803e-07
"ENSG00000167578",-0.7705993563147,-0.0569487778350001,30.3417281589846,8.91443464044878e-08,2.94257236371111e-07
"ENSG00000163520",-0.923915915688009,7.27796677872589,30.3407312527872,8.91852473784344e-08,2.9433882767537e-07
"ENSG00000283709",-1.3869342027487,0.979928103941778,30.3280108802876,8.97088041117752e-08,2.95959829676635e-07
"ENSG00000100211",-0.45850500147143,4.30238567784039,30.3280071352526,8.97089587094396e-08,2.95959829676635e-07
"ENSG00000169136",-0.553797759205812,5.70654406094527,30.3167461539587,9.01750385839344e-08,2.97443525891295e-07
"ENSG00000162692",-0.898645133131809,5.97717879102032,30.304713686473,9.06757519427217e-08,2.99040902327148e-07
"ENSG00000066248",-0.989461755902523,2.97939198259969,30.2991199925265,9.09094802364406e-08,2.99703597790453e-07
"ENSG00000013297",-1.12646171122268,2.29736627320995,30.2991158892012,9.09096519138955e-08,2.99703597790453e-07
"ENSG00000184635",-0.645520408107958,3.85868617632428,30.2880482181546,9.13739012450644e-08,3.0117950631483e-07
"ENSG00000155636",0.234619615167704,3.67857961776259,30.2788303699528,9.176238378972e-08,3.02405188687702e-07
"ENSG00000139197",-0.481039117726275,5.89571090078887,30.2709609953512,9.20953548383481e-08,3.03447520615919e-07
"ENSG00000153006",0.376256368819165,4.77993474115503,30.2654819757976,9.23279047093869e-08,3.04158654384048e-07
"ENSG00000137709",-1.05317463107739,3.49948031658073,30.2598884898019,9.25659246183156e-08,3.04887547438958e-07
"ENSG00000122877",-0.866403527131454,4.22915724286896,30.2534191279707,9.28419885480983e-08,3.05741460748291e-07
"ENSG00000101911",-0.578303897397883,6.21639849925379,30.242514136284,9.3309215026575e-08,3.07224475543691e-07
"ENSG00000158615",0.34626249573621,6.81980361156609,30.2315605358129,9.37809143771608e-08,3.08721677953267e-07
"ENSG00000167553",-0.457100043394911,6.5960615609341,30.2297398384623,9.38595528536154e-08,3.08924637586239e-07
"ENSG00000173889",0.44598681457032,6.3156051564398,30.2255302043025,9.40416279060668e-08,3.09441681990473e-07
"ENSG00000120889",-0.581855785738381,5.40420584561605,30.2253213219733,9.40506717639836e-08,3.09441681990473e-07
"ENSG00000105948",0.456264704661297,4.03861940952886,30.2234661829546,9.41310311942027e-08,3.09650062463404e-07
"ENSG00000101290",0.432110769305875,6.41474162985886,30.2227655961483,9.41613966855328e-08,3.0969393904457e-07
"ENSG00000160445",0.328610801245215,6.12635932546741,30.2151094814636,9.44938805507006e-08,3.10731278151535e-07
"ENSG00000213190",-0.926350482110199,3.55097886243328,30.2131192574864,9.4580504432163e-08,3.10959908642838e-07
"ENSG00000203666",0.622526321874423,2.94802720975902,30.1943251782028,9.5402475026074e-08,3.13605677891602e-07
"ENSG00000124789",-0.468976819558608,6.74376630782015,30.1485611206043,9.74342909843775e-08,3.20174594188058e-07
"ENSG00000152229",-0.676617618347109,4.7095254998776,30.1485225308391,9.74360225880197e-08,3.20174594188058e-07
"ENSG00000182957",0.509186504076285,5.54364594185113,30.1457581483005,9.75601471024392e-08,3.20524558435543e-07
"ENSG00000242110",0.625823487570195,-0.12040996234903,30.1434930700409,9.76619711815104e-08,3.20801143552341e-07
"ENSG00000107164",0.323602389518749,6.00730104995205,30.1393824383707,9.78470342283002e-08,3.21351003709701e-07
"ENSG00000163510",-0.333520424790918,5.11709549161909,30.1367042208008,9.79677996237531e-08,3.21689535937321e-07
"ENSG00000151849",-0.472724613022898,3.94798677969648,30.11779061727,9.88249415976439e-08,3.24445494183745e-07
"ENSG00000117143",-0.444653201659838,7.17095824907431,30.1171607542313,9.88536161652413e-08,3.24481063131819e-07
"ENSG00000186687",0.393355838163529,4.18132800048323,30.108491339737,9.92491466638642e-08,3.25720584540303e-07
"ENSG00000134291",0.472555313715098,6.88274515741713,30.107789041993,9.92812579487251e-08,3.25767187366302e-07
"ENSG00000115053",-0.348439065749283,9.68625480786031,30.1043414532705,9.94390448802413e-08,3.26226072922408e-07
"ENSG00000173442",-0.574751335364577,5.78621540731713,30.0734989281293,1.00861938908706e-07,3.30834435504337e-07
"ENSG00000110274",-0.402358924214964,4.93072168774227,30.0635461948257,1.01325473708848e-07,3.32265619012602e-07
"ENSG00000277758",-1.11583676879948,-0.248427605140317,30.063346364109,1.01334802543595e-07,3.32265619012602e-07
"ENSG00000056097",-0.348964860363246,7.13305898202793,30.0615094204983,1.01420598484439e-07,3.32486994454754e-07
"ENSG00000202343",0.67906919361636,-1.82120065701053,30.0531016386558,1.01814227880355e-07,3.33717278192089e-07
"ENSG00000112210",-0.68497959103914,4.04835337308626,30.0420045159236,1.02336127655239e-07,3.35367475638466e-07
"ENSG00000239264",-0.717926266649065,-0.951543328097367,30.0404859766552,1.02407754657448e-07,3.35541747740888e-07
"ENSG00000249492",-0.620081057248712,-0.176102526569603,30.0370301259705,1.02570950205641e-07,3.36015929816318e-07
"ENSG00000073282",-1.45915996776714,3.30165778018079,30.031013623012,1.02855694187847e-07,3.36888054364949e-07
"ENSG00000213793",0.472193802339484,4.18356107050557,30.0269091046115,1.03050407253303e-07,3.3746503549209e-07
"ENSG00000141219",0.41788656271818,4.852649579708,30.025715912805,1.0310708053151e-07,3.37589843511631e-07
"ENSG00000112290",-0.814812351853628,3.93405474768774,30.0124541793516,1.03739098640176e-07,3.39598042848727e-07
"ENSG00000101079",0.406454246113355,6.22174709018263,30.0113742117468,1.03790738890313e-07,3.39705949061907e-07
"ENSG00000149054",-1.03741822917608,0.579280318812751,30.0054022170754,1.04076767647193e-07,3.40580829429138e-07
"ENSG00000117280",-0.593631207725443,5.45100975739801,29.9911861726698,1.04760851931239e-07,3.42757757676808e-07
"ENSG00000229321",0.695270880644927,-0.795434756385855,29.9811378790646,1.05247118786671e-07,3.4428679793021e-07
"ENSG00000261188",0.631935878409598,2.09200216993064,29.9709296032463,1.05743461660923e-07,3.45848243245614e-07
"ENSG00000183049",-0.771179294617404,5.39221212105633,29.9666861002059,1.05950482496445e-07,3.46463030500782e-07
"ENSG00000130560",-0.43077987631567,5.40870826818219,29.9557226931193,1.06487232844541e-07,3.48155633826445e-07
"ENSG00000164306",0.443995879280717,3.04617486726186,29.9471487236173,1.06908912959823e-07,3.49471478956372e-07
"ENSG00000039560",-0.611457619624154,6.47348809869795,29.9453664942829,1.06996777006132e-07,3.4969584549641e-07
"ENSG00000175866",0.681231461663717,5.74143980776526,29.9431213576682,1.07107566210936e-07,3.49995043881514e-07
"ENSG00000074054",-0.315972904962218,6.19521644608175,29.9305501331947,1.0773005338738e-07,3.51965908210826e-07
"ENSG00000179846",-1.02992023287428,0.451047395956174,29.8983617522828,1.09340624044971e-07,3.57163662020461e-07
"ENSG00000253251",0.437452942396492,1.25956860670218,29.895561965209,1.09481857813129e-07,3.57560788275307e-07
"ENSG00000125257",-0.973364998906306,4.03432075639635,29.8919931457928,1.09662152101876e-07,3.5808531820986e-07
"ENSG00000101255",0.668044127742031,5.69202402964817,29.8564943507893,1.11471931757725e-07,3.63929544930804e-07
"ENSG00000122786",-0.605730294060943,8.34633751796539,29.8521491640541,1.11695517562853e-07,3.64594054815715e-07
"ENSG00000048544",-0.36305864412783,5.93043296108302,29.8291474406026,1.12886659273367e-07,3.68416034247982e-07
"ENSG00000280067",0.795773037645945,-0.175380970943611,29.8281376438354,1.12939244417236e-07,3.68521524481646e-07
"ENSG00000161888",-0.557487374620841,4.15409511788021,29.8239896368325,1.13155511403424e-07,3.69160976036856e-07
"ENSG00000167525",0.748426490120694,1.26854928597004,29.8164692851909,1.13548671161231e-07,3.70316061008302e-07
"ENSG00000057252",-0.70172239611393,6.11677686282572,29.8164383768524,1.13550289874824e-07,3.70316061008302e-07
"ENSG00000139354",-0.522266295762585,4.07393168942795,29.8020122260672,1.14308357136253e-07,3.72721477159227e-07
"ENSG00000117791",0.758540436813871,3.95394702396646,29.8012590270753,1.14348076417139e-07,3.72784157353454e-07
"ENSG00000115421",-0.320406024441933,4.71884120873995,29.7933630756487,1.14765302196166e-07,3.74077296835819e-07
"ENSG00000054793",0.618326842757784,7.42703250664761,29.7920589512155,1.14834360510202e-07,3.74235325024108e-07
"ENSG00000116752",-0.476726746491718,5.56388721307479,29.7672524999893,1.16155975621998e-07,3.78474540417934e-07
"ENSG00000233820",-1.00865278771212,-0.626054497762287,29.7598013870966,1.16555940842263e-07,3.79709735274777e-07
"ENSG00000144959",0.76666401519244,5.13601796131915,29.7371335560814,1.17781289582949e-07,3.83632896657355e-07
"ENSG00000138279",0.385098496613024,7.09677395912304,29.7359751537379,1.17844257243074e-07,3.83769266022745e-07
"ENSG00000240230",-0.37351419609446,3.81046346383936,29.7321132426139,1.18054426099608e-07,3.84384873236603e-07
"ENSG00000073921",-0.370885371733849,7.73623064921297,29.7261686509014,1.18378676364456e-07,3.85371642333404e-07
"ENSG00000129083",0.370132106931647,7.65601838982224,29.7227235869318,1.18567000287933e-07,3.85848939228833e-07
"ENSG00000137413",-0.314501151616688,4.97727766084636,29.722710401493,1.18567721648886e-07,3.85848939228833e-07
"ENSG00000142444",-0.398153624125195,4.02688780020289,29.7217105178933,1.18622437101117e-07,3.85957940249574e-07
"ENSG00000158716",-0.615637640691022,5.23509270738847,29.7211717095607,1.18651932245579e-07,3.85984858465854e-07
"ENSG00000136003",0.308591343875664,5.97546317505487,29.7182503902836,1.18811978445279e-07,3.86436384828816e-07
"ENSG00000168491",0.759826354711708,1.54007508768475,29.7124300845788,1.19131497454486e-07,3.87406342875414e-07
"ENSG00000080603",0.460910149195164,2.31089666551368,29.69521651936,1.20081562605888e-07,3.90426074486215e-07
"ENSG00000106245",-0.333573552749181,5.06539517798006,29.6833078556452,1.20743309330856e-07,3.9250747276311e-07
"ENSG00000227398",0.571041677310758,0.370193154934128,29.6757024099112,1.21167858323458e-07,3.93817192134926e-07
"ENSG00000138760",0.405726384934615,8.32736065008218,29.6699568754083,1.21489583145335e-07,3.94792306279677e-07
"ENSG00000138442",-0.376479009503885,5.28683380474526,29.651243124499,1.22543464125085e-07,3.98145860219194e-07
"ENSG00000127980",0.429632668557325,4.65869099237192,29.6377265621244,1.23310398668748e-07,4.00566088763562e-07
"ENSG00000214274",0.749250204914929,2.13410079128706,29.6187889932532,1.24393083016864e-07,4.04010963198343e-07
"ENSG00000127328",0.631307520065514,5.03914291673553,29.6122121294922,1.24771332094042e-07,4.05167110895632e-07
"ENSG00000134323",-1.3340547445367,1.66138828416866,29.592087187566,1.25935989273767e-07,4.08876075135894e-07
"ENSG00000228784",-0.970815580976974,-0.219677152358018,29.5810756944398,1.26577879388228e-07,4.10886751796018e-07
"ENSG00000155368",-0.599121570527153,7.57062093834979,29.5713056877732,1.27150165486928e-07,4.12670808329095e-07
"ENSG00000143554",0.653521191429466,4.78658364300375,29.5625143835923,1.27667356350595e-07,4.14275446441501e-07
"ENSG00000162419",-0.292351288122072,4.63161404150715,29.5619394638084,1.2770125269128e-07,4.14311520504639e-07
"ENSG00000276148",-0.616195896858241,-0.939545485436337,29.5553369383643,1.28091179008948e-07,4.15502472590467e-07
"ENSG00000146677",-0.765444946467542,0.590193490884322,29.5454030086571,1.28680115089522e-07,4.17338433175502e-07
"ENSG00000035499",-0.535223635699869,3.46311076631822,29.5277830426574,1.29731454860922e-07,4.2067315047432e-07
"ENSG00000123595",-0.424445474878687,5.00501880713563,29.5233334051764,1.29998322798068e-07,4.2146336810183e-07
"ENSG00000259020",-0.471535720331487,-1.21382078120342,29.5186227977323,1.30281446576594e-07,4.22305997208178e-07
"ENSG00000155111",-0.623805565685881,5.79764293596642,29.5164534253106,1.30412042680872e-07,4.22653997198806e-07
"ENSG00000229809",0.554384741123028,3.14811710898377,29.507163984187,1.30972763256136e-07,4.24395620542064e-07
"ENSG00000272768",-0.729665506048487,-0.403687061893713,29.5056208838675,1.31066141953616e-07,4.24622548958383e-07
"ENSG00000154310",1.12556942266992,4.77378208750499,29.5039112905163,1.31169674262312e-07,4.24882285927504e-07
"ENSG00000149716",0.633631269094081,4.52622979193771,29.5015699325577,1.31311600006286e-07,4.25266271530328e-07
"ENSG00000176024",0.484095983823143,3.17915296442364,29.4920811527146,1.31888369435059e-07,4.27058156183879e-07
"ENSG00000169738",0.696350395074672,6.12940678962903,29.4882446993,1.32122291461962e-07,4.27739451247805e-07
"ENSG00000273008",-0.593526034200277,-0.754006883039004,29.4867120880046,1.32215857226736e-07,4.27966188154453e-07
"ENSG00000245498",0.820567563272706,1.149578806834,29.4847418648307,1.32336237456939e-07,4.28279623997652e-07
"ENSG00000071462",-0.419889855589936,6.6378889774001,29.4838394539654,1.32391411525724e-07,4.28373080516431e-07
"ENSG00000074590",0.677242280498166,4.77139066819323,29.4834992141183,1.32412220071661e-07,4.28373080516431e-07
"ENSG00000235194",0.53802072533596,3.25390770522413,29.4775052615646,1.3277934306488e-07,4.29431250913769e-07
"ENSG00000166949",0.555780736696536,5.90144456965709,29.4773052690396,1.32791610091072e-07,4.29431250913769e-07
"ENSG00000132970",-0.885152292584859,2.68756302072541,29.4767170076022,1.3282769916626e-07,4.29431250913769e-07
"ENSG00000156127",0.944215847011165,3.31537527399271,29.4766184177316,1.32833748495759e-07,4.29431250913769e-07
"ENSG00000101489",-1.79849349984527,1.48513276410497,29.4726112042934,1.33079860823271e-07,4.30150436938626e-07
"ENSG00000166441",-0.580817581869765,9.46476282602925,29.4555565980612,1.34132469962629e-07,4.3347572204696e-07
"ENSG00000182985",-0.766581940047699,5.86917621820325,29.4478424824137,1.34611342292695e-07,4.34946010591496e-07
"ENSG00000149273",-0.634360132620989,10.2515744389007,29.4439192532294,1.34855548117263e-07,4.35657674805821e-07
"ENSG00000153774",-0.444591234703515,5.29165894747393,29.43764987881,1.35246721436461e-07,4.3684378786829e-07
"ENSG00000125868",0.464342427304894,9.0358351360091,29.4188654546635,1.36425636138697e-07,4.40573414433703e-07
"ENSG00000251611",0.781086121717472,-1.13363429771254,29.4124647894662,1.36829709342693e-07,4.41799885234316e-07
"ENSG00000162337",-0.590051700744309,6.55801327378592,29.4113225639829,1.3690194487567e-07,4.4195466336505e-07
"ENSG00000144802",1.14708247365721,5.15794612131964,29.4109381091103,1.36926266864675e-07,4.41954736776344e-07
"ENSG00000162408",-0.355636603956602,4.90912236251196,29.4063329794558,1.37217943219187e-07,4.42817592489454e-07
"ENSG00000185760",-1.30924250249369,2.39295651471557,29.4051708608679,1.37291647734026e-07,4.4297684743418e-07
"ENSG00000090975",-0.751052165561905,3.98948584905427,29.4029781323504,1.37430825048907e-07,4.43347258955217e-07
"ENSG00000185201",0.797045694613489,6.47116988511574,29.3771715953485,1.39079568512301e-07,4.48586485565123e-07
"ENSG00000160712",-0.780211093645302,4.4244369168445,29.3732971996368,1.39328816970987e-07,4.49310731040482e-07
"ENSG00000155115",-0.492033344964911,5.76517170279378,29.3629242045538,1.39998357530465e-07,4.51389846971121e-07
"ENSG00000170632",-0.365743728902426,5.65931791361849,29.3606025761907,1.40148654954943e-07,4.51794352414127e-07
"ENSG00000183773",0.761933285445344,0.484216619742317,29.3539651321868,1.40579248816371e-07,4.53102140257337e-07
"ENSG00000142409",-0.581475650588707,4.70509199816177,29.3518135196942,1.40719117866161e-07,4.53472593151974e-07
"ENSG00000211459",-1.17369507935248,10.4130624602711,29.3444209831744,1.41200753436791e-07,4.54944075023624e-07
"ENSG00000168116",-0.519941999165512,3.10764821149889,29.3389392831542,1.41558969529989e-07,4.56017452676485e-07
"ENSG00000153790",-0.651954172047596,2.01010201718567,29.3382366839105,1.41604949025586e-07,4.56084790663603e-07
"ENSG00000005189",0.50754426447007,3.45023383067287,29.3309730378925,1.42081181320677e-07,4.57537628516374e-07
"ENSG00000142207",-0.430643750963739,5.70544700579587,29.3235540414184,1.42569268703607e-07,4.59028121646522e-07
"ENSG00000197249",1.64463878951426,7.66001473345875,29.3114732595111,1.43367675827158e-07,4.61517042114045e-07
"ENSG00000226950",-0.714100452609139,5.19603076754551,29.304911141213,1.43803250693702e-07,4.62837289615476e-07
"ENSG00000111879",-0.877890031707072,2.69438237063234,29.2755767428538,1.45766783743123e-07,4.69074002604375e-07
"ENSG00000218014",1.12144469129411,-0.850039073958417,29.261520744304,1.46717211717324e-07,4.72048938035502e-07
"ENSG00000185900",-0.583545359351615,6.25107832435591,29.2549651057063,1.47162623552764e-07,4.73398266214657e-07
"ENSG00000145700",0.844160585093888,-0.36587426067441,29.2382110393125,1.4830716486051e-07,4.7699570547886e-07
"ENSG00000129472",0.365025870680268,4.63638994573468,29.2227819083798,1.49369144124279e-07,4.80326377887622e-07
"ENSG00000116133",0.815391424799367,9.37598638733754,29.2107444085946,1.50203009443758e-07,4.82922456383784e-07
"ENSG00000134258",-1.4618015306293,7.07044353392016,29.2092771879208,1.50304968094806e-07,4.83164856788323e-07
"ENSG00000174808",-1.04281848149518,2.46132254349925,29.2083574346414,1.50368918317989e-07,4.83285012611342e-07
"ENSG00000283897",0.765237112788609,-0.443230900051953,29.1997111777745,1.50971435344875e-07,4.85135771387382e-07
"ENSG00000183454",-1.9699052306625,1.86495682086996,29.195038600919,1.51298059466081e-07,4.86099471042055e-07
"ENSG00000164405",0.540804554156491,6.00223176564447,29.1931934116386,1.51427238998899e-07,4.86428580521365e-07
"ENSG00000134146",0.443748380629308,3.13820917981001,29.1854972224422,1.51967242393286e-07,4.880770271321e-07
"ENSG00000179862",-1.12006433436002,5.53056153817418,29.1771955012461,1.52551913444788e-07,4.89833860390585e-07
"ENSG00000274561",0.593927154383978,1.27045035701828,29.1769659577989,1.52568111893153e-07,4.89833860390585e-07
"ENSG00000132205",-0.60004121801548,4.33488733424312,29.170995236746,1.52990065162975e-07,4.91101889372432e-07
"ENSG00000134061",-0.713806897445184,3.44081269619729,29.1455943357853,1.54798369026989e-07,4.9681890521667e-07
"ENSG00000133393",0.355061213311595,5.69253647989852,29.1428258373317,1.54996759898614e-07,4.97367866802397e-07
"ENSG00000161981",0.520595345527779,5.35349719582948,29.1410417882838,1.5512474105347e-07,4.97690737392929e-07
"ENSG00000100647",0.433809517220895,6.68938443515335,29.1287828379842,1.56007044118978e-07,5.00433177854669e-07
"ENSG00000005059",-0.527643766048143,4.67970732127123,29.1196279725836,1.56669243475426e-07,5.02468735731098e-07
"ENSG00000138380",0.459892284826958,2.98075701135048,29.1052017363897,1.57718502919665e-07,5.05744733974413e-07
"ENSG00000279738",-0.521823500362141,0.832642942052423,29.0989777015625,1.58173382552626e-07,5.07113957670926e-07
"ENSG00000286808",0.584926770384804,-0.536753299936218,29.0907134633747,1.5877941733768e-07,5.08967226390152e-07
"ENSG00000140459",-1.16102635352836,0.0727531961527117,29.0883623601239,1.58952256977589e-07,5.09431480160069e-07
"ENSG00000273058",-0.62841787205541,0.671853947090389,29.0723312440966,1.60135848324579e-07,5.13134392059099e-07
"ENSG00000169213",1.36278308483225,3.09743814836069,29.0711974520338,1.60219893411142e-07,5.1331326781079e-07
"ENSG00000160111",-1.20151741629086,3.93679714796645,29.0620542013366,1.60899289170201e-07,5.15399131987957e-07
"ENSG00000127337",0.575718519025481,4.66024482049784,29.0573175876745,1.61252389848218e-07,5.16439243979467e-07
"ENSG00000074416",0.759426619535071,6.06385987709132,29.0558011488021,1.61365601215659e-07,5.16710837132114e-07
"ENSG00000131351",-0.480237714224141,3.6704905605898,29.0446957100032,1.62197139695935e-07,5.19282094136538e-07
"ENSG00000151876",0.468106861302095,3.67920623605352,29.0373076189812,1.62752731207647e-07,5.20969143823422e-07
"ENSG00000108559",-0.362543209933656,5.3818151771852,29.0310479773663,1.63224966029884e-07,5.22388823183448e-07
"ENSG00000082458",0.393157645725702,6.39655887616479,29.0284184607728,1.63423752395658e-07,5.22933006434241e-07
"ENSG00000266947",-0.89891526252583,0.781280658096558,29.0260950468196,1.6359960143741e-07,5.23403614941708e-07
"ENSG00000158796",-0.385180432585941,5.48193220953668,29.0253621040774,1.6365511430687e-07,5.23489134543326e-07
"ENSG00000196476",0.627338441751368,3.99687338135383,29.0111941413007,1.64731937442065e-07,5.26840949216861e-07
"ENSG00000163166",-0.304896807393879,5.95884474065808,29.0061957194826,1.65113543067251e-07,5.27968551565955e-07
"ENSG00000197813",-0.914480752031367,-0.67928023049109,28.9918836773496,1.66211144079371e-07,5.31384828355703e-07
"ENSG00000047932",-0.366655160696464,5.67775768256799,28.9862995819677,1.6664138814091e-07,5.32666707821944e-07
"ENSG00000157450",0.386526970890381,5.12054078099499,28.9844814078805,1.66781717619797e-07,5.33021591999449e-07
"ENSG00000088538",-1.33108302528433,2.43912368767641,28.9826600969779,1.66922408852061e-07,5.33377507414139e-07
"ENSG00000163362",-1.31295155829305,4.55641936052026,28.9808647346469,1.67061212934416e-07,5.33727268724955e-07
"ENSG00000225422",-0.755352591548715,-1.23506536794094,28.9722850313342,1.67726143095798e-07,5.35757479913307e-07
"ENSG00000044090",-0.512743822728036,5.77303741231246,28.9539851764364,1.6915333238806e-07,5.40221388845308e-07
"ENSG00000113716",0.313062764613253,5.98564287923609,28.9268284370591,1.71293899461201e-07,5.4696162981045e-07
"ENSG00000065989",0.816729078722512,4.53051839782913,28.9104675061869,1.72596696028906e-07,5.51024874034358e-07
"ENSG00000110934",-0.699863684143126,3.81516243307253,28.9006001396718,1.73387252503712e-07,5.53451623119957e-07
"ENSG00000104870",0.736396501710944,6.89146762911322,28.8801365948515,1.75038432353237e-07,5.58624145927473e-07
"ENSG00000087253",-0.634323639470929,4.66432586959249,28.8759597285515,1.75377405480845e-07,5.59607763313266e-07
"ENSG00000076770",-0.72723934139243,4.31196885221979,28.8723920951376,1.75667461283981e-07,5.60434973834948e-07
"ENSG00000184232",-0.561134954276766,4.8373873215836,28.8664499936097,1.76151641988852e-07,5.61881105663492e-07
"ENSG00000181830",-0.505951421021457,5.29532746725463,28.8605725224098,1.76631882243851e-07,5.63314163466801e-07
"ENSG00000065183",-0.420621421861645,6.08327751029032,28.8580749914078,1.76836352239183e-07,5.63867386838406e-07
"ENSG00000169740",-0.413734951536629,4.72125290787997,28.8558239684964,1.77020845705949e-07,5.64356729482873e-07
"ENSG00000100151",-0.482110401310277,4.4557232588151,28.8547919544711,1.77105494382036e-07,5.64527643151151e-07
"ENSG00000247317",-1.02226043447822,1.795706438568,28.8494103960945,1.77547567670353e-07,5.65837596072959e-07
"ENSG00000135801",-0.374241156799411,5.6803051478626,28.8413355548437,1.78212974700259e-07,5.678587217674e-07
"ENSG00000117298",0.541138132503953,7.84516723037317,28.8365475976441,1.7860871497188e-07,5.6902002240472e-07
"ENSG00000105523",1.60882258737645,3.0162518038524,28.8247395854372,1.79588483159151e-07,5.72041213957731e-07
"ENSG00000086991",0.733892935630205,3.32347186111509,28.8135445276173,1.80522403763639e-07,5.7491533525706e-07
"ENSG00000265681",-0.523614683917911,1.74360833153301,28.8127999084512,1.80584695503155e-07,5.75013032530003e-07
"ENSG00000104897",-0.466029429534786,5.91412529175689,28.8122382766431,1.80631693642796e-07,5.75062006647152e-07
"ENSG00000125827",-0.758841017787514,6.63653830305438,28.8025708110318,1.81442619853886e-07,5.77456190257196e-07
"ENSG00000070061",0.376276671654859,5.97116426288207,28.8025160360649,1.81447224946111e-07,5.77456190257196e-07
"ENSG00000118600",0.388610950275419,3.37677874096495,28.8018239460897,1.81505421150396e-07,5.77540342876733e-07
"ENSG00000197837",1.02220643020575,1.64540821704624,28.7991768077924,1.81728186718426e-07,5.78148025194111e-07
"ENSG00000161912",-0.8428825549512,2.15203231693697,28.7908071813168,1.82434337132641e-07,5.80293061169723e-07
"ENSG00000168246",0.376684479491206,5.62013025821303,28.7841621342676,1.82996956715141e-07,5.81980879303196e-07
"ENSG00000204435",-0.487666728056092,4.04906262393889,28.7812810706494,1.83241433446922e-07,5.82656502016192e-07
"ENSG00000169375",0.318318254090537,6.69217701672849,28.7690583462076,1.84282283476409e-07,5.85863690241029e-07
"ENSG00000102189",0.497290989910314,5.37355435636831,28.7528380721182,1.85672778341448e-07,5.90181141641778e-07
"ENSG00000272144",0.905058253969266,-0.688183456142029,28.7422167466271,1.86589035446199e-07,5.92989931276511e-07
"ENSG00000215784",-0.882216403337905,0.398646110894276,28.7240210727578,1.88169324948071e-07,5.97907701285031e-07
"ENSG00000129255",0.41406173271704,5.71172527756396,28.721659728759,1.88375395546323e-07,5.9845793785092e-07
"ENSG00000178567",0.484658094700472,5.60170916718436,28.7152472589443,1.8893615178495e-07,6.00134601583073e-07
"ENSG00000203879",0.39840651519983,7.50306853798291,28.7089480902337,1.89488641497478e-07,6.01784426672975e-07
"ENSG00000157895",0.3233940553404,3.95551305394099,28.7000400552341,1.90272736965932e-07,6.04169088676043e-07
"ENSG00000155463",0.345022990903527,6.75747624750609,28.6970498837131,1.90536669191298e-07,6.04901542896026e-07
"ENSG00000147905",-0.414530151636903,5.06431576926853,28.6953666919756,1.9068540138659e-07,6.05268076862008e-07
"ENSG00000101004",-0.601991531046714,4.25160634273577,28.6871988612963,1.91408803663327e-07,6.07458265752678e-07
"ENSG00000126368",0.69068027909962,4.14532199256523,28.6859547580255,1.91519233438978e-07,6.07702689774623e-07
"ENSG00000151632",-1.80875535607276,3.97064959903515,28.6762910039535,1.92379206764168e-07,6.10324962955989e-07
"ENSG00000058262",-0.368875113858421,8.93118604474777,28.6696857177364,1.92969251111715e-07,6.1209011845481e-07
"ENSG00000188243",-0.437336072822476,5.82585659700101,28.6679803294438,1.9312188856543e-07,6.12467464555891e-07
"ENSG00000227825",-1.11828053756779,0.508811489449094,28.6602891366584,1.93811790197787e-07,6.14548263618785e-07
"ENSG00000163281",0.431461551986309,4.29597931103272,28.6537164717145,1.94403331739632e-07,6.16316506480813e-07
"ENSG00000160766",-0.588934711884151,2.44130447786528,28.6430996195953,1.95362705179936e-07,6.19250066541072e-07
"ENSG00000100842",-0.817470132552777,5.16807555533264,28.6332528670204,1.96256763372523e-07,6.21975607635381e-07
"ENSG00000172262",-0.369498657824413,5.54429433245942,28.6238248787525,1.97116671124132e-07,6.24591988572424e-07
"ENSG00000100290",0.915743171495761,3.48988388933083,28.6190349310097,1.9755500926309e-07,6.25871887907522e-07
"ENSG00000280798",-0.456283318602522,3.45857068067692,28.5977702380971,1.99512903008458e-07,6.31964590720625e-07
"ENSG00000160233",-0.784936853333922,3.0461106857113,28.5948117465385,1.99786847292388e-07,6.32722127555973e-07
"ENSG00000187984",0.72032365167015,-0.302879744465386,28.5905099541437,2.00185853680558e-07,6.33875401591571e-07
"ENSG00000161513",0.743349284159796,4.07936823534315,28.579719442164,2.01190256552422e-07,6.36944888803385e-07
"ENSG00000215146",-1.13680197979332,2.43032983704925,28.5590177530359,2.03131483480614e-07,6.42978667167666e-07
"ENSG00000278834",0.755193810618933,-1.37721264920256,28.5492950270624,2.04049715050215e-07,6.4577278881735e-07
"ENSG00000130518",1.09378194652353,2.29352758770583,28.5430084210323,2.04645663743793e-07,6.47546160781508e-07
"ENSG00000175548",0.621779930226276,4.07218317608931,28.5355160469077,2.05358211492757e-07,6.49687797987522e-07
"ENSG00000163322",0.444408161910483,2.66696515824342,28.5294627065514,2.05935732343217e-07,6.51401582584074e-07
"ENSG00000254343",0.810666925266759,1.92030211515813,28.5108735082466,2.07719514073572e-07,6.56929668226416e-07
"ENSG00000183549",0.93737913894256,0.0609964308351953,28.5090293015581,2.07897329060879e-07,6.57377715743963e-07
"ENSG00000143157",-0.409919173861787,7.30006045642613,28.4971137515053,2.09049915563101e-07,6.60907329091202e-07
"ENSG00000183615",-0.588022795624423,2.00019687003074,28.4915574648207,2.09589577173779e-07,6.62498301987607e-07
"ENSG00000136149",-0.717859265340114,1.8518987546179,28.4784870854198,2.10864609280269e-07,6.66412773864386e-07
"ENSG00000261879",0.615563191019628,0.491920683942355,28.449905726983,2.13680120423874e-07,6.75193542437355e-07
"ENSG00000114767",-0.513367880862203,4.59495512639594,28.4446325519899,2.1420370766658e-07,6.76730421233239e-07
"ENSG00000165646",1.01479164506907,-0.84008037490892,28.4291642764535,2.15747080272632e-07,6.81487998610392e-07
"ENSG00000092148",0.406952092336203,7.40119276411971,28.4270731096362,2.15956589902921e-07,6.82031334807141e-07
"ENSG00000162885",-0.406531614215146,5.11644711107186,28.4193116525741,2.16735992272091e-07,6.84373997820276e-07
"ENSG00000211829",-1.09075921770782,0.716706438952451,28.4133400811421,2.17337588297323e-07,6.8615449678037e-07
"ENSG00000179222",-0.535045333602178,8.36877610390518,28.4104302229372,2.17631347958946e-07,6.86962679048476e-07
"ENSG00000121933",0.783956022290833,1.13735153017793,28.407495134489,2.17928060937303e-07,6.87779901497078e-07
"ENSG00000154710",-0.450191892106822,1.13388591620255,28.3964601827617,2.19047262810063e-07,6.91192160997472e-07
"ENSG00000158270",0.954644326872735,5.09452474995617,28.3893768781503,2.19768732643778e-07,6.93348431799659e-07
"ENSG00000167971",0.979314384177228,1.21128758902919,28.3848724032812,2.20228783728352e-07,6.94679347632894e-07
"ENSG00000182247",-0.589855161693138,4.73565008871312,28.3824217474742,2.20479482536988e-07,6.95349545410566e-07
"ENSG00000102858",0.329664149206649,6.50125985507845,28.3711634326453,2.21634901793295e-07,6.98872329025044e-07
"ENSG00000100453",-1.25706976957964,3.00231192965062,28.3672462443609,2.22038347738454e-07,7.00023135494368e-07
"ENSG00000129595",0.987740115361424,2.77990432853213,28.3606804099145,2.22716251967965e-07,7.0203868124668e-07
"ENSG00000198089",0.479989800073254,4.62047052635858,28.3486388111742,2.23964950715979e-07,7.05852456008009e-07
"ENSG00000263327",0.705843936869393,0.925825770139307,28.3482638176181,2.24003950402167e-07,7.05853057850764e-07
"ENSG00000272140",0.638089898748171,-0.750305431578836,28.3415415089719,2.24704241592504e-07,7.07937077097605e-07
"ENSG00000184005",-0.786934879092593,1.53230100558999,28.3378532827079,2.25089398579709e-07,7.09027707199123e-07
"ENSG00000196653",-0.821972027215389,2.27577222620304,28.3373121558803,2.25145963858581e-07,7.09083080633743e-07
"ENSG00000092820",0.477378120889916,8.71229281925227,28.3367611074438,2.25203581020721e-07,7.09141747161509e-07
"ENSG00000151322",-0.99143648681265,1.60285476660947,28.3073525929307,2.28300213856885e-07,7.18768268933534e-07
"ENSG00000134058",0.379510927361669,4.91300692223027,28.3043491472568,2.28618878605101e-07,7.19646965051848e-07
"ENSG00000179981",0.552199417341203,5.188931929049,28.2838908791008,2.30801479941349e-07,7.26391645124286e-07
"ENSG00000088756",-0.900435606112504,3.17615723481614,28.2742788245283,2.31834201950723e-07,7.29515651397879e-07
"ENSG00000130032",-1.36714230501991,0.389074734619973,28.2710192171081,2.32185473802253e-07,7.30494619878113e-07
"ENSG00000185272",1.20927593925178,1.51089745760627,28.2622857485263,2.33129288623828e-07,7.33337167327945e-07
"ENSG00000020577",-0.677037633741869,4.0997529149796,28.2596664350633,2.33413109115507e-07,7.34102996471182e-07
"ENSG00000278611",-0.874165552705467,-0.353319611346257,28.2511265275527,2.34340892390507e-07,7.36893525380106e-07
"ENSG00000163016",0.863140578120469,0.139126070376777,28.2402789116154,2.35524759641991e-07,7.40488215794042e-07
"ENSG00000012822",0.371750188024618,5.89579454667871,28.2339785587937,2.3621512713486e-07,7.42530371989083e-07
"ENSG00000155561",-0.428295742629938,6.94288588510718,28.2253666249621,2.3716209586457e-07,7.45378296109348e-07
"ENSG00000139537",0.609001530162455,1.10368422518709,28.2248246798322,2.37221816256973e-07,7.45437179350697e-07
"ENSG00000128011",-0.792465383861617,3.30130143077096,28.211809060028,2.38660662117137e-07,7.49829007183708e-07
"ENSG00000144837",1.11853626129555,2.12354325619101,28.2097160463286,2.38892861103639e-07,7.50428904620552e-07
"ENSG00000287620",0.670657455155026,-1.36236647755919,28.2068454713165,2.39211693866007e-07,7.51300688660841e-07
"ENSG00000131495",0.496500828073751,4.4337363799129,28.1956051492129,2.40464290303054e-07,7.5510437017126e-07
"ENSG00000225151",-0.785111726159516,-0.796434948529224,28.1897176041041,2.41123026739327e-07,7.57042225157066e-07
"ENSG00000172687",-0.74519730360655,3.39361943569448,28.1854731748658,2.41599051109936e-07,7.58405858057908e-07
"ENSG00000133937",1.11798893600562,0.264204084943847,28.1662900472882,2.43762358533249e-07,7.65064672476745e-07
"ENSG00000119888",-0.574761898992411,8.38620309679969,28.1574635984866,2.44764290709098e-07,7.68076763184451e-07
"ENSG00000160752",-0.437963999643934,5.59068243703964,28.1420537233928,2.46523519535017e-07,7.73436828697225e-07
"ENSG00000204323",-0.942228062289191,0.715169102296415,28.1417576846435,2.46557440773395e-07,7.73436828697225e-07
"ENSG00000240288",-0.708280541077912,-0.555698258682384,28.1407017251263,2.46678475005982e-07,7.73665730567323e-07
"ENSG00000116750",-0.388479222494186,6.02541595645827,28.1403789388806,2.46715484786149e-07,7.73665730567323e-07
"ENSG00000267309",-0.634173239603246,0.58587908602482,28.1376346929012,2.47030359059582e-07,7.74519594996668e-07
"ENSG00000185973",-0.440502776398998,3.44825548250856,28.1258336097687,2.48389045369943e-07,7.7864528734721e-07
"ENSG00000233330",0.618053207200115,-1.57964452557121,28.1232729858733,2.48684851098286e-07,7.79406312780897e-07
"ENSG00000223501",0.336335279377051,5.57529857128774,28.1229903850466,2.48717519209387e-07,7.79406312780897e-07
"ENSG00000151917",-0.775591715032747,1.81906052259968,28.1155718389505,2.49576640883131e-07,7.81963814708421e-07
"ENSG00000163251",-0.739855456923168,3.4551480248033,28.1115208850593,2.50047035402727e-07,7.83302700638098e-07
"ENSG00000236801",-0.63484284405444,-1.09227396698627,28.1075560108572,2.50508301502799e-07,7.846125344813e-07
"ENSG00000246731",-0.867341305663453,-0.902501533118313,28.1014010242731,2.51226064423036e-07,7.86725148024479e-07
"ENSG00000139926",0.63604147398871,6.01372724969774,28.0956854756858,2.51894442213064e-07,7.88682409187675e-07
"ENSG00000183597",0.392345403438941,3.12363774139073,28.0899210175641,2.52570358637559e-07,7.90662596024084e-07
"ENSG00000023734",-0.484386681155113,7.55342657141177,28.08828682631,2.52762310177632e-07,7.91127327053996e-07
"ENSG00000141447",-0.507624639468225,6.11859554416383,28.0797740703859,2.53764600962969e-07,7.94127763646675e-07
"ENSG00000023445",-0.97206426032171,5.6197519417442,28.0764254310471,2.54159968559194e-07,7.95228196826874e-07
"ENSG00000277972",0.762266489018983,5.18035082997415,28.0660237559091,2.55392047116924e-07,7.98945743543622e-07
"ENSG00000250479",-0.741585257924236,4.26835243289979,28.0493229487449,2.57382889384009e-07,8.05035252298601e-07
"ENSG00000235453",-0.431449510499098,1.13164547137431,28.0029863285691,2.62988975674772e-07,8.22428385414847e-07
"ENSG00000170348",0.354600697470068,8.61599559861774,27.9937346680241,2.64122984542318e-07,8.25832704633947e-07
"ENSG00000101224",-0.673376839142587,6.72237050046949,27.9920462715396,2.64330469573786e-07,8.26339391647992e-07
"ENSG00000141959",-0.496549432647506,7.62033255900945,27.9864634245875,2.65017711843804e-07,8.28345444752554e-07
"ENSG00000143641",-0.500482075661531,6.36701408840518,27.9842973986421,2.65284832897237e-07,8.29037893597068e-07
"ENSG00000135617",-0.529475466786376,4.10866514831313,27.9786829835429,2.65978486675157e-07,8.31062826945155e-07
"ENSG00000185332",-1.30300565719216,0.806227347772302,27.975904661914,2.66322422013812e-07,8.31994539949711e-07
"ENSG00000125753",-0.397340732325974,6.84227561755321,27.9562433601393,2.68769214967032e-07,8.39494157963314e-07
"ENSG00000163702",-0.535949834732721,5.21907569379789,27.9440228895613,2.70301446883156e-07,8.4413508171546e-07
"ENSG00000288675",-0.663218983280953,-0.931972963125583,27.9380924629577,2.7104819462077e-07,8.46321813521472e-07
"ENSG00000158445",-1.95333303626235,2.59229602928895,27.9371940555186,2.7116150192873e-07,8.46530277562604e-07
"ENSG00000276952",-0.639236624548865,-0.941912719744789,27.926260237178,2.72544317225125e-07,8.50701225620486e-07
"ENSG00000161904",-0.346173983147335,5.80993994680082,27.9041527922083,2.75362075894345e-07,8.59310798567861e-07
"ENSG00000253520",-0.762290106215456,-0.873490583075995,27.9038793601026,2.75397110449311e-07,8.59310798567861e-07
"ENSG00000105767",-0.65624735132368,5.34438071724589,27.8978912962825,2.7616548439743e-07,8.61560519763371e-07
"ENSG00000142102",1.14654873503623,5.85175662083463,27.8906899700098,2.77092409698128e-07,8.6430402119526e-07
"ENSG00000213315",-0.73701010520037,-0.761087879640473,27.8861157097886,2.77682821079944e-07,8.65997110734229e-07
"ENSG00000131669",0.522091775486431,6.56652764993326,27.885324268884,2.77785103232675e-07,8.66167573734938e-07
"ENSG00000261512",-0.557046296950574,0.938443114710844,27.8750329943619,2.79118569465435e-07,8.70176301240544e-07
"ENSG00000136942",-0.579300105181612,8.47627715171894,27.8609881015259,2.80948840620659e-07,8.75732221629572e-07
"ENSG00000121210",-0.531110364940831,5.13322385673752,27.8586599881392,2.81253399656075e-07,8.76531328468932e-07
"ENSG00000260448",-0.788311373607535,-1.06044248436977,27.8486530224262,2.82566292230077e-07,8.80472112914277e-07
"ENSG00000112343",-0.51137628672462,5.48639788711841,27.8471833031354,2.82759636913189e-07,8.8092365128076e-07
"ENSG00000211637",-2.00152812915344,5.08774904427606,27.8426724301322,2.83353886625562e-07,8.82623820850439e-07
"ENSG00000241685",-0.499558694819682,4.56873805869314,27.8343170765857,2.84457931579146e-07,8.859111060893e-07
"ENSG00000159958",-1.12737686759083,1.88552854760011,27.8301955617772,2.85004132234966e-07,8.87460222066351e-07
"ENSG00000174370",-0.661381843503398,1.74063322651678,27.820845656085,2.8624715211587e-07,8.91115671208268e-07
"ENSG00000106004",-0.970570844509447,1.4957910949223,27.8206287477137,2.86276053819546e-07,8.91115671208268e-07
"ENSG00000166783",0.298820292386418,6.61158713309986,27.8120520620762,2.8742120979465e-07,8.94527201188416e-07
"ENSG00000115616",1.71050017201089,2.81611322450984,27.8100178856472,2.87693490432628e-07,8.95221420699511e-07
"ENSG00000147124",0.370022793514579,4.04618330661276,27.7949594797676,2.89717222871905e-07,9.01364497022615e-07
"ENSG00000102103",-0.483140166274066,5.7092498367838,27.7888579461125,2.90541309268773e-07,9.03773787066948e-07
"ENSG00000155961",1.30147479281532,2.03904069649358,27.7881309776826,2.90639652923247e-07,9.03925103859099e-07
"ENSG00000246575",-0.651433793264058,1.15456192411452,27.7858162754227,2.90953007838964e-07,9.0474496607541e-07
"ENSG00000170260",-0.35347599571066,4.24768237530051,27.7792047999307,2.91849922929264e-07,9.07378871493583e-07
"ENSG00000132383",-0.356436753341646,6.99022044085173,27.7788269573682,2.91901265463124e-07,9.07383390231293e-07
"ENSG00000230979",-0.596251196520229,-0.440230897800134,27.7718026919516,2.92857409568607e-07,9.10200028235443e-07
"ENSG00000110395",-0.415438743232344,5.63532177388774,27.762000469857,2.94196979364712e-07,9.14207186175532e-07
"ENSG00000141985",-0.441390296175399,6.36284740522643,27.7553819384767,2.95104965144523e-07,9.16872071412468e-07
"ENSG00000186019",-0.72377854469878,-0.96152621231563,27.754783510699,2.95187201900366e-07,9.16970935638574e-07
"ENSG00000125633",-0.377863655339955,5.24610963889599,27.7495998971324,2.9590051042418e-07,9.19029795695866e-07
"ENSG00000064666",-0.571756838837749,6.93101005748197,27.7440434490043,2.96667057579123e-07,9.21253276976112e-07
"ENSG00000006062",-0.478153962634307,3.93601031646586,27.7407908928656,2.97116698623229e-07,9.22492064622618e-07
"ENSG00000108654",0.324646514464414,9.41581820717548,27.7385763655248,2.97423233929965e-07,9.2328618855064e-07
"ENSG00000126267",-0.485770465380099,7.42999274825107,27.7361910664104,2.97753764838187e-07,9.24154517897089e-07
"ENSG00000006025",0.548659993711995,3.19030941283848,27.7324707735191,2.98270026593071e-07,9.25598915487933e-07
"ENSG00000060749",-0.516431050151556,6.51143940178836,27.7316794801374,2.98379950225315e-07,9.25782076884686e-07
"ENSG00000182979",-0.408098270929196,5.45391537719791,27.7244083463009,2.99391947440866e-07,9.287635579148e-07
"ENSG00000164258",0.415354605885014,5.04216217183662,27.7215534761342,2.99790235760673e-07,9.29840519784299e-07
"ENSG00000214654",0.617560815253695,1.94106222635435,27.7188573158296,3.00166873535234e-07,9.30849973718471e-07
"ENSG00000128789",-0.354566106939976,5.99754588362975,27.7023481581594,3.02483552023278e-07,9.37874334162868e-07
"ENSG00000241170",-0.858104628459032,0.38742976379517,27.6979558415996,3.03102948055342e-07,9.39634637673524e-07
"ENSG00000167723",-1.3545759470702,1.6996669070414,27.696992351148,3.03238988864889e-07,9.3987407152026e-07
"ENSG00000118971",-0.877431753560224,5.42639424367955,27.6966769575502,3.03283534514647e-07,9.3987407152026e-07
"ENSG00000225492",-1.28560933401616,3.10896725081652,27.6754231989465,3.06300659508557e-07,9.49062418252407e-07
"ENSG00000173821",0.619548090611611,8.64455215966694,27.6671552083904,3.07482535299962e-07,9.52562144785506e-07
"ENSG00000100079",-1.03749549992252,1.4221909160752,27.6639800790862,3.07937630337092e-07,9.53809540287982e-07
"ENSG00000231925",-0.47982693391138,8.38722271243369,27.6634105390728,3.08019335115313e-07,9.5390016466496e-07
"ENSG00000159086",-0.35544508198148,5.1286242956043,27.6540087048428,3.09371267256059e-07,9.57923835351242e-07
"ENSG00000228302",-0.627173326625628,-0.125830628568298,27.650591717743,3.09864094845444e-07,9.59286494816839e-07
"ENSG00000160563",-0.346859312385959,4.18638465620659,27.6429465213215,3.10969625399892e-07,9.62545191758548e-07
"ENSG00000265519",0.652344747176022,1.18841139308734,27.6379098863394,3.11700122009163e-07,9.64642133589017e-07
"ENSG00000138829",-1.47787247325158,4.73592032969959,27.6337882150276,3.12299204763049e-07,9.66331734642792e-07
"ENSG00000204219",0.670554385477414,5.99235297999585,27.6095078097075,3.15852030328982e-07,9.77158824225809e-07
"ENSG00000196526",-0.542326886415786,3.6601341843026,27.6034973765608,3.16737791978482e-07,9.79732476276297e-07
"ENSG00000165807",0.990403579068239,0.244894264214825,27.6001792374113,3.1722786288111e-07,9.8108151166156e-07
"ENSG00000234741",-0.659022981015723,7.41253530916806,27.5989693679205,3.17406744432156e-07,9.81467845585185e-07
"ENSG00000239415",-0.652221515137935,1.20629662031241,27.5984564968267,3.17482604163754e-07,9.81535543860335e-07
"ENSG00000165475",0.526761857077627,4.24061175881959,27.5980864299028,3.17537352834902e-07,9.81537962841808e-07
"ENSG00000267221",0.661105273990951,1.3709288622005,27.5974968981644,3.17624589403018e-07,9.81640787096363e-07
"ENSG00000261366",-0.616295620813792,-0.980611586426855,27.5951831940313,3.1796719616223e-07,9.82532681583188e-07
"ENSG00000180008",0.365851351198519,5.05437261436867,27.5895126777423,3.18808449484136e-07,9.84964851234492e-07
"ENSG00000188060",-0.640468065769121,2.73460914753618,27.5870016735135,3.19181689059188e-07,9.8595050282074e-07
"ENSG00000165699",0.326459971356833,5.31424771055692,27.5853277093525,3.19430754858826e-07,9.86552312679968e-07
"ENSG00000197226",0.351462196177346,7.43895604684505,27.5713936612117,3.21511607059692e-07,9.92810375076686e-07
"ENSG00000177283",-1.06236498250731,4.23064649253784,27.5693660526028,3.21815540651241e-07,9.93580216154265e-07
"ENSG00000120063",0.44583258606438,7.08405284034477,27.5663995634981,3.22260733115682e-07,9.94785847574342e-07
"ENSG00000184271",-0.499517025579634,3.05815389727916,27.5582089638168,3.2349316062641e-07,9.98420771334319e-07
"ENSG00000068654",-0.34299384219026,6.49515956148076,27.5470172836477,3.2518485695562e-07,1.00347169635372e-06
"ENSG00000254854",0.79685194325127,-0.67667965471998,27.5449030233099,3.25505443459627e-07,1.0042905861991e-06
"ENSG00000198835",-0.806111699696559,0.381984910305599,27.5403445961666,3.26197726929244e-07,1.0062558102763e-06
"ENSG00000124920",-0.919258977219119,2.40225600195262,27.5302953681843,3.27729150228875e-07,1.0108085101514e-06
"ENSG00000171056",-0.682735808214947,1.97070701524073,27.5175070482112,3.29688495606133e-07,1.01667927400548e-06
"ENSG00000214193",0.709262671104729,3.79373557674093,27.5139855537813,3.30230111422045e-07,1.01817685481338e-06
"ENSG00000239559",-0.843263558740044,0.249764593377556,27.5124843394683,3.30461275581194e-07,1.01871689496115e-06
"ENSG00000042429",-0.399832488827909,2.30059076210577,27.5105429512233,3.30760462205715e-07,1.01946641020125e-06
"ENSG00000037042",0.510561149277058,3.81013780790225,27.5074523223309,3.31237322471602e-07,1.02076320249297e-06
"ENSG00000033122",-0.842139892736366,-0.153374967894137,27.5065551067914,3.31375885941487e-07,1.02101721387494e-06
"ENSG00000154269",-1.65801072431728,1.9352413497907,27.5034346617817,3.31858254851171e-07,1.02233027426035e-06
"ENSG00000272419",1.0455258401264,0.803899843239916,27.4973683867941,3.32798030666156e-07,1.02505174966233e-06
"ENSG00000169385",-0.798097383509498,-0.126910652409246,27.483204683623,3.35002723642835e-07,1.03166771717167e-06
"ENSG00000155096",0.480603924238736,8.45537217568597,27.4727076942226,3.36646176791644e-07,1.03655335423843e-06
"ENSG00000284634",-0.675446187823584,-1.08327541848142,27.4615520557277,3.38401678405121e-07,1.04178228280845e-06
"ENSG00000159346",0.343214405532741,7.72790860077044,27.4573922443679,3.39058649427015e-07,1.04362814618016e-06
"ENSG00000164692",0.833161835139408,11.9298060875732,27.4483701974935,3.40487957956263e-07,1.04785025030601e-06
"ENSG00000146858",-0.533830938209173,2.61179932250148,27.4349835169349,3.42619951940172e-07,1.05423307154252e-06
"ENSG00000177103",1.48622669831746,0.791913380040663,27.4216928529792,3.44749994265973e-07,1.06060772931487e-06
"ENSG00000068079",0.754946185029729,5.43468876796036,27.42126418607,3.44818917246056e-07,1.06064036307649e-06
"ENSG00000163947",0.522791963260399,5.47934873322947,27.4065529595635,3.47192708071767e-07,1.06776140926772e-06
"ENSG00000125775",-0.925286165989302,2.16162830362313,27.3924255513417,3.49487830931768e-07,1.07463815198428e-06
"ENSG00000137055",-0.394657812710483,5.95434766403542,27.3658401070183,3.53848512315894e-07,1.08786287052087e-06
"ENSG00000102763",0.496191467805502,5.0976692973627,27.3568226501904,3.55340050874679e-07,1.09226378997949e-06
"ENSG00000159210",0.437100507107007,4.83667254273795,27.3509039943156,3.56322480650349e-07,1.09509855999807e-06
"ENSG00000197013",0.465975137736273,4.24005841062004,27.3272080357286,3.60283300185498e-07,1.10708441692411e-06
"ENSG00000138944",-1.51303026755601,2.87383411908303,27.3266254540991,3.60381237830732e-07,1.10719830298401e-06
"ENSG00000273391",-0.763769167882765,-0.836818405058544,27.3197218412962,3.61543851880966e-07,1.11058260057609e-06
"ENSG00000197043",0.491334420813013,8.02690794303114,27.3185489910954,3.61741743771191e-07,1.11100284290956e-06
"ENSG00000138688",0.542907590625445,6.56646940560482,27.3054191353158,3.63964591907938e-07,1.11764105987195e-06
"ENSG00000152422",0.346949449837909,3.22299182045779,27.2794348091312,3.68404422681868e-07,1.13108366639734e-06
"ENSG00000165282",0.509866513955312,5.93053753332126,27.2748966678281,3.69185428646738e-07,1.13329022383576e-06
"ENSG00000119915",-1.32164325984954,0.497901379461457,27.2707597265345,3.69898845944443e-07,1.1352885943364e-06
"ENSG00000188315",0.380381647688195,2.62136043117273,27.2700240795789,3.70025854332243e-07,1.13548679578114e-06
"ENSG00000178741",-0.445358049272585,6.60040584900609,27.2694722036204,3.7012116383979e-07,1.13558767340049e-06
"ENSG00000275180",-0.624610991865333,-0.142888740914133,27.2519149431092,3.73166298050231e-07,1.14473749855585e-06
"ENSG00000111788",-0.615508809017024,2.07997905021167,27.2509281862451,3.73338190529826e-07,1.14507167105506e-06
"ENSG00000119630",-0.738508331059887,3.34281953825192,27.2386211653042,3.75488798047952e-07,1.15147365687003e-06
"ENSG00000162923",0.342761607809768,7.60901652952393,27.2330507650812,3.76466315043652e-07,1.15427669218037e-06
"ENSG00000132485",-0.31398576405604,6.20621863896236,27.23111680568,3.76806295095672e-07,1.15497922789333e-06
"ENSG00000250303",-0.862793658032263,1.02255275939834,27.2310249476534,3.76822450974214e-07,1.15497922789333e-06
"ENSG00000167110",0.331887709827743,6.8763211594842,27.2230569743216,3.78226514514463e-07,1.15908742139664e-06
"ENSG00000008513",0.789273645260534,7.41694817426332,27.2205162118637,3.78675341156791e-07,1.16026736943391e-06
"ENSG00000164111",-0.368181603801982,8.50469590209071,27.205785347726,3.81288176309315e-07,1.16807636023477e-06
"ENSG00000197261",1.31593947519095,4.16984077134467,27.1910227506744,3.8392491099906e-07,1.17595592476438e-06
"ENSG00000131730",-0.907540442348918,0.667019271217394,27.1841359333326,3.8516125233714e-07,1.17954417536755e-06
"ENSG00000283050",0.451343218660062,2.64435581941048,27.1795648326268,3.85984089352498e-07,1.18186508706115e-06
"ENSG00000100425",-0.349765943216885,5.58288145105661,27.1624249639965,3.8908525499608e-07,1.1911601780624e-06
"ENSG00000154358",-0.770360036442772,4.71411809799142,27.1502936929598,3.91295400736442e-07,1.19772479781124e-06
"ENSG00000140836",0.633754160564683,5.47511781466276,27.1489475950723,3.91541421057011e-07,1.19827618478629e-06
"ENSG00000128254",-0.551611666773478,-1.34126456928048,27.1318366497716,3.94682363123655e-07,1.20768553507622e-06
"ENSG00000170190",0.824622913905418,3.51822847532361,27.1267660065137,3.95618027043668e-07,1.21034494127338e-06
"ENSG00000187595",-0.994780428753133,2.41849836857975,27.1260532317449,3.95749731793721e-07,1.21054425191123e-06
"ENSG00000228158",-0.74458568980886,-0.657791539643803,27.1240878112506,3.96113126792251e-07,1.2114520851013e-06
"ENSG00000234171",-0.490560737110836,2.60857567867905,27.119115325958,3.97034016724318e-07,1.21406434031303e-06
"ENSG00000158106",0.766612054752825,5.4434068678147,27.1165547162087,3.97509077513874e-07,1.21531267470539e-06
"ENSG00000144736",0.34405398036761,4.6248067551791,27.1053468379238,3.99595201347099e-07,1.22148529783211e-06
"ENSG00000281383",-0.997870129730242,-0.330277391399529,27.0967202394958,4.01208400258855e-07,1.2262104493208e-06
"ENSG00000261659",0.601797686457045,1.01899761358791,27.0878783890477,4.0286867931452e-07,1.23107787959887e-06
"ENSG00000103037",-0.378245967533853,4.09225180266771,27.0836491180959,4.03665283017639e-07,1.23330491643286e-06
"ENSG00000149599",1.35002291740199,1.7606515888463,27.0791694251397,4.04510790241959e-07,1.23568059336929e-06
"ENSG00000053108",1.27932002745961,1.86523158877444,27.0778112535593,4.04767487809458e-07,1.23625710634398e-06
"ENSG00000196968",0.393718183954132,4.45474228943204,27.0767990738512,4.04958899118192e-07,1.23663405929511e-06
"ENSG00000104221",0.737575308892307,3.54091977769862,27.0666711991115,4.06879203518249e-07,1.24213751033008e-06
"ENSG00000171345",0.87864344860519,10.4255933230751,27.0665739052423,4.06897695543579e-07,1.24213751033008e-06
"ENSG00000178163",-0.62891250291297,5.16055287891357,27.0627495206971,4.07625244864611e-07,1.24396063297764e-06
"ENSG00000239887",0.822647489427593,4.98402998321104,27.0627156162171,4.07631700711828e-07,1.24396063297764e-06
"ENSG00000159314",-0.445167195618897,4.9053321283587,27.0449274033221,4.11033086608641e-07,1.25413014246569e-06
"ENSG00000035115",-0.536806338231089,6.1153081256897,27.0390034457394,4.12172192703911e-07,1.25739480726245e-06
"ENSG00000239665",-0.632801584332269,3.3023372307443,27.0304951141847,4.13813824451402e-07,1.26219115195742e-06
"ENSG00000177675",-0.910840539370073,3.06234051904407,26.9970943262516,4.20322419221589e-07,1.2818283301144e-06
"ENSG00000117395",-0.41263798359518,6.34981297683346,26.9964009639878,4.20458620299881e-07,1.28202873193868e-06
"ENSG00000241837",-0.44597801462733,4.71749725795543,26.9929612220986,4.21134967776783e-07,1.28387576163663e-06
"ENSG00000196455",0.32746764703416,5.70808829588948,26.9826420302438,4.23170604906979e-07,1.28986542015219e-06
"ENSG00000284968",0.439014754708997,0.305896167750293,26.9711564169558,4.25448029630493e-07,1.29658994016746e-06
"ENSG00000237017",0.745851967857994,-1.25140645695194,26.9705675942373,4.25565117413192e-07,1.2967294949759e-06
"ENSG00000070756",-0.535608173569428,11.2576053909242,26.9671709836906,4.26241171383278e-07,1.29857193050571e-06
"ENSG00000125650",0.436476413646788,1.67819217032334,26.9649467123238,4.26684473247832e-07,1.29970477297464e-06
"ENSG00000162913",-0.820894762600233,0.638397248800968,26.9637453517529,4.26924100558723e-07,1.30021693586103e-06
"ENSG00000121281",-0.68760334470707,3.6519407796025,26.9557547347313,4.28521398052954e-07,1.30486308183277e-06
"ENSG00000109084",0.588418589676066,5.79854358579566,26.9479938980395,4.30078542162801e-07,1.30938542431487e-06
"ENSG00000170606",0.384791520125192,7.64274512563649,26.9399559748901,4.31697307234602e-07,1.31409382828166e-06
"ENSG00000159658",0.341756501494534,7.31612874737315,26.9379467152839,4.32102914621442e-07,1.31510840213099e-06
"ENSG00000151304",0.36637966623963,3.86517346485172,26.9219252135898,4.35350964538714e-07,1.32477218387655e-06
"ENSG00000151789",1.288376318321,2.75091993560441,26.9206865640576,4.35603101543136e-07,1.32531770004459e-06
"ENSG00000152518",-0.557438072082238,6.58341637802352,26.9013438621085,4.3955965594264e-07,1.33713179834165e-06
"ENSG00000113407",-0.406011861515444,7.15596222602351,26.8869423376256,4.42529051325838e-07,1.34593952935023e-06
"ENSG00000245975",0.680692090858077,-1.12743763074431,26.8782710039769,4.44326725787091e-07,1.35118115509373e-06
"ENSG00000188486",-0.558476932771618,5.75057355621004,26.8773447594891,4.44519183251188e-07,1.35154043881187e-06
"ENSG00000235529",1.15803704098126,-0.810123775056128,26.8570199718186,4.48763583105661e-07,1.3642172905776e-06
"ENSG00000204624",1.34879777928485,0.598258507009163,26.853478624848,4.49507295339059e-07,1.3662497806863e-06
"ENSG00000112335",-0.405436923566589,7.24726921384925,26.8483626385712,4.50583894006561e-07,1.3692932103912e-06
"ENSG00000185420",0.54960087622674,4.95781688516133,26.834807022854,4.53449124292048e-07,1.37777024267019e-06
"ENSG00000242028",0.626878700830613,-1.37420071321969,26.8296983163662,4.54533713074038e-07,1.38083500474204e-06
"ENSG00000277050",0.874002841047524,-1.06657226290403,26.8264756143482,4.5521924687962e-07,1.38268665034177e-06
"ENSG00000221869",-0.843190925088152,5.08978729265254,26.8075178246449,4.59273148468654e-07,1.39476707703254e-06
"ENSG00000100401",-0.453946729345676,7.36983652259611,26.7947989525997,4.62013353176604e-07,1.40285456887747e-06
"ENSG00000167625",-0.311941823979038,3.92438200783631,26.7692739776414,4.67562491055821e-07,1.41946696500138e-06
"ENSG00000113460",-0.449193832229968,5.58746923507184,26.7653832298927,4.68414234783211e-07,1.421815437623e-06
"ENSG00000101017",-0.743787108021347,4.22608881678193,26.7437480451615,4.73179177203932e-07,1.43603919155433e-06
"ENSG00000196167",-1.66789465545033,2.14996835459155,26.7433615060069,4.73264752519874e-07,1.43605927908433e-06
"ENSG00000038219",0.392235314056353,6.14393754875566,26.7406657176604,4.7386200389611e-07,1.43763171423894e-06
"ENSG00000123975",-0.548444917815863,5.71208913716268,26.7387134618347,4.74295001092922e-07,1.43870538356872e-06
"ENSG00000127329",0.607491862319682,4.0836249202893,26.7327987474388,4.75609286302882e-07,1.44245150896729e-06
"ENSG00000196839",-0.582652303397267,3.39227520228734,26.7183585534879,4.78833461234772e-07,1.45198782809904e-06
"ENSG00000138207",-1.64264067818301,3.12801393932874,26.7150994899022,4.79564186547891e-07,1.45396123102734e-06
"ENSG00000102119",-0.371069315003807,6.18134314595681,26.7038138201132,4.82103299296256e-07,1.46141580126672e-06
"ENSG00000273117",-0.786049390011273,1.3124613520396,26.6964101574761,4.83776389275689e-07,1.46624312083756e-06
"ENSG00000229267",-0.812497882584654,0.00317846454901574,26.6924675477523,4.84669737877856e-07,1.4687059634326e-06
"ENSG00000281649",0.464909236527329,6.49735665559797,26.6871988816767,4.85866157227134e-07,1.47208623482377e-06
"ENSG00000186827",-0.74892477334113,1.98900329486496,26.684636779627,4.86449042295932e-07,1.4736067923515e-06
"ENSG00000125686",0.867983955003905,6.9351820031604,26.6826670407192,4.8689764342894e-07,1.47460681022814e-06
"ENSG00000154065",1.30618348510836,2.3942877030685,26.6824754160392,4.86941307578086e-07,1.47460681022814e-06
"ENSG00000165895",-0.67162635918761,3.70602559445069,26.6769570503266,4.88200436848695e-07,1.47817372155886e-06
"ENSG00000004975",-0.350838371736157,5.06247010405971,26.6740558286799,4.88863729195883e-07,1.47977541604905e-06
"ENSG00000188825",0.62409239034106,2.18008602291515,26.6739315935434,4.88892152795182e-07,1.47977541604905e-06
"ENSG00000140854",-0.40354968480694,4.50589645621921,26.6707743472224,4.89615055767083e-07,1.48171691086384e-06
"ENSG00000125637",0.42274309245721,6.22069747792387,26.663566390692,4.91269484150653e-07,1.48647635630212e-06
"ENSG00000047249",0.499338856673595,6.46294918450756,26.6585023256507,4.92435205817622e-07,1.48975574241698e-06
"ENSG00000083896",0.208898687216165,6.58988958132196,26.6492422194719,4.94574066132232e-07,1.49597756773874e-06
"ENSG00000121486",0.425983761562901,5.2177861430652,26.6473615639607,4.9500959725324e-07,1.49704598517491e-06
"ENSG00000172375",0.442056354414353,4.55895859297423,26.6428978274598,4.96044882324897e-07,1.49977407826158e-06
"ENSG00000161653",0.902935657066141,1.99158993592921,26.6427613040399,4.9607658097766e-07,1.49977407826158e-06
"ENSG00000154736",-0.799460386032471,3.85255174813336,26.6381999609261,4.9713683230598e-07,1.50272971679926e-06
"ENSG00000177169",0.408896815166779,6.09107797821574,26.6365470742729,4.97521598701972e-07,1.50364287756588e-06
"ENSG00000232434",0.760978086133579,2.0549729301491,26.6167029170302,5.02164566061542e-07,1.51742301504026e-06
"ENSG00000184347",0.857799801301696,5.12451555086912,26.6103320020125,5.0366444170361e-07,1.52170246938625e-06
"ENSG00000121350",-0.500590844309326,3.83567077964678,26.6068824347863,5.04478445450552e-07,1.52390864737662e-06
"ENSG00000181409",0.701602918033347,2.69993269936629,26.6033393850296,5.05315892069807e-07,1.52618489620818e-06
"ENSG00000234327",-0.66222175579994,0.515900820464877,26.5945237662528,5.07405679543996e-07,1.53224215499688e-06
"ENSG00000127580",0.47940011926676,3.76920243341465,26.5764712889921,5.117123980957e-07,1.54492451869729e-06
"ENSG00000260565",0.568546088465864,3.39099984919921,26.5762085165114,5.11775358761336e-07,1.54492451869729e-06
"ENSG00000235636",-0.5159435960009,0.554685396942227,26.5750873552388,5.12044078558835e-07,1.54547920690808e-06
"ENSG00000258818",0.879401170611592,-0.892885141953352,26.5739286614772,5.12321943916532e-07,1.54606131009688e-06
"ENSG00000125510",0.849205020106889,-1.29052699253216,26.5706184258484,5.13116608184904e-07,1.54820253312326e-06
"ENSG00000165309",1.47046339001577,1.14901815443318,26.5679017242465,5.1376971728049e-07,1.54991600893972e-06
"ENSG00000130764",-0.324600473220136,5.89184115780019,26.5672842439935,5.13918279814368e-07,1.55010707682649e-06
"ENSG00000175073",0.453778317416708,6.0645067321533,26.5560593074144,5.16626518979634e-07,1.55801743113938e-06
"ENSG00000197782",0.472742486249575,3.87650901551787,26.5530889225841,5.17345592770819e-07,1.55968209046032e-06
"ENSG00000112837",-1.0031369331906,2.92122148041717,26.5530706727151,5.17350013841387e-07,1.55968209046032e-06
"ENSG00000176912",-0.730868590276066,-0.104243385478792,26.5514213908339,5.17749713597821e-07,1.56062840419575e-06
"ENSG00000166788",-0.442540241954001,4.001469428674,26.5470395685122,5.18813154467253e-07,1.56357475616411e-06
"ENSG00000176182",-0.381351821929301,3.12454891938257,26.5155386555298,5.26523463821979e-07,1.58654883366371e-06
"ENSG00000245849",0.511964520875091,2.31055526797433,26.5136392995044,5.26992042336093e-07,1.58769774159497e-06
"ENSG00000169241",0.566535358944585,6.87235016390565,26.4988445891872,5.3065640551098e-07,1.59847278957166e-06
"ENSG00000165209",0.380168410841512,6.29069221058141,26.497250376986,5.31052794129234e-07,1.59940192409712e-06
"ENSG00000125841",0.506354060301225,5.83521115895941,26.4792504805277,5.35549139546325e-07,1.61267677981268e-06
"ENSG00000148296",-0.399518542267689,5.38933395572269,26.4752716928226,5.36548213401987e-07,1.61541779595354e-06
"ENSG00000175106",-0.592967961297269,1.18023504455364,26.4709216985054,5.37642651968667e-07,1.61844497749191e-06
"ENSG00000137500",-0.39148208491772,5.25728879167475,26.455054772056,5.41653849138816e-07,1.63024991033208e-06
"ENSG00000171017",0.672609552306502,0.383881417131777,26.453764081223,5.41981465551599e-07,1.63096606476712e-06
"ENSG00000103549",0.440348790981715,6.32564731138097,26.4498465470938,5.42977080759337e-07,1.63369183537648e-06
"ENSG00000146282",-0.340878219347268,5.39185537739685,26.445915874872,5.43977891920442e-07,1.63643233513877e-06
"ENSG00000186973",1.14562958085481,0.185653668972793,26.43840038628,5.45896644925386e-07,1.64193288868909e-06
"ENSG00000215375",0.614567095195626,2.75724313499873,26.4306010239755,5.47895102788844e-07,1.6474408916523e-06
"ENSG00000162757",-0.562265079614759,3.45646811120317,26.4305466607755,5.47909058368416e-07,1.6474408916523e-06
"ENSG00000123575",0.372724951128309,6.25307493487585,26.4295738345993,5.48158853340862e-07,1.64791954125018e-06
"ENSG00000101608",-0.395359333187124,7.7071059456803,26.415004888327,5.51913550389857e-07,1.65893301181469e-06
"ENSG00000107902",-0.490596612182418,4.57453670617541,26.4094726625237,5.53346107971112e-07,1.66296414603083e-06
"ENSG00000125124",0.38122936839685,5.1343102343495,26.4079554037178,5.5373965475904e-07,1.66387193800717e-06
"ENSG00000243678",0.660689459644088,0.0171736000893979,26.4047422207309,5.54574024328838e-07,1.6661037916242e-06
"ENSG00000259943",-0.440894638821263,2.73887007203222,26.3979451107537,5.56343222392569e-07,1.6711429444882e-06
"ENSG00000142002",0.393651552461277,5.99656045320799,26.3916766230654,5.57979880745743e-07,1.67578237632159e-06
"ENSG00000274372",0.8503449833152,-1.61017230011552,26.3898917818131,5.58446779368747e-07,1.67690771391097e-06
"ENSG00000231407",-0.796112138822112,0.528397281639362,26.3888339369898,5.58723688444581e-07,1.67746227227303e-06
"ENSG00000142657",-0.410900337106208,7.47340841111903,26.3878471915472,5.58982111075829e-07,1.67796115468678e-06
"ENSG00000138750",-0.324642905454303,5.45498743499616,26.3819756915089,5.60522320149862e-07,1.68230692390853e-06
"ENSG00000172037",0.569827375464093,7.81348743669971,26.358002149775,5.66855668311902e-07,1.7010346304664e-06
"ENSG00000204564",-0.384697060440659,3.95236958910157,26.3525792060821,5.68298303328905e-07,1.70508240530289e-06
"ENSG00000250132",-0.629125989904996,1.60664972075345,26.3424674018577,5.70998203114268e-07,1.71262277997191e-06
"ENSG00000205740",-0.782225240812657,0.021204543645011,26.3424613994015,5.70999809640954e-07,1.71262277997191e-06
"ENSG00000129038",0.691682025212073,5.34361911612441,26.3283637138126,5.74785611158044e-07,1.72369343705565e-06
"ENSG00000281398",-0.771723077266401,3.12806561477144,26.3148858967846,5.78428661776521e-07,1.73433242670481e-06
"ENSG00000196411",-0.528956910128943,7.09590175870625,26.3014526475166,5.82082878306674e-07,1.74500138299683e-06
"ENSG00000261338",0.546294459759682,0.840992786852128,26.2938601633368,5.84158551761887e-07,1.75093535587429e-06
"ENSG00000204588",-0.829916624522847,-0.0360649588833168,26.2908926831891,5.8497184818382e-07,1.7530841942276e-06
"ENSG00000095574",0.385033979471675,4.68683706341924,26.2904222375113,5.85100888104571e-07,1.75318203506523e-06
"ENSG00000048028",-0.390055003033419,5.01171355919815,26.2836187646095,5.86970250950504e-07,1.75849364590475e-06
"ENSG00000121579",-0.350530763072851,7.77462578180334,26.2766669211659,5.88886613914102e-07,1.76394429082175e-06
"ENSG00000184319",-0.449320526087929,2.89774131255231,26.2674335820499,5.91441676509264e-07,1.77130597931014e-06
"ENSG00000114790",0.658550324729369,4.77714983536472,26.2664171059608,5.91723640674839e-07,1.77185867247184e-06
"ENSG00000129480",0.497828627601384,2.19726790405239,26.2583433805704,5.93968070681891e-07,1.77828662873452e-06
"ENSG00000011465",0.822611918510892,8.90397221826095,26.2470961451149,5.9710905438976e-07,1.78739622798567e-06
"ENSG00000178498",0.490111452912974,4.6812160419611,26.2321880287235,6.01298280723757e-07,1.79964013983934e-06
"ENSG00000171634",0.53511979443721,7.13080752725326,26.2295184792134,6.02051560949363e-07,1.80159818863886e-06
"ENSG00000103423",0.320795093110395,6.40823817466671,26.2199699105498,6.04753740946421e-07,1.80938658337449e-06
"ENSG00000121152",-0.470824436029668,4.91257122011998,26.2171304499697,6.05559650101922e-07,1.81149982171937e-06
"ENSG00000204173",0.822624462133766,-1.45397908156453,26.2151058802229,6.0613493561364e-07,1.81292257999357e-06
"ENSG00000105339",-0.534393606774569,4.58178098812245,26.2057601854601,6.0879769882453e-07,1.82058739661633e-06
"ENSG00000155508",0.332561722158449,6.13088994210082,26.1925169284232,6.12591202134191e-07,1.83163057445613e-06
"ENSG00000174327",-0.60581472187322,2.56372564385956,26.1889481744747,6.13617542931322e-07,1.83439774339824e-06
"ENSG00000136518",-0.396447956695706,6.24337519955532,26.1683974550859,6.19561638379888e-07,1.85186311895701e-06
"ENSG00000223705",-0.553915165813449,3.31670931107741,26.1658374223511,6.20306166264741e-07,1.85378385672414e-06
"ENSG00000235823",0.588248403201959,3.86859368152005,26.1653119525535,6.20459099097665e-07,1.8539362731047e-06
"ENSG00000236756",0.644912797210775,-0.922909857715491,26.1506758694231,6.24734128812162e-07,1.86640347155644e-06
"ENSG00000149925",0.634620255687319,3.24342331115443,26.1488070028095,6.25282141300931e-07,1.8677338784663e-06
"ENSG00000272449",1.02615438771901,0.459323353908227,26.1453460402818,6.26298290926046e-07,1.87032741433976e-06
"ENSG00000231747",-0.878334258900009,0.213845120730556,26.1451494028097,6.26356074375604e-07,1.87032741433976e-06
"ENSG00000160932",-0.875950747471447,9.18074790219722,26.1383321238088,6.28362718577552e-07,1.87601134692851e-06
"ENSG00000115525",0.695480705462741,3.99251935246435,26.1370595036922,6.28738028982557e-07,1.87682377665103e-06
"ENSG00000140090",-0.854721884171348,-0.502572064714841,26.1219325802104,6.33216517159845e-07,1.88988218150694e-06
"ENSG00000224831",-0.426888317196861,-0.618291275396667,26.1200873623217,6.33765014633916e-07,1.89120887385753e-06
"ENSG00000171566",-0.307392161661227,5.89194517921865,26.1096570061438,6.36874512177857e-07,1.90017611999522e-06
"ENSG00000106804",0.652468220363452,3.10079824963492,26.0893834805384,6.42962622101672e-07,1.91802594239548e-06
"ENSG00000167562",0.412109674289836,3.58817260817498,26.0803496188077,6.45694382689711e-07,1.92576952498012e-06
"ENSG00000177602",-0.526062267123959,2.33408419783466,26.0800994557151,6.45770196440168e-07,1.92576952498012e-06
"ENSG00000159167",0.995909762963941,5.97771041848631,26.0789028416686,6.46132963469548e-07,1.9265354655056e-06
"ENSG00000162636",0.645631095504243,6.18766026655399,26.0782137757347,6.46341954978202e-07,1.92684272695354e-06
"ENSG00000170638",-0.522109662472201,5.09525689600527,26.0759374904152,6.47032830647127e-07,1.92858622153555e-06
"ENSG00000178607",0.538033180768229,5.34544766055633,26.0751605990329,6.47268795788767e-07,1.92897343237852e-06
"ENSG00000138286",0.389876728006336,4.57103120064894,26.0471563242414,6.55832834461719e-07,1.95417555589609e-06
"ENSG00000144649",-1.08303181705744,3.67276956238868,26.0343617413106,6.59783581167708e-07,1.9656255158523e-06
"ENSG00000165487",0.412348122682452,5.47842023985933,26.0138847468222,6.66156623731554e-07,1.98428704101368e-06
"ENSG00000278126",-0.543958593222235,0.143274254815114,26.0098602237646,6.67416467983331e-07,1.98771421642064e-06
"ENSG00000258366",0.626275942786279,-0.711353214444231,26.0022612870588,6.69801820825768e-07,1.9944917349671e-06
"ENSG00000198860",-0.364633939839741,5.74698548057264,25.9975849141874,6.71274042326648e-07,1.99854841739025e-06
"ENSG00000151461",-0.389354065560333,6.31623411381437,25.9842686096035,6.75484232541552e-07,2.01075404606641e-06
"ENSG00000266338",0.745588092692459,3.95147590699312,25.9815889470199,6.76334675407865e-07,2.01295615714584e-06
"ENSG00000128918",-1.17590362065362,1.19392691848829,25.9761175308426,6.78074496278839e-07,2.01780414566746e-06
"ENSG00000085377",-0.52150712054316,6.0245015315416,25.9692403528835,6.80267741598205e-07,2.02399962116607e-06
"ENSG00000147140",-0.28149393148513,8.8880681001831,25.967520263298,6.80817426114245e-07,2.02530378576478e-06
"ENSG00000104643",0.42619169635796,3.89354094905051,25.9661352962204,6.81260342516297e-07,2.02628996070097e-06
"ENSG00000177106",-0.616770331814461,6.30192957903554,25.9532614433097,6.85391392935973e-07,2.03824373033347e-06
"ENSG00000118557",-0.774322528649494,-0.703369295606357,25.9491968451805,6.86700918690698e-07,2.04180420290116e-06
"ENSG00000171659",0.722971261632074,2.76834737761986,25.9441674602838,6.88324777566812e-07,2.04629798208323e-06
"ENSG00000054803",1.0548251655091,-0.908189941965221,25.9385953881601,6.90128386785071e-07,2.05132457899115e-06
"ENSG00000180879",-0.487368490450194,7.64345700593365,25.9380873313106,6.90293075696396e-07,2.05147883345851e-06
"ENSG00000135763",-0.418510206847198,5.19067877589596,25.9117474882063,6.98885870410702e-07,2.07667639454825e-06
"ENSG00000152749",-0.517295626103734,5.0121161905901,25.9076252854273,7.00240394665288e-07,2.08036136853516e-06
"ENSG00000179057",0.704904165604508,0.240653326708533,25.9047650198269,7.01181814414756e-07,2.08281803700402e-06
"ENSG00000153714",1.04263330107223,5.46174551675504,25.9002093513817,7.02683895333316e-07,2.08693904120221e-06
"ENSG00000179277",0.692441209493218,1.65408193447997,25.8952428987873,7.04325122980385e-07,2.09135587302211e-06
"ENSG00000120875",1.11502218861541,6.66210025583853,25.8950134585969,7.04401037944437e-07,2.09135587302211e-06
"ENSG00000107819",0.444271357624973,5.72215727419035,25.8907133432856,7.05825349106298e-07,2.09524260642163e-06
"ENSG00000133477",-0.671610012695926,5.20416770926628,25.8800529639722,7.0936890796916e-07,2.10541803168131e-06
"ENSG00000144868",-1.19463110040812,2.80853144157774,25.8748232380347,7.11113859076349e-07,2.11025271151585e-06
"ENSG00000173825",0.73209952239214,0.247835955363021,25.8738122510948,7.11451685004455e-07,2.11091080699201e-06
"ENSG00000121766",-0.37030706220107,5.06322456729358,25.8666644394205,7.13844789464555e-07,2.11766580179111e-06
"ENSG00000110958",0.348465960666882,8.63822723554517,25.8604995158268,7.15915352039585e-07,2.12346190849575e-06
"ENSG00000100029",-0.459503635284696,6.59741877720569,25.8550544291324,7.17749194913514e-07,2.12855411007451e-06
"ENSG00000078098",0.748843721182557,5.08942545593237,25.8497073144942,7.19554660630035e-07,2.13356050986943e-06
"ENSG00000168924",0.416476536282414,6.37858642801313,25.8431549682572,7.21773333377458e-07,2.13979028320607e-06
"ENSG00000196951",0.593135418941988,-0.639925202188788,25.8385821019855,7.23325833506351e-07,2.14404339305957e-06
"ENSG00000141040",0.529661060668881,3.10649717607154,25.8210090298141,7.29323398948798e-07,2.16146879258281e-06
"ENSG00000197961",-0.475974814743313,5.65087929147339,25.8196237206861,7.29798326330526e-07,2.16252394253822e-06
"ENSG00000104043",-0.838880530654047,2.47505088847024,25.8123600623554,7.32293655303646e-07,2.16956458750003e-06
"ENSG00000125449",0.393835367722342,4.26754255645794,25.807306443755,7.34034839247851e-07,2.17430924368609e-06
"ENSG00000180263",0.615681310696722,5.31856836253491,25.807018386558,7.34134212968785e-07,2.17430924368609e-06
"ENSG00000186577",0.475746556528602,4.64330959078072,25.7942600036289,7.38549249122541e-07,2.18702926457844e-06
"ENSG00000004139",0.695313863922246,2.08649793373019,25.7930959158198,7.38953414602094e-07,2.18786988519988e-06
"ENSG00000196611",-1.53920160060186,5.59507631322344,25.791254121565,7.39593332907214e-07,2.18940812807884e-06
"ENSG00000198223",-0.664456940100935,3.45436884795395,25.7871086637085,7.41035691781898e-07,2.19332093769392e-06
"ENSG00000285763",-0.76670899284613,-0.268895772672393,25.7841732490239,7.42058750074762e-07,2.1959916281093e-06
"ENSG00000178078",-0.634896286828287,5.39522924954469,25.7833862661936,7.42333273856463e-07,2.19644665444955e-06
"ENSG00000164897",-0.516207276553317,4.99565746800017,25.7801608605678,7.43459466877892e-07,2.1991107125693e-06
"ENSG00000182010",-0.58164374513831,3.99939082947534,25.780115075444,7.4347546577901e-07,2.1991107125693e-06
"ENSG00000244716",-0.556921067751657,-0.296745728524166,25.7795880233258,7.43659661015438e-07,2.19929787228436e-06
"ENSG00000108509",0.369496674291037,4.95320458892822,25.7572591034379,7.51505718672359e-07,2.22214046678798e-06
"ENSG00000120913",-0.497405709521813,3.62082690722075,25.7559802944914,7.51957597457232e-07,2.22311521172824e-06
"ENSG00000101493",0.784335031768923,4.72642185428728,25.754303940049,7.52550368395494e-07,2.22450611090155e-06
"ENSG00000137404",-0.507042911817739,4.71771166328986,25.7539449462771,7.52677372530596e-07,2.22451999538292e-06
"ENSG00000203392",-0.720146418537016,-0.631684444257088,25.7459900457812,7.5549720546095e-07,2.23249117350508e-06
"ENSG00000150756",0.460017094579947,4.09252919076569,25.7439912850286,7.56207397415038e-07,2.2342267940521e-06
"ENSG00000282851",0.788182601476921,2.63251723564613,25.7412836068069,7.57170555111507e-07,2.23670912073544e-06
"ENSG00000166889",-0.358443063959935,6.29888910604698,25.7385138403267,7.58157080867222e-07,2.23925966008656e-06
"ENSG00000146966",-0.857277119226023,2.49657137300034,25.7311106741421,7.60800294018182e-07,2.24670169631477e-06
"ENSG00000185532",0.800796833264333,3.39387793280971,25.7283384007931,7.61792495907107e-07,2.24926654473352e-06
"ENSG00000155629",-0.639832634926556,5.05065400110316,25.7256716416322,7.62748167752577e-07,2.25172271953966e-06
"ENSG00000233901",-0.845938996263303,2.43319863406371,25.7210505854951,7.64407059319134e-07,2.25625374795463e-06
"ENSG00000149927",1.12816480557975,1.65873698161413,25.7195021342595,7.64963745669599e-07,2.25753052186251e-06
"ENSG00000163931",-0.558103359277679,8.16825051944311,25.7099045980521,7.68423321579438e-07,2.26737238366107e-06
"ENSG00000285632",0.940035836570651,-0.483893571458767,25.7027669686414,7.7100643337849e-07,2.27462530580502e-06
"ENSG00000011566",0.356009602674172,5.54127378134623,25.702133504411,7.71236107850988e-07,2.27493388413781e-06
"ENSG00000171766",0.881467474398203,4.65875473474973,25.7003462138648,7.71884496671534e-07,2.27647725400711e-06
"ENSG00000168275",-0.464164638917977,4.52317421014285,25.6781665468651,7.79976756864399e-07,2.29997037189522e-06
"ENSG00000181722",-0.967408887264978,2.75968864693653,25.6724137756353,7.820896217969e-07,2.30582688300243e-06
"ENSG00000166813",-0.743986240423426,2.82378468023392,25.6715242412893,7.82416843813353e-07,2.30641775612273e-06
"ENSG00000163320",0.314896434722527,6.74129271386089,25.6651504825695,7.84765529804383e-07,2.31296636786293e-06
"ENSG00000155011",0.835331546200342,1.80589887168515,25.6570880972322,7.87746670388586e-07,2.32137661066552e-06
"ENSG00000106853",0.580296396956105,5.19531268347934,25.653845114851,7.88949017191645e-07,2.32454312727712e-06
"ENSG00000182809",0.721797698743219,7.15280449669744,25.6449022142285,7.92274243644628e-07,2.33396241389836e-06
"ENSG00000144711",0.42085439212579,6.41262617825199,25.6396107295332,7.94248433618936e-07,2.33933385566465e-06
"ENSG00000105771",-0.336214178923334,5.35179904194341,25.6391569627137,7.94417959833225e-07,2.33933385566465e-06
"ENSG00000110328",-0.584701216138576,4.28374759324727,25.6389816579309,7.94483463076783e-07,2.33933385566465e-06
"ENSG00000125657",-0.954232675804265,0.844043813375224,25.6296845755092,7.97965180670393e-07,2.34920535869749e-06
"ENSG00000271420",0.826568646183253,-0.737367077075073,25.6262987850679,7.9923697070737e-07,2.35256870419577e-06
"ENSG00000247809",-0.869993548180727,0.00654375534478032,25.6226286664984,8.00617875035544e-07,2.35625208918228e-06
"ENSG00000163291",-0.478799026046972,4.09793546303969,25.6179044769123,8.02398929205105e-07,2.36111174961696e-06
"ENSG00000166523",-1.15585658646712,1.81330900418012,25.6146177626611,8.0364040552322e-07,2.36438235128701e-06
"ENSG00000106100",-0.408986638990034,3.39521895686979,25.6114625272675,8.04834044734927e-07,2.36751117671662e-06
"ENSG00000188312",0.564338090716216,2.76019788444191,25.607926445871,8.06173888460952e-07,2.37106899795081e-06
"ENSG00000143393",-0.348247462921558,7.03748985022389,25.5853812816845,8.14769546808282e-07,2.39591699193506e-06
"ENSG00000198355",-0.547418118724704,6.32804654157418,25.5850780762152,8.14885777001886e-07,2.39591699193506e-06
"ENSG00000232677",-0.591091379340171,5.89859527300809,25.577380454551,8.17842186381453e-07,2.40403153333982e-06
"ENSG00000279970",1.00081637395255,0.525133790354348,25.577204210926,8.17910002655972e-07,2.40403153333982e-06
"ENSG00000138246",0.318060951261443,6.48456706085617,25.5707480246164,8.20398180136281e-07,2.41095525938256e-06
"ENSG00000143067",-0.614959144956628,3.75822498475605,25.5694045395248,8.20916912213708e-07,2.41208995142858e-06
"ENSG00000196074",0.991135658582952,5.68989008283233,25.5689904973129,8.21076844552661e-07,2.41217019039312e-06
"ENSG00000176994",0.483889984213541,5.70305197313794,25.5634917837649,8.23203823756745e-07,2.41802828593147e-06
"ENSG00000101574",-0.384585686206986,4.03168129601005,25.5622900643574,8.23669406397226e-07,2.41900519353346e-06
"ENSG00000174547",-0.511104288796153,5.48195557459459,25.5590977962785,8.24907480633424e-07,2.42225012233786e-06
"ENSG00000147144",-0.348430092407154,4.61921321919884,25.557753835959,8.2542927816744e-07,2.4233910752719e-06
"ENSG00000163507",-0.516743658922236,4.29569225452553,25.5428804145981,8.31226254748502e-07,2.4400166432159e-06
"ENSG00000169100",-0.567662359378778,8.64306788082967,25.5405691152758,8.32130778722828e-07,2.44227765102643e-06
"ENSG00000109805",-0.50249539727944,5.0046014791904,25.5347372545056,8.34417492811314e-07,2.44859395922107e-06
"ENSG00000187398",1.57746563240291,0.328580199642281,25.5257397778274,8.37957928343054e-07,2.45858667538368e-06
"ENSG00000133519",-0.860053429592334,1.26436989198354,25.5252217767111,8.38162219126277e-07,2.45865484240561e-06
"ENSG00000037474",-0.374493394498105,6.67298419196773,25.5249953804093,8.38251521759247e-07,2.45865484240561e-06
"ENSG00000198805",-0.47314516349907,5.29695016962842,25.5133590388791,8.42854477395887e-07,2.47175705173757e-06
"ENSG00000267414",0.898898076262101,0.465914315961485,25.5061774535585,8.45708013326527e-07,2.47972551126598e-06
"ENSG00000237036",-0.538800065595484,2.40761360339535,25.5011742769671,8.47701745996466e-07,2.4848117798655e-06
"ENSG00000125505",0.450419551030833,6.88796561674142,25.5011387586795,8.47715916761901e-07,2.4848117798655e-06
"ENSG00000130023",0.41715322554287,4.27652687119109,25.4888499777467,8.52633178928461e-07,2.49882247153575e-06
"ENSG00000080561",0.491904349464081,4.83776113250914,25.4829821422858,8.54991304832234e-07,2.50532976515042e-06
"ENSG00000050165",0.691943115054297,5.50179992370823,25.4811036527535,8.55747611066873e-07,2.50714200226873e-06
"ENSG00000100368",-0.824938049711983,4.57799929761987,25.4796101317383,8.56349405918575e-07,2.50850104603753e-06
"ENSG00000074706",-0.856421511991446,1.82631776190118,25.477887597813,8.57044009548544e-07,2.51013147273252e-06
"ENSG00000123992",0.394320576114455,6.58181481851978,25.4769193537901,8.57434699253492e-07,2.51087140718443e-06
"ENSG00000171729",-0.46375987589651,4.29458838070088,25.471372580451,8.59676311666699e-07,2.5170303858007e-06
"ENSG00000164674",-0.522642941771496,3.09116244876463,25.4665060054075,8.61647912345672e-07,2.52239694668326e-06
"ENSG00000174136",0.532972671750565,3.30483569815992,25.4655528575377,8.62034596858239e-07,2.52312282710937e-06
"ENSG00000184863",-0.261477574044249,5.69420524931071,25.4642477411502,8.62564356630573e-07,2.52426717914672e-06
"ENSG00000248858",0.791330115149909,-0.648540530602044,25.4594640859841,8.64508904074485e-07,2.5295508280738e-06
"ENSG00000161202",-0.286747002847047,7.19939368533804,25.4585751165705,8.64870756335302e-07,2.53020256011364e-06
"ENSG00000078114",0.736139887541556,7.19607700954849,25.4578509634372,8.65165633739171e-07,2.53065817729946e-06
"ENSG00000280007",-0.653609338354676,-0.0872120432341224,25.438710553875,8.72996603820963e-07,2.55315359869684e-06
"ENSG00000120708",-0.803595543357225,7.88354352843536,25.4349123099862,8.74559086153282e-07,2.55731200304757e-06
"ENSG00000247095",-0.800027862755209,2.04210913575784,25.4320350175918,8.75744597723717e-07,2.56036694155264e-06
"ENSG00000204632",-1.02060443057208,2.30811894184356,25.4230418155455,8.79460486066142e-07,2.57081763429299e-06
"ENSG00000204387",-0.607565885180298,3.11731676509687,25.416346248059,8.82237360434131e-07,2.57852050643998e-06
"ENSG00000197756",-0.472048328692508,9.41967518613545,25.4123207483829,8.83911131532032e-07,2.5829973747276e-06
"ENSG00000179855",-0.664043275114482,2.60715871741581,25.4024704354569,8.88020358455642e-07,2.59458863929176e-06
"ENSG00000166147",0.788938670331538,8.06377122514368,25.3873482344247,8.94366440162559e-07,2.61271069927347e-06
"ENSG00000087088",-0.411430248806299,5.5501378370741,25.374602662079,8.99750737612885e-07,2.6280177317654e-06
"ENSG00000131242",0.5769889144678,5.75119653275364,25.3697983325975,9.01788789725233e-07,2.63354760878653e-06
"ENSG00000109475",-0.463913662345397,8.56719496903957,25.368825657331,9.02201977267885e-07,2.63433128311901e-06
"ENSG00000140299",-0.302742770492037,5.87531232534151,25.3672380148023,9.02876810773783e-07,2.63587856089142e-06
"ENSG00000153898",-0.762065082792184,2.61254072796979,25.3646606228424,9.03973427285821e-07,2.63865650705738e-06
"ENSG00000120693",-0.710080174287138,2.3351765770969,25.3553233839384,9.07957472904322e-07,2.6498604809345e-06
"ENSG00000273314",-0.515517492626274,1.67128482177184,25.3549159966471,9.0813170169703e-07,2.64994374947306e-06
"ENSG00000163257",0.389095318857887,5.60313627025634,25.3524600651679,9.09182754685908e-07,2.65258516878847e-06
"ENSG00000170899",-0.743145009813634,4.7845777860784,25.350564093812,9.0999500493051e-07,2.65452913386946e-06
"ENSG00000158122",-0.436299792946622,3.90614096467005,25.3447225225418,9.12502196339215e-07,2.66141596328057e-06
"ENSG00000233184",-0.513534081305648,2.31919781779026,25.3403445717829,9.14385779252442e-07,2.66648205115334e-06
"ENSG00000133030",-0.352545293048567,6.96161717750442,25.3360396684419,9.16241764880376e-07,2.671466049959e-06
"ENSG00000215305",0.366509608894059,4.98981945120276,25.3320824005306,9.17951231110001e-07,2.67602131614501e-06
"ENSG00000245317",0.577052372061629,-0.119199462529476,25.3262611450638,9.20471764307487e-07,2.68293917455522e-06
"ENSG00000172985",-0.636246829337972,2.9291840268622,25.3232784861479,9.21765927852274e-07,2.68608207940471e-06
"ENSG00000143614",-0.343066034870385,6.43361619237417,25.3230954387122,9.2184541124061e-07,2.68608207940471e-06
"ENSG00000249846",0.854527469316769,0.0795300542928899,25.3227379852434,9.22000645689043e-07,2.68610407557141e-06
"ENSG00000176623",0.427761845070536,5.84148903977884,25.3103323323882,9.27404554372783e-07,2.7014148038008e-06
"ENSG00000143126",0.782949673552963,7.35818867819556,25.3088083986061,9.28070584096562e-07,2.70292198295409e-06
"ENSG00000115159",0.497767199954979,6.64726889387191,25.298025173748,9.32797183134605e-07,2.7162528285066e-06
"ENSG00000111615",0.405230904434949,5.39892819619748,25.2943424485899,9.34416993929696e-07,2.72053406204471e-06
"ENSG00000163754",-0.361730615530899,6.10673078530744,25.278944292887,9.4122056672185e-07,2.73990391605906e-06
"ENSG00000135535",0.456383651934881,8.82109591782057,25.2732097924091,9.43767090319793e-07,2.74687723455535e-06
"ENSG00000228782",0.501576329776034,1.00076847774059,25.2636382558338,9.48033046431946e-07,2.75885200776068e-06
"ENSG00000161542",-0.417392522007661,6.03113676413803,25.2560181579219,9.51443188773867e-07,2.76833286152921e-06
"ENSG00000137218",-0.437395636110857,2.51027967484778,25.2552135669097,9.51803981620059e-07,2.76893967013846e-06
"ENSG00000149084",-0.47982707098828,5.34312353058508,25.2419671337731,9.57763829650158e-07,2.78583216594868e-06
"ENSG00000088726",-1.37347687364437,2.34374045034778,25.2237509961366,9.66021287388987e-07,2.80940121122976e-06
"ENSG00000120451",0.410519580720214,6.64983355509125,25.222011368673,9.66813621732596e-07,2.81125597954795e-06
"ENSG00000183840",1.11480475385347,1.23926878991361,25.2179267248624,9.68676604135038e-07,2.81622283823658e-06
"ENSG00000213160",-0.613868556685145,4.51244294702728,25.205652509745,9.74296658815025e-07,2.83210925851489e-06
"ENSG00000163689",0.704333286142034,2.5734654765505,25.1957608322523,9.78849776331512e-07,2.84488969829299e-06
"ENSG00000108010",-0.345087538089714,5.87431581350673,25.1940084758063,9.79658621147353e-07,2.84678558898036e-06
"ENSG00000220323",0.768942368712558,1.92712139732699,25.18943128319,9.81774528472271e-07,2.85247845428972e-06
"ENSG00000163686",0.562611452570769,2.77413895443078,25.187869176642,9.82497702776684e-07,2.8541236572596e-06
"ENSG00000137547",-0.521297532536481,6.35976143564794,25.1827408347868,9.84875645399045e-07,2.86025966646737e-06
"ENSG00000278845",0.517621196149814,5.60928269473561,25.1826356656908,9.84924471689308e-07,2.86025966646737e-06
"ENSG00000102384",-0.511256491746401,3.48211172601916,25.1789369215031,9.86643224324009e-07,2.86479357662916e-06
"ENSG00000124783",-0.342585514875912,8.02450217140231,25.1710355346328,9.90325043276802e-07,2.87502504183854e-06
"ENSG00000121966",-0.719138408656371,6.91506582064135,25.1547558461814,9.97954739245658e-07,2.89671254347271e-06
"ENSG00000272841",0.701375363584767,1.94578588711953,25.1426159974137,1.00368288076151e-06,2.91287445911765e-06
"ENSG00000288573",-0.558974320118966,-0.917133333364204,25.1344887069045,1.00753626695105e-06,2.92359119708132e-06
"ENSG00000122644",-0.640758187788475,4.17973430285325,25.1312108599651,1.00909461728419e-06,2.92764601996567e-06
"ENSG00000118507",-0.610266174363671,3.10263854527783,25.1253944393883,1.01186585121191e-06,2.93521787908168e-06
"ENSG00000260852",0.729564927515624,2.40400375630999,25.1247347173921,1.01218066099742e-06,2.93566287070979e-06
"ENSG00000161558",0.365150984555988,2.49666561052781,25.1207716686134,1.01407385453086e-06,2.94068483198458e-06
"ENSG00000125846",-0.426182870612922,4.17624138872132,25.1138964847828,1.01736670027866e-06,2.94944364943684e-06
"ENSG00000163807",0.320648108042758,5.20315224995227,25.1137883072407,1.01741859778792e-06,2.94944364943684e-06
"ENSG00000057294",-0.781535713235551,4.98570742266628,25.1081098746237,1.02014654984842e-06,2.95688054958455e-06
"ENSG00000094880",0.300242362109407,5.49416665599899,25.1065761501794,1.02088462689442e-06,2.95854837379791e-06
"ENSG00000124444",-0.339890047396764,3.60461265881583,25.0950439027665,1.02645162145184e-06,2.97420775704414e-06
"ENSG00000099246",0.396623236727473,7.03605065481274,25.0787144022539,1.03438692095003e-06,2.99672337021967e-06
"ENSG00000111203",-0.449070212483266,4.62436902617324,25.0782003045821,1.03463775007319e-06,2.99697267054166e-06
"ENSG00000279031",0.684543099224763,-1.29762793511185,25.0699459283029,1.03867350025765e-06,3.00818369787996e-06
"ENSG00000125875",0.356382575493082,6.00445608165739,25.062227681709,1.04246151456674e-06,3.01867378234993e-06
"ENSG00000145103",0.587736258665734,3.74293847247034,25.0578850001871,1.04459897943555e-06,3.02438176344695e-06
"ENSG00000226360",-0.653565686420745,0.376584260148408,25.0566906015895,1.04518763773963e-06,3.02560444934083e-06
"ENSG00000104892",-0.844698112500395,2.30415872573217,25.0474722302079,1.04974219561843e-06,3.03830538731828e-06
"ENSG00000250982",-0.932498483026533,0.906273184836135,25.0448056579675,1.05106341562917e-06,3.04141274122327e-06
"ENSG00000180447",-0.79425734303538,4.85774143901204,25.0446305501752,1.0511502359429e-06,3.04141274122327e-06
"ENSG00000111843",-0.370129900858793,6.7442704929884,25.0423372080467,1.05228796863971e-06,3.04422038708748e-06
"ENSG00000133401",-0.813637693325508,4.60467492046707,25.0399573903261,1.0534699177369e-06,3.0471550355914e-06
"ENSG00000272370",0.620102079121717,-1.82720870785944,25.0260827362789,1.0603875975246e-06,3.06667667733781e-06
"ENSG00000091947",0.906921255052065,5.45516348059831,25.0238889425197,1.06148558290897e-06,3.0693640352859e-06
"ENSG00000129055",0.341295637123785,5.80968457524642,25.0192887101919,1.06379171335019e-06,3.07554342432256e-06
"ENSG00000076555",0.75809256204461,4.40294444668693,25.0096337062977,1.06864831522502e-06,3.08909338164537e-06
"ENSG00000088882",-0.94912244649199,4.97535359399281,25.0073584901021,1.06979603896949e-06,3.09191964989306e-06
"ENSG00000115808",-0.369096203639388,6.26461577532089,25.00597692741,1.07049357048661e-06,3.09344408325557e-06
"ENSG00000116918",0.372020507456955,5.714630692931,25.0016150890216,1.07269881857311e-06,3.09932424340075e-06
"ENSG00000135766",-0.624375571832424,2.044194275736,25.0003651509839,1.07333160514074e-06,3.10065998003489e-06
"ENSG00000286555",0.633708451735093,-0.246566186155493,24.9931777240038,1.07697759881144e-06,3.11069851789462e-06
"ENSG00000188313",-0.607488142644048,6.25860203741379,24.9825975027143,1.08236745215195e-06,3.12576996185132e-06
"ENSG00000206077",1.30673445164118,1.43988604751925,24.9795903565186,1.08390434314542e-06,3.12971141341942e-06
"ENSG00000163001",0.355283524508665,5.32399879427303,24.9760686062057,1.0857070415698e-06,3.13441899556691e-06
"ENSG00000143375",0.711083290042785,6.63172072854102,24.9616370818955,1.09312588861775e-06,3.15533624221228e-06
"ENSG00000173163",-0.34624116760168,4.53906383042477,24.9553522264147,1.09637275102184e-06,3.16420621954702e-06
"ENSG00000071655",-0.428737154144619,5.27269840147332,24.9508619096112,1.09869849150177e-06,3.17041538369574e-06
"ENSG00000149792",0.332513311630424,6.30061172697226,24.9486214319487,1.09986080105908e-06,3.17326590254799e-06
"ENSG00000134108",0.359390798258779,7.11740640394911,24.9466592035371,1.10087978173536e-06,3.17570205712969e-06
"ENSG00000263528",-0.564030915646878,4.46501833057106,24.9293131811609,1.10992912400005e-06,3.20129890696368e-06
"ENSG00000163701",-0.880569056578207,4.57194390613747,24.9280052879532,1.11061448592497e-06,3.20276776121823e-06
"ENSG00000248896",-0.708056050942302,-1.57209833112302,24.9230647930267,1.1132072640422e-06,3.20973584629034e-06
"ENSG00000175309",0.430809576789291,4.4735816007689,24.9117800796598,1.11915246117872e-06,3.22636629638906e-06
"ENSG00000104805",-0.404028125016771,7.88528071820948,24.9070827951398,1.12163660902805e-06,3.23301531616517e-06
"ENSG00000161036",-0.41571578171874,4.34495884924039,24.901132761138,1.12479127133072e-06,3.24159461938886e-06
"ENSG00000067829",-0.392231286994796,5.75890466257553,24.8958914313146,1.12757761105693e-06,3.24910988433197e-06
"ENSG00000165816",1.273753651508,4.69963446195472,24.8890810624714,1.13120848875666e-06,3.2590559153344e-06
"ENSG00000255026",1.45193351358908,1.99867558364271,24.8877334331979,1.13192836240517e-06,3.26061340757447e-06
"ENSG00000115425",0.572821903072193,3.37416702338222,24.8695779952022,1.1416718449901e-06,3.28815954341725e-06
"ENSG00000174010",-0.484617452096459,4.07158950381273,24.8685339930953,1.14223469984361e-06,3.28900033461308e-06
"ENSG00000276966",-1.31896992467272,1.55131975569839,24.8683657327386,1.14232544060649e-06,3.28900033461308e-06
"ENSG00000085741",-1.45620797241484,2.77484654498893,24.8626088944589,1.14543442547263e-06,3.29742977690664e-06
"ENSG00000159208",-0.851651915789401,3.78337957292949,24.8581206761155,1.1478642218227e-06,3.30390164053033e-06
"ENSG00000116675",-1.048441154399,3.26394478442343,24.847694277247,1.15352890712472e-06,3.31935728693557e-06
"ENSG00000175414",-0.63499598166304,3.53169541952907,24.8475657101321,1.15359893395204e-06,3.31935728693557e-06
"ENSG00000205726",0.393230483540995,5.42701101600966,24.8363625167773,1.1597175185855e-06,3.33643502499733e-06
"ENSG00000113108",0.481545539708667,3.28812790990692,24.8225309944485,1.16731681394106e-06,3.35776660002531e-06
"ENSG00000215788",-0.681853230979824,2.93794685256299,24.8169046182777,1.17042242921122e-06,3.36616747983772e-06
"ENSG00000171714",1.47911853769111,1.92894749801874,24.8154366679985,1.17123407257996e-06,3.36796921930187e-06
"ENSG00000224420",-0.87470406756104,-0.321642972801315,24.8055137475177,1.17673548485589e-06,3.38325403075545e-06
"ENSG00000124429",1.5647233278033,2.99458694054992,24.8042516435538,1.17743708309816e-06,3.38473615732406e-06
"ENSG00000172428",0.514539395487601,5.23391952306445,24.8034011608286,1.17791010122288e-06,3.38556082823036e-06
"ENSG00000288559",0.612628709532324,0.603206297042123,24.7919508102531,1.18429724027113e-06,3.40338097741371e-06
"ENSG00000134245",-0.675437949705633,1.68988466938943,24.7848253561102,1.18828955641173e-06,3.41431444739596e-06
"ENSG00000215114",0.434289506891868,5.98838097424768,24.777142491702,1.19260942284994e-06,3.42618546561281e-06
"ENSG00000134265",0.355227201263785,5.27146514529059,24.770755474991,1.19621274748703e-06,3.4359945437925e-06
"ENSG00000181938",-0.41485733165618,3.55942499285913,24.7685974812526,1.19743269469157e-06,3.43895560572403e-06
"ENSG00000127452",-0.354705058237836,4.07578473239338,24.7653885513375,1.19924907752598e-06,3.44362838996567e-06
"ENSG00000167548",0.424634480911748,6.85707146803003,24.7623037967697,1.20099779687407e-06,3.44810543481384e-06
"ENSG00000196550",-0.620143554940906,1.40490161019327,24.7503826215411,1.20778005856505e-06,3.46703025649954e-06
"ENSG00000198580",-0.804670804374111,-0.596441334657207,24.7497734569377,1.20812766547567e-06,3.46748082368178e-06
"ENSG00000129691",0.665767451719274,6.61279683273773,24.7417637462507,1.21270765275057e-06,3.48007680470612e-06
"ENSG00000113391",0.380753611186674,4.60503143339304,24.7401019972611,1.21366004352094e-06,3.48226043091321e-06
"ENSG00000142408",1.14809287963659,-0.397160298371628,24.7290250970998,1.22002783825978e-06,3.49997891518437e-06
"ENSG00000169446",-0.389796847646225,5.53781836702417,24.7274038068381,1.22096270023794e-06,3.50210843588199e-06
"ENSG00000100577",0.53885975337273,4.38271818833021,24.725544589553,1.22203564583743e-06,3.50463329020675e-06
"ENSG00000129422",0.673989194096259,6.20528098969508,24.7244462468726,1.22266994190894e-06,3.5058995591108e-06
"ENSG00000139514",-0.574848497499309,6.5562195661177,24.723272522091,1.2233481391018e-06,3.50729129161154e-06
"ENSG00000158411",-0.332772975053384,3.97740537815088,24.7116456462609,1.23008690555549e-06,3.52605526213448e-06
"ENSG00000164850",1.32478235819049,2.67497194463601,24.7047192704359,1.23411914804587e-06,3.53705626609805e-06
"ENSG00000272849",0.58617970729004,0.35894752337631,24.7041011683379,1.23447962942702e-06,3.53753198361724e-06
"ENSG00000124209",0.369016522556021,6.43554938790999,24.7030850172723,1.23507248696444e-06,3.53867334481871e-06
"ENSG00000102034",-0.474579596888839,5.63371930586528,24.700144740166,1.23678956717492e-06,3.54303491065955e-06
"ENSG00000141622",-1.06470833286614,2.42969944977081,24.6978672117871,1.23812126936802e-06,3.54629128303393e-06
"ENSG00000214826",-0.575549320208184,1.90647734599863,24.6937775502041,1.24051618894479e-06,3.55259147292204e-06
"ENSG00000184678",0.892297997112201,6.33417898589132,24.6933613411364,1.24076018468178e-06,3.55273083107559e-06
"ENSG00000284747",-0.661018727743874,-0.461686982404912,24.6904268202848,1.24248187632782e-06,3.55710064011497e-06
"ENSG00000149100",-0.37289216490729,7.00003692427892,24.6633024503212,1.25851055777725e-06,3.60226035380174e-06
"ENSG00000185838",-0.632086690555666,2.51901846518552,24.6630644709423,1.25865210844568e-06,3.60226035380174e-06
"ENSG00000122376",0.354375418385524,5.33787477059992,24.6622834041271,1.25911680180643e-06,3.60302334664182e-06
"ENSG00000255874",-0.936045441810037,3.0249149864075,24.6617510345834,1.25943363282462e-06,3.60336305078089e-06
"ENSG00000245017",-0.698525469186193,-1.30506503756096,24.6595014767977,1.26077331003246e-06,3.60662865097048e-06
"ENSG00000287431",-0.938445993389527,0.623083957243383,24.6544205812139,1.26380443329699e-06,3.61473109495293e-06
"ENSG00000150779",-0.483515069641968,4.94106462552127,24.6235733309629,1.28236579742954e-06,3.66713937809496e-06
"ENSG00000137265",-1.09524135699667,3.37241132898536,24.6233008323781,1.28253098658797e-06,3.66713937809496e-06
"ENSG00000182180",0.372157867015193,6.55587281142632,24.618330792592,1.28554760969769e-06,3.67518703633788e-06
"ENSG00000005893",-0.366516540013627,8.38250399316478,24.6091522550433,1.29113749068229e-06,3.69058756569692e-06
"ENSG00000067798",1.01591719978836,2.41340287562849,24.5933484420195,1.30081989475881e-06,3.71767948552377e-06
"ENSG00000019549",-0.724528738453896,4.51302574500837,24.5925518926244,1.30130984856095e-06,3.71849544785964e-06
"ENSG00000104472",-0.42907183094047,5.79842125792596,24.5915966581578,1.30189765473278e-06,3.71959072326105e-06
"ENSG00000075213",-0.979292381734438,2.10652472867635,24.5871020414757,1.30466703306355e-06,3.72691754316945e-06
"ENSG00000132612",-0.318999993932746,5.46506412765006,24.5762059465157,1.31140544670082e-06,3.74557824506823e-06
"ENSG00000101940",-0.418933421912674,5.84810714146839,24.5656364728424,1.31797547471453e-06,3.76375222705416e-06
"ENSG00000163145",1.25465001439207,0.509111537610249,24.5506868565711,1.32732505677703e-06,3.78985684971124e-06
"ENSG00000125812",0.327544183448241,4.85854945462624,24.5461140764064,1.33019826674916e-06,3.79746446015284e-06
"ENSG00000211937",-1.68152799588889,5.08446488750905,24.5423099538753,1.33259329571512e-06,3.80370478067586e-06
"ENSG00000230838",0.936986319723671,2.48739123981282,24.5319896196624,1.33911282341667e-06,3.82171411145494e-06
"ENSG00000154864",1.15730672929039,4.37236311597009,24.5215718733869,1.34572658105975e-06,3.83998667340991e-06
"ENSG00000134243",-0.503278747123187,7.61557356755504,24.515725488768,1.34945263796548e-06,3.85001483597117e-06
"ENSG00000173531",0.705724628066994,1.63428867563002,24.5141880949676,1.35043419019384e-06,3.85221095533965e-06
"ENSG00000160183",-1.461936743224,5.5022474753347,24.5097383161698,1.35327922883127e-06,3.85972128179132e-06
"ENSG00000177000",0.478941004361698,4.60832697445776,24.5075852134918,1.35465802390486e-06,3.86304799918183e-06
"ENSG00000128694",0.355308507499994,3.13669412702314,24.4990067263502,1.36016559115017e-06,3.87814575510884e-06
"ENSG00000284526",0.88996124160708,0.430026946732593,24.4898933827686,1.36604133958455e-06,3.89428838312913e-06
"ENSG00000101654",-0.364483458424127,5.94615942029702,24.4752383976852,1.37554385372185e-06,3.9207634558052e-06
"ENSG00000152778",0.538609374131977,5.24052915500487,24.4678096529532,1.38038625004661e-06,3.93394940705857e-06
"ENSG00000090487",-0.295695038253567,6.86580587241031,24.4469970987646,1.39404477060589e-06,3.97225227757792e-06
"ENSG00000049860",0.359713939835878,6.92352520954191,24.4427388756396,1.39685607454479e-06,3.97963945548569e-06
"ENSG00000106459",-0.165289919947687,4.29489460502869,24.4372298208086,1.40050168797757e-06,3.9894008928639e-06
"ENSG00000154734",-0.771593078554975,5.66540258782498,24.430869121256,1.40472283862191e-06,4.00079846364786e-06
"ENSG00000167536",0.595297039821191,2.04487231536914,24.4195455511931,1.41226934408943e-06,4.02166194305597e-06
"ENSG00000155754",-1.12001477205754,-0.566419564538828,24.4182711610497,1.41312121249171e-06,4.02345782917958e-06
"ENSG00000147586",0.513837464835804,2.19426458848322,24.4141370245135,1.41588825987814e-06,4.03070522314347e-06
"ENSG00000114062",0.402703139321522,6.61773132088943,24.4090038974591,1.41933157005161e-06,4.03987521065707e-06
"ENSG00000197008",0.424232716796571,4.02144137313083,24.4049940542335,1.42202726602707e-06,4.04691471045226e-06
"ENSG00000172115",-0.400810416865097,7.22468087667943,24.4039306193002,1.422743048745e-06,4.0483182995266e-06
"ENSG00000076984",-0.360585619813208,5.17222403850731,24.3977499232876,1.42691039992049e-06,4.05954111586954e-06
"ENSG00000153391",-0.409515119794844,3.39658040002577,24.3923075446049,1.43059015129315e-06,4.06937342379104e-06
"ENSG00000230006",-1.1664771896462,2.06222525234629,24.3896547185288,1.43238727966076e-06,4.07384829436589e-06
"ENSG00000085733",0.625148552192725,8.42028415576116,24.3867051166277,1.43438813441144e-06,4.07890109266342e-06
"ENSG00000157306",0.659928798710655,-0.881851992748619,24.3849766077686,1.43556197625593e-06,4.08160094171376e-06
"ENSG00000105671",-0.442046279877309,5.9094089763646,24.3765671954514,1.44128672982183e-06,4.09694980456523e-06
"ENSG00000147255",3.19404891811845,5.06734385651687,24.3763851409213,1.44141091925516e-06,4.09694980456523e-06
"ENSG00000161835",-0.5499501216162,2.18616333485171,24.3670592367236,1.44778711997075e-06,4.11443002156689e-06
"ENSG00000125743",-0.421656550183015,7.29939707750392,24.3640175913487,1.44987287755665e-06,4.11971377862839e-06
"ENSG00000213442",-0.644675727122883,3.04943914030506,24.3567782511704,1.4548493577431e-06,4.13320839091401e-06
"ENSG00000105664",1.20697638556659,6.75353444785795,24.3562458553038,1.45521601898196e-06,4.13360439688332e-06
"ENSG00000153936",-0.373800321499449,5.62498435157896,24.3544426656142,1.4564585703581e-06,4.13648789470223e-06
"ENSG00000246705",0.860586253317757,6.83180794103697,24.3502308173985,1.4593650715717e-06,4.14409553813367e-06
"ENSG00000186160",2.47965314846769,4.79724532667164,24.3438254845698,1.46379648686419e-06,4.1560303626422e-06
"ENSG00000123136",-0.489313534328479,6.52655870879189,24.3346361711498,1.47017771015999e-06,4.17349651824409e-06
"ENSG00000151743",0.51308123062083,2.24915636993656,24.3239890732257,1.47760641177846e-06,4.19393030858718e-06
"ENSG00000120306",0.475185018746324,5.01215376162326,24.3181665819896,1.48168491838431e-06,4.20485025675984e-06
"ENSG00000273456",-0.621447078234893,0.430244365777042,24.3078903556211,1.48891093280848e-06,4.2246976670703e-06
"ENSG00000136448",0.320572712384144,6.92435448909594,24.3047932516213,1.49109572427036e-06,4.23023694166734e-06
"ENSG00000053770",0.342674668864236,5.54685199519669,24.3036517621253,1.49190178260036e-06,4.23186363411343e-06
"ENSG00000104957",-0.424199349690422,4.38950489445293,24.2963182317685,1.49709083939376e-06,4.24592050318006e-06
"ENSG00000155313",-0.445159772639334,5.80654007008755,24.282731298348,1.50675292889882e-06,4.27265704253379e-06
"ENSG00000133083",1.15119990247467,5.06421087769445,24.2816281856794,1.50754014713581e-06,4.2742229456128e-06
"ENSG00000163468",-0.361174331133994,9.17303557509346,24.2749746518687,1.51229715462048e-06,4.28704187160805e-06
"ENSG00000187240",0.663298910420145,4.29858628789896,24.2626181184595,1.52117186154253e-06,4.31152778833341e-06
"ENSG00000128915",0.323973804577993,5.50886304519335,24.2552382333614,1.52649732728685e-06,4.32594786361691e-06
"ENSG00000104883",0.596991355965448,1.82535579469478,24.2544612843894,1.52705908360549e-06,4.32686565082048e-06
"ENSG00000049239",-0.413915629151672,6.66815503291954,24.2522063753894,1.5286906306438e-06,4.33081389254664e-06
"ENSG00000087299",0.415098485962182,3.9977260630747,24.2488401254841,1.53112957085696e-06,4.33704791072206e-06
"ENSG00000008988",-0.547589322240586,9.88216319283191,24.2450996936822,1.53384422899793e-06,4.34406085908041e-06
"ENSG00000138435",0.908513644360284,0.711216201541133,24.2323886727458,1.54310579237203e-06,4.36961048601316e-06
"ENSG00000073670",-0.904705284533976,0.197668218275578,24.2305097268715,1.54447962527453e-06,4.3728199602262e-06
"ENSG00000265298",-0.484743655709686,1.50301431981909,24.2288252030249,1.54571235307117e-06,4.37562899263166e-06
"ENSG00000187239",-0.432315637771699,6.09013369103963,24.2204339875109,1.55186784079687e-06,4.39237041525264e-06
"ENSG00000162894",0.841615811015508,3.91393540244963,24.2020603654322,1.5654327096694e-06,4.43007470413365e-06
"ENSG00000166140",0.386681929684335,4.92904220173758,24.2008268213183,1.56634769117039e-06,4.43197445659725e-06
"ENSG00000135749",-0.522460898784252,4.56764993277594,24.1998743620629,1.56705454770848e-06,4.43328482092423e-06
"ENSG00000168040",0.720066950357559,1.87684587575797,24.1784867202335,1.58301231556917e-06,4.47773374736734e-06
"ENSG00000275880",-0.955580541443667,0.0454927451904961,24.1778183150114,1.58351366464105e-06,4.47845537746719e-06
"ENSG00000172551",2.46496347080672,7.64362992385039,24.1706152582784,1.5889266371412e-06,4.49306555912999e-06
"ENSG00000287550",1.84779654089201,1.95904203456552,24.1677870696148,1.59105708123508e-06,4.49839051663356e-06
"ENSG00000165527",0.323931862119453,7.73849770457808,24.1656383284498,1.59267763455149e-06,4.50227243040449e-06
"ENSG00000197958",-0.464732968896359,9.35710031572324,24.1647321864995,1.59336153528752e-06,4.50350576593776e-06
"ENSG00000183508",0.924101811354608,5.45767362103904,24.1585776444392,1.59801446911066e-06,4.51595512184349e-06
"ENSG00000163660",-0.349078417686527,6.20943527568216,24.1550944022215,1.60065393965499e-06,4.52271148896145e-06
"ENSG00000107077",-0.397095849311319,5.05069748436738,24.154035680707,1.60145707198942e-06,4.5242779163317e-06
"ENSG00000124523",-0.37558688637752,4.49486017282962,24.1501912431194,1.6043768382291e-06,4.53182263297264e-06
"ENSG00000164366",0.346585658646717,4.90828405393062,24.1496334015908,1.60480095340294e-06,4.53231672989016e-06
"ENSG00000159322",-0.276862516469586,5.87874356237874,24.1411187766859,1.6112885253806e-06,4.54993257252327e-06
"ENSG00000144713",-0.497248132237266,9.66436608157086,24.1369411301154,1.61448129786809e-06,4.55824058454281e-06
"ENSG00000177879",0.424647214784205,5.90176935145223,24.134904747778,1.6160399232356e-06,4.56193296970497e-06
"ENSG00000059122",0.405208881631327,4.79170291246801,24.133944111714,1.6167757116689e-06,4.56330177588981e-06
"ENSG00000189320",-1.0487703790633,2.05248863170502,24.1294289718975,1.62023857056003e-06,4.57230852488055e-06
"ENSG00000135469",0.505151419164394,2.5188823378104,24.1291281090777,1.62046958166813e-06,4.57230852488055e-06
"ENSG00000112584",0.345808692081822,5.57409051293283,24.1277496651195,1.62152841621541e-06,4.57458644860026e-06
"ENSG00000267274",0.692782371161814,-1.54617733183376,24.1270712455079,1.62204979250965e-06,4.57534764673783e-06
"ENSG00000167703",-0.568707250889194,5.68783435770328,24.1179082189656,1.6291083452356e-06,4.59454529123044e-06
"ENSG00000253549",-0.878237859267201,0.646939792621493,24.1002554716356,1.64279441893361e-06,4.63242556458365e-06
"ENSG00000163541",-0.283733279853404,6.33206165949641,24.0994652753859,1.64340976360766e-06,4.6334423780028e-06
"ENSG00000168016",0.560383807713853,5.37784084328421,24.0886348880434,1.65186715919471e-06,4.65656538924881e-06
"ENSG00000261008",-0.723165081762894,-0.709604548924003,24.0731419386208,1.6640420580584e-06,4.69015914333894e-06
"ENSG00000010030",-0.880497900435289,3.49086715154067,24.0651705120059,1.67034157773155e-06,4.70718509696024e-06
"ENSG00000140398",0.707171863140093,3.13942097601972,24.0635621167652,1.67161555149907e-06,4.71004549196979e-06
"ENSG00000231731",-0.70725318614334,0.00827587532244434,24.05830211977,1.67578873838464e-06,4.72107273447023e-06
"ENSG00000197530",-0.57135489803958,4.10259901035049,24.0578173769334,1.67617385412031e-06,4.72142636808737e-06
"ENSG00000112306",-0.585323177451066,9.83524991141697,24.056514438711,1.67720944847479e-06,4.72361186882309e-06
"ENSG00000224945",-0.956778871661,-0.463515267270888,24.0498252257531,1.68253632362296e-06,4.73788057811648e-06
"ENSG00000142178",-1.44578658755716,1.66932339273569,24.042141459809,1.68867630455633e-06,4.75365171494639e-06
"ENSG00000175220",0.306635154006135,7.43603253318767,24.0418466726879,1.68891231501697e-06,4.75365171494639e-06
"ENSG00000174501",-0.857941934362653,2.18804866776269,24.0418356721634,1.68892112282734e-06,4.75365171494639e-06
"ENSG00000169976",-0.460263952683008,6.22218978942516,24.0375573665271,1.69235016414096e-06,4.76256611254769e-06
"ENSG00000122299",0.282755352689534,5.85799073174068,24.0283700019457,1.6997375907922e-06,4.78261560973523e-06
"ENSG00000159899",-0.669568323886529,2.95376418907955,24.0276896679799,1.70028593183487e-06,4.78288135069317e-06
"ENSG00000091009",0.313744273992321,4.80102775952381,24.0276003019919,1.70035797303618e-06,4.78288135069317e-06
"ENSG00000184441",-0.623020745231721,0.588613058120653,24.0210388774832,1.70565581531948e-06,4.79704159100522e-06
"ENSG00000136243",-0.313556950938498,3.49417079743038,24.0147296104826,1.71076579327775e-06,4.81066917874703e-06
"ENSG00000171680",-0.577965513381228,3.80134318073431,24.0141587828018,1.7112288784745e-06,4.81122752229003e-06
"ENSG00000165782",0.298820633466173,4.85267860101251,24.0104899749494,1.71420823217057e-06,4.81885924678799e-06
"ENSG00000232310",-0.763900027461941,-1.13075717890702,24.0049743888301,1.71869718007737e-06,4.83073161972603e-06
"ENSG00000267767",1.24675820515395,-0.109018370091127,23.9938578005323,1.7277807300686e-06,4.85551234834482e-06
"ENSG00000147570",1.05630601401609,1.01583804809314,23.9856735701374,1.73449919884256e-06,4.87363995497428e-06
"ENSG00000121297",0.589211420335634,3.65116069707022,23.981115253373,1.73825258213303e-06,4.88343187578552e-06
"ENSG00000113648",0.29671850969822,7.83293351807629,23.9690466343931,1.74822974345355e-06,4.91070310022133e-06
"ENSG00000167395",0.330744825555537,5.09298124405936,23.9668429254775,1.75005779540609e-06,4.91507893496696e-06
"ENSG00000233927",-0.587591089793841,7.74457774240557,23.9586449260116,1.75687529481911e-06,4.93346423686428e-06
"ENSG00000101346",0.326256929131053,6.74667605460215,23.9546623845492,1.76019687818041e-06,4.94202853046392e-06
"ENSG00000102032",-0.751765474542524,3.52314221306908,23.9472274915947,1.76641484193186e-06,4.95872096697897e-06
"ENSG00000275765",0.64890811235081,0.422751254975577,23.9435413986289,1.76950582909533e-06,4.96663148450399e-06
"ENSG00000189046",-0.470207932763436,4.19686145134232,23.9335161758736,1.7779401986305e-06,4.98953499964381e-06
"ENSG00000245275",0.705546233749805,1.05086190058938,23.9107816332227,1.79721797681541e-06,5.04285722960794e-06
"ENSG00000139131",-0.411584385948484,4.38940783300213,23.897696773529,1.80840894453941e-06,5.07347553343864e-06
"ENSG00000172171",0.329795042122896,2.40607236815754,23.8925818475697,1.8128026636189e-06,5.08501771219935e-06
"ENSG00000099954",1.42526280972068,2.81422491076229,23.8909989122767,1.81416458928732e-06,5.08805328449618e-06
"ENSG00000170265",-0.327752421120726,5.34123382971631,23.8624041471645,1.83894580346504e-06,5.15676014082982e-06
"ENSG00000164406",0.647000104031391,-0.630098917427184,23.8619538779598,1.83933874643409e-06,5.15706692155744e-06
"ENSG00000233008",-0.900182906509555,-0.436412903912903,23.8579680734789,1.8428207989345e-06,5.1660333987393e-06
"ENSG00000071189",0.404621127617232,5.65656454401333,23.8565186827261,1.84408865744582e-06,5.16879095417237e-06
"ENSG00000137834",-0.663030354381898,3.08578702405491,23.8505531995341,1.84931626880814e-06,5.18264472990485e-06
"ENSG00000281333",1.08469872235981,-1.46932668951424,23.8479979328078,1.85156005357929e-06,5.18813345470654e-06
"ENSG00000279861",0.583200652254195,0.147651431878811,23.8290772502428,1.86826018860992e-06,5.23368288768968e-06
"ENSG00000169507",1.22723032975517,-0.769420049189052,23.8289292571942,1.86839141135744e-06,5.23368288768968e-06
"ENSG00000120437",-0.526717216958767,4.74871419272931,23.8161348974943,1.87977122492658e-06,5.26474885108787e-06
"ENSG00000286532",-0.546243272770961,1.42497224433361,23.8147217988813,1.88103237944619e-06,5.26746988720051e-06
"ENSG00000124006",-0.634314724075795,6.45680645280719,23.8093607930913,1.88582472211195e-06,5.28007697748955e-06
"ENSG00000245156",0.690840500672644,-1.29140245944558,23.7988280168932,1.89527621608808e-06,5.30572322890718e-06
"ENSG00000113615",0.421453281854139,5.74000303951117,23.7965036354007,1.89736841978221e-06,5.31076282225281e-06
"ENSG00000136720",-0.417091818329116,6.22300445855055,23.7756051769152,1.9162845363076e-06,5.36288400467189e-06
"ENSG00000131043",0.364403361516545,6.15498864034961,23.7747383474739,1.91707324601844e-06,5.36426587670512e-06
"ENSG00000166595",-0.400383895232336,5.36634839576324,23.7633105354595,1.92750189762854e-06,5.39261721490047e-06
"ENSG00000055070",-0.283786017521736,6.66370046109379,23.7620286800866,1.92867524831645e-06,5.39507004250684e-06
"ENSG00000074582",-0.342199574828888,4.4797345624008,23.7596288973241,1.93087383890907e-06,5.40038957128682e-06
"ENSG00000189058",1.59262167383881,8.21474097822261,23.7525706425052,1.93735503957158e-06,5.41768349626813e-06
"ENSG00000128191",-0.233949426827592,4.9937340293909,23.7509604208624,1.93883669377935e-06,5.42099335687299e-06
"ENSG00000152154",1.02206721093198,0.41298752151989,23.7502550845673,1.93948607348117e-06,5.42197551559721e-06
"ENSG00000273381",-0.794085256220458,-0.736751343408071,23.7415100615413,1.94755560868999e-06,5.44369777329852e-06
"ENSG00000134250",-0.540537418165067,8.30303932552428,23.7311962187019,1.95711640985353e-06,5.46958101758081e-06
"ENSG00000163631",4.13865468821616,6.76944759025854,23.7284014679324,1.95971526770216e-06,5.47600265616329e-06
"ENSG00000067225",-0.421358842277262,10.2455562964911,23.7178592279206,1.96955000368839e-06,5.5026383205967e-06
"ENSG00000104976",0.455509754701821,4.56077608352835,23.7123872118674,1.97467443688969e-06,5.51610791862229e-06
"ENSG00000139572",-0.771470172589238,1.73320857934745,23.7102922749663,1.97663986863654e-06,5.52075029649283e-06
"ENSG00000155506",0.286091418457883,8.130575512585,23.7076288627375,1.97914148875426e-06,5.52688859165707e-06
"ENSG00000082805",-0.445631161917893,6.44215597808978,23.7060290439362,1.98064566279767e-06,5.53023999308628e-06
"ENSG00000260910",-1.014791461579,-0.140131743311727,23.7006377235035,1.98572317788756e-06,5.5435661027504e-06
"ENSG00000125850",0.463972951491725,3.75689052323904,23.7003058690848,1.9860361459965e-06,5.54358892317131e-06
"ENSG00000130724",0.446310841418074,6.66905887937148,23.6952681154457,1.99079332172265e-06,5.55601487425066e-06
"ENSG00000083814",0.728049292446194,2.37339256602526,23.6935220770932,1.99244480069555e-06,5.55977079396299e-06
"ENSG00000274849",-0.709785056944039,-0.0979361817697207,23.6818194648166,2.00354944063284e-06,5.58989986596565e-06
"ENSG00000176422",0.422556187900684,4.03425033181682,23.6806013929558,2.00470886079691e-06,5.59227680370771e-06
"ENSG00000111981",-1.16789699572287,1.79902113383298,23.6458795207898,2.03804557206615e-06,5.68440007126807e-06
"ENSG00000197037",-0.251532473623937,4.20465427228012,23.6450683222616,2.038831072145e-06,5.6857190340652e-06
"ENSG00000104447",0.67127065196948,9.18617629391095,23.6238527159017,2.05948359108227e-06,5.74243255474542e-06
"ENSG00000197461",-0.512242467784936,3.99482651087344,23.6219842109367,2.06131260471113e-06,5.74665138787341e-06
"ENSG00000226180",-0.652089383512691,-0.175176156542067,23.620394831395,2.06286968450014e-06,5.75011093052697e-06
"ENSG00000135144",-0.70588585048728,2.40825030936248,23.6182143889656,2.06500774987968e-06,5.75518862317065e-06
"ENSG00000065621",0.765286445841446,4.70334035696349,23.6006187767897,2.08234356387682e-06,5.80261448441729e-06
"ENSG00000126803",1.10650381567799,5.42414786130766,23.591171419593,2.09171205038589e-06,5.82782763057881e-06
"ENSG00000230630",-1.10436765558084,2.44862914298616,23.5716818429459,2.11117374443355e-06,5.88114995615828e-06
"ENSG00000232160",0.545596607135297,1.54253393097002,23.5630253938929,2.11987641156306e-06,5.90448884739799e-06
"ENSG00000107854",0.377374074684812,6.43107905157169,23.5584158314913,2.12452537141895e-06,5.9165315350433e-06
"ENSG00000159733",0.513956737771096,2.89819685568574,23.5558186472542,2.12714929102414e-06,5.92293192056752e-06
"ENSG00000214595",-0.836005321030179,1.52705467365594,23.554350182559,2.12863432143485e-06,5.92615965685856e-06
"ENSG00000086189",-0.357286547546315,3.48524828943111,23.545038821263,2.13807514425158e-06,5.95153209728311e-06
"ENSG00000185236",-0.368150999879664,6.26068667027419,23.5439072000907,2.13922537968004e-06,5.95382267874837e-06
"ENSG00000230490",0.981532726926484,0.058499220372562,23.5432427126801,2.13990108882233e-06,5.95479207519898e-06
"ENSG00000254986",0.506291495779726,6.0262913211927,23.5416004286682,2.14157203303371e-06,5.95853023356541e-06
"ENSG00000279203",0.735066774005945,-1.4361343361832,23.5375312993784,2.14571785876495e-06,5.96915209776948e-06
"ENSG00000182841",-0.512566694510497,2.26726216309426,23.5342181094858,2.14909948799457e-06,5.97764512733524e-06
"ENSG00000155660",-0.437844758737313,8.37907612935741,23.5299181251595,2.1534963293408e-06,5.98895890490068e-06
"ENSG00000100650",0.310434960067072,7.07475467654463,23.5263294676033,2.15717278135163e-06,5.99826609803141e-06
"ENSG00000171435",0.999395849666103,1.62390456561535,23.5028400745,2.18139400119594e-06,6.0646887945203e-06
"ENSG00000287338",1.18302752340325,0.254398685448703,23.5019722027036,2.18229415937959e-06,6.06626412514076e-06
"ENSG00000120594",-0.60557480328617,7.31628481957924,23.4984370687664,2.18596468784765e-06,6.07553877484306e-06
"ENSG00000012061",-0.335980166056601,5.57152114850047,23.4972928487332,2.18715406743227e-06,6.07791568807611e-06
"ENSG00000114450",-0.58460965760065,6.09632915407742,23.4962775815514,2.18820995240183e-06,6.07992096154668e-06
"ENSG00000196776",-0.452223189624985,7.4299195135204,23.4909214833607,2.19378886715092e-06,6.09449089899815e-06
"ENSG00000156273",-0.442290961635184,5.51288522697467,23.4877325197165,2.19711731942839e-06,6.10280540711111e-06
"ENSG00000116833",0.753961846715036,1.8589366763979,23.4805731607974,2.20460844223757e-06,6.12267801915055e-06
"ENSG00000176393",0.394104861927648,6.6389964633825,23.4764699150466,2.20891346492804e-06,6.13369741986431e-06
"ENSG00000213516",-0.391412232951606,4.68094799721478,23.4760769755563,2.20932617277011e-06,6.13390695013628e-06
"ENSG00000198208",0.852827880501825,2.65543057746481,23.4448296347407,2.24239632573672e-06,6.22477172962447e-06
"ENSG00000087903",0.520316286223199,3.08363964788397,23.4431689983185,2.24416777266735e-06,6.228738508969e-06
"ENSG00000010704",0.558645006562124,4.02209156867831,23.4366873583516,2.25109546357454e-06,6.24701316623341e-06
"ENSG00000135218",1.19111219260455,5.99838643478594,23.43392339179,2.25405621035393e-06,6.25427526375549e-06
"ENSG00000132122",0.522535312232257,3.79260108112689,23.4328591547531,2.25519726489887e-06,6.25648685997265e-06
"ENSG00000111269",0.430891868184097,6.15181823717782,23.4251288097868,2.26350313512761e-06,6.27857175868552e-06
"ENSG00000110104",-0.459286160921595,4.21746640548486,23.4138841295744,2.27564021900401e-06,6.31127543507852e-06
"ENSG00000116005",0.378003919517175,7.15137536382542,23.403821876201,2.2865567993868e-06,6.34058470304118e-06
"ENSG00000268516",-0.443632437476158,1.66151642494249,23.3951950561858,2.29595821059061e-06,6.36568413631434e-06
"ENSG00000139182",-0.572107840183529,6.71716171490542,23.3928811070104,2.29848656556724e-06,6.37172285543924e-06
"ENSG00000241852",-0.419650123189262,2.70590079526697,23.389754736493,2.30190708985046e-06,6.38023257394089e-06
"ENSG00000279561",0.808254546086789,0.304881809408391,23.381313790498,2.3111679492743e-06,6.40492498269099e-06
"ENSG00000103978",0.379169315381955,6.7072739198409,23.379397499079,2.31327562023594e-06,6.4097893023844e-06
"ENSG00000106771",0.385145356751985,6.35396458245762,23.3770772756132,2.31583016437845e-06,6.41589017969768e-06
"ENSG00000273156",0.768294028761655,0.0486078338097891,23.37274417433,2.32060850576608e-06,6.42814917801912e-06
"ENSG00000266714",0.645678896736903,4.40045277383181,23.3699687749496,2.32367432111309e-06,6.43566142110628e-06
"ENSG00000143036",-0.626429188142403,3.75516217134678,23.3644003852981,2.3298377365392e-06,6.45174920100106e-06
"ENSG00000119688",0.303536638969951,4.49479402945967,23.3638053683332,2.33049731217907e-06,6.45259325832136e-06
"ENSG00000129810",-0.481217187876271,2.99329860812529,23.3620030655178,2.33249631476826e-06,6.45714504916364e-06
"ENSG00000064652",0.495706841854237,4.06130657456865,23.3614764152256,2.3330807697966e-06,6.45778010060272e-06
"ENSG00000236439",-0.83598275468426,1.21498272570957,23.3593467869321,2.33544565445496e-06,6.46334229507408e-06
"ENSG00000140479",0.96779482165164,4.85924297116247,23.3583490979304,2.33655438977237e-06,6.46542693460822e-06
"ENSG00000141905",0.374142592798979,7.53494412900236,23.3448665941199,2.35158982759165e-06,6.50604134229342e-06
"ENSG00000197355",0.501815755549927,4.3895811205275,23.3371263179069,2.36026579122713e-06,6.52905159100214e-06
"ENSG00000171858",-0.501664720749157,8.52654098409969,23.3366033493896,2.36085314465174e-06,6.52968324132083e-06
"ENSG00000249855",-0.585090058968396,1.45326017639721,23.3350619331383,2.36258519093801e-06,6.53348022696981e-06
"ENSG00000013523",0.361972944250317,4.74562947241404,23.3311375898081,2.36700066589177e-06,6.54469566908474e-06
"ENSG00000153823",-0.88841428294918,2.61712201539788,23.3275905832929,2.37099875699131e-06,6.55475382157743e-06
"ENSG00000135390",0.375090702455733,7.95719565230703,23.3252346578542,2.37365806538102e-06,6.56110834242401e-06
"ENSG00000140829",-0.357143961598092,5.78293112966353,23.3240365624243,2.37501160114984e-06,6.56385215038949e-06
"ENSG00000171295",0.490483316283868,4.28114239207358,23.3209547427959,2.37849684022137e-06,6.57248564721154e-06
"ENSG00000162512",-0.468297381877711,6.96050862990021,23.3197494130575,2.3798613572292e-06,6.57525723306769e-06
"ENSG00000217801",0.688434653215223,1.50082267686074,23.3128651990242,2.38766994582498e-06,6.59582943114593e-06
"ENSG00000167748",-1.55400999632096,1.17099274846951,23.2978172111195,2.40482879442568e-06,6.64222112574249e-06
"ENSG00000122254",0.942463610026685,1.28250244623343,23.2916894306801,2.41185181593163e-06,6.66060747466816e-06
"ENSG00000136378",-0.667026243961202,3.50295678839895,23.2912713679212,2.41233171056265e-06,6.6609213832873e-06
"ENSG00000135299",-0.525546936387137,2.92461332128521,23.2892758052751,2.41462374910456e-06,6.6662381221484e-06
"ENSG00000257894",0.87895341357313,-0.12750225390857,23.2869684236623,2.41727667714014e-06,6.67233543423619e-06
"ENSG00000116560",-0.203668528398921,8.4668420569725,23.2867169352501,2.41756600569697e-06,6.67233543423619e-06
"ENSG00000186767",-0.519671320232257,3.73157196346084,23.2828980068235,2.42196385259279e-06,6.68345904277921e-06
"ENSG00000132286",0.370498263764024,5.19861573574538,23.2784630079039,2.42708131148466e-06,6.69656475929658e-06
"ENSG00000166444",-0.497010951211897,5.35129708881262,23.2651216185208,2.44254167235826e-06,6.73819929271228e-06
"ENSG00000108021",-0.581493445994812,7.40140361690286,23.2549166685212,2.45443460875788e-06,6.76998129573678e-06
"ENSG00000136718",-0.359160010519656,5.96079448795656,23.2540608532272,2.45543463967657e-06,6.7717126954416e-06
"ENSG00000137692",-0.451596707635703,5.07018583807189,23.247446055372,2.46317802155697e-06,6.79203787993908e-06
"ENSG00000162998",-1.2119081362005,4.55249767912815,23.2337453615134,2.47929486280629e-06,6.83544262008804e-06
"ENSG00000154198",2.37195959675894,2.7338944478943,23.2205239013445,2.49494902613359e-06,6.87755878862045e-06
"ENSG00000220749",-0.647458147150663,0.327091326221342,23.2126914097807,2.50426975746714e-06,6.90220614469047e-06
"ENSG00000122121",-1.19569760786181,0.5757635961318,23.1949269183073,2.52554031689217e-06,6.95977686115679e-06
"ENSG00000189337",-0.568899813067241,5.01504466270053,23.193987919006,2.52666970909199e-06,6.96183436887823e-06
"ENSG00000107816",-0.392300901426965,6.16318256488996,23.1854467743635,2.53696614005233e-06,6.98914573693909e-06
"ENSG00000261455",-0.597320636245847,2.46027312649151,23.1769715215648,2.54722506422269e-06,7.01634551992765e-06
"ENSG00000102030",-0.591842106557622,4.32159489943692,23.1667366330118,2.55966986836814e-06,7.0495571723016e-06
"ENSG00000148925",0.297008235859014,5.11680500452514,23.1641128368863,2.56287008009201e-06,7.05730219783701e-06
"ENSG00000117533",0.360331888319281,4.74893987975573,23.1570768974149,2.57147170785037e-06,7.07991635216205e-06
"ENSG00000055211",0.326794262385102,5.52926420920948,23.1510750379514,2.57883220607648e-06,7.09910703255926e-06
"ENSG00000178038",-0.735782575911103,3.53915290995806,23.1502384134998,2.5798599068174e-06,7.1008613779048e-06
"ENSG00000101298",1.58581845251117,4.22677338252397,23.1416555176289,2.59042698646887e-06,7.12886760930484e-06
"ENSG00000091527",0.449298444121982,8.02051417348662,23.1280872834524,2.6072212398942e-06,7.17399998656516e-06
"ENSG00000196284",-0.438175689658162,2.78108272633323,23.1231477640219,2.61336248416678e-06,7.18981044653236e-06
"ENSG00000101126",0.28662178524395,7.82536522530844,23.1189833986127,2.61855134852626e-06,7.20299635919473e-06
"ENSG00000118257",-0.666343556465595,6.21298283993083,23.114614475338,2.62400629030951e-06,7.21691008742619e-06
"ENSG00000227502",0.673445429477343,-0.928025484071734,23.0891587702127,2.65601896856562e-06,7.30385137591042e-06
"ENSG00000166450",1.01333689819122,1.91935756062828,23.0880663889062,2.65740153023571e-06,7.30654860648935e-06
"ENSG00000145681",-1.59776445050243,2.96488021001641,23.0737050878687,2.67564556890175e-06,7.35559879189617e-06
"ENSG00000100359",-0.508845587039435,-0.91681545419061,23.0711531930196,2.67890062072674e-06,7.36282479875271e-06
"ENSG00000111596",0.291870943290702,6.36149364854577,23.0710097478273,2.67908371003659e-06,7.36282479875271e-06
"ENSG00000178665",-0.654446834572381,2.73542965777556,23.0683905756922,2.68242897087006e-06,7.37090468683859e-06
"ENSG00000096654",-0.375251582773445,4.00265403870158,23.0662738362753,2.68513559927025e-06,7.37722753467181e-06
"ENSG00000126698",-0.252565637746029,6.57319818502976,23.0586997614981,2.69484303625669e-06,7.40277981323616e-06
"ENSG00000153487",-0.474825444706867,4.78115527156929,23.0567179702338,2.69738888218113e-06,7.40865433239359e-06
"ENSG00000255529",0.351038237873543,4.42622545595376,23.0482354258097,2.70831322011716e-06,7.43753598784401e-06
"ENSG00000164604",-0.67945656086832,1.03935590170315,23.0341661658197,2.72653117499438e-06,7.48643553906971e-06
"ENSG00000197978",-0.579565418106327,1.45166361756553,23.0314471319253,2.73006624709491e-06,7.49501055126977e-06
"ENSG00000170891",-0.916447292991197,-0.0282588178899262,23.0298062005505,2.73220189733905e-06,7.49974164032639e-06
"ENSG00000249464",-1.04323251556341,-0.462210259760276,23.0268627301143,2.73603701748173e-06,7.5091355476019e-06
"ENSG00000111530",0.390141791096659,7.832354983711,23.0230724049862,2.74098354233479e-06,7.52157644357049e-06
"ENSG00000112877",-0.531786275865737,2.82022185398115,23.0108856353873,2.75694910724361e-06,7.56424654737468e-06
"ENSG00000245694",0.521604693381456,5.94034613449413,23.0098886563264,2.75825937582343e-06,7.56670007955905e-06
"ENSG00000185745",1.02492278568177,6.90906895493331,23.0005680250999,2.77053940498502e-06,7.59924154695634e-06
"ENSG00000244462",0.226043997895436,6.5843136028863,23.0000427329497,2.77123312578283e-06,7.59999820442371e-06
"ENSG00000113761",0.366233165261879,4.03572042939763,22.9930761352777,2.78045010426234e-06,7.62391321162035e-06
"ENSG00000214140",-0.650278676967811,-0.804733783992979,22.9928183576027,2.78079174433084e-06,7.62391321162035e-06
"ENSG00000106483",0.898811482034167,6.27078803412351,22.9663099783568,2.81615157979869e-06,7.71969328310153e-06
"ENSG00000262903",-0.67095312841371,-0.765016331938928,22.9603765543005,2.82412829914576e-06,7.74039263183592e-06
"ENSG00000267370",0.53101721991376,-0.866900283288692,22.9570017953607,2.82867541102384e-06,7.75168726468309e-06
"ENSG00000116017",0.546337566065096,3.6950714353761,22.9484141119894,2.84027976653159e-06,7.78231521447372e-06
"ENSG00000105676",-0.418297240565664,5.34089403212136,22.9468836271735,2.84235292551426e-06,7.7868225650329e-06
"ENSG00000270761",-0.695856712239746,-0.765916834762111,22.9399965309199,2.85170097201029e-06,7.81125561429565e-06
"ENSG00000143162",-0.423590352807325,7.34085882200179,22.9314202948871,2.86338519685702e-06,7.84207950014088e-06
"ENSG00000135905",0.626501071456823,4.93223538035533,22.9287946599255,2.86697201741098e-06,7.8507207245816e-06
"ENSG00000213326",-0.608148494388653,1.50934011535245,22.9195450200694,2.87964396550579e-06,7.8842336963148e-06
"ENSG00000237854",0.51895246791639,1.98175003373969,22.9072067497899,2.89663550480195e-06,7.92956149327783e-06
"ENSG00000145244",0.940479519056197,2.62792753472986,22.9060552294967,2.89822647277804e-06,7.9327228121726e-06
"ENSG00000273002",-0.637914525901807,-0.037309139979865,22.9027021770241,2.90286416325625e-06,7.94422109559203e-06
"ENSG00000261754",1.10834383746366,0.805578868070848,22.8992860067564,2.90759686913024e-06,7.95597590728761e-06
"ENSG00000266921",0.568538899889712,-1.33148603547203,22.8975485621413,2.91000688788431e-06,7.96137263490369e-06
"ENSG00000178718",-0.68507474312224,4.68430419929512,22.8972136046738,2.91047174132196e-06,7.96144683879737e-06
"ENSG00000171853",-0.302118223182987,5.21412593935093,22.8938267135894,2.91517628249498e-06,7.97311672571709e-06
"ENSG00000188419",0.430494314325975,4.82043892385505,22.8918734700363,2.91789291839005e-06,7.979346925226e-06
"ENSG00000113722",-0.95915989761773,-0.904717104866698,22.8868469243839,2.92489577832254e-06,7.99683766830094e-06
"ENSG00000012048",0.646519785617342,4.83287025189139,22.8866515598269,2.92516829817496e-06,7.99683766830094e-06
"ENSG00000165832",0.375924190863996,5.03728054141636,22.8760413026539,2.94000748122201e-06,8.03619718492123e-06
"ENSG00000138356",1.445400108596,3.88745142342772,22.8675788204896,2.95189738854406e-06,8.06690564788415e-06
"ENSG00000196152",0.325247434483908,2.61178529684596,22.8674142485502,2.9521290956849e-06,8.06690564788415e-06
"ENSG00000107562",0.580095340190673,6.48352477651155,22.8469583548886,2.98107338356508e-06,8.14477432781758e-06
"ENSG00000180543",-0.985728451036104,6.4371764791401,22.8417555302184,2.9884808317375e-06,8.16378632737183e-06
"ENSG00000146001",-0.880010891664085,-1.05443417924442,22.8397512465908,2.99133936460619e-06,8.17036797769296e-06
"ENSG00000169925",0.406133907005367,5.62827179624497,22.8393574044516,2.99190139175555e-06,8.17067605304053e-06
"ENSG00000175193",-0.493151077128717,2.94527119669165,22.832767900479,3.00132070606061e-06,8.19516904396194e-06
"ENSG00000123600",-0.34863536831046,4.64978994590223,22.8317087526982,3.00283749060998e-06,8.19807989781062e-06
"ENSG00000167461",0.283280627298461,4.68451615934004,22.8276447474239,3.00866466693016e-06,8.21275596009692e-06
"ENSG00000108465",0.631282877080883,2.25996855871817,22.804540207231,3.04201104249167e-06,8.30253554034192e-06
"ENSG00000100376",-0.369730372431654,4.31177959897842,22.774072799007,3.08655608785442e-06,8.42284803089216e-06
"ENSG00000058404",1.38559756121125,2.64561385108949,22.7651215213978,3.09976826491179e-06,8.45763354368671e-06
"ENSG00000163681",0.353947572975298,6.17171551895189,22.7479321613213,3.12530047690759e-06,8.52593093758018e-06
"ENSG00000091732",-0.317241734948627,4.19464485957518,22.7476394033042,3.12573716141328e-06,8.52593093758018e-06
"ENSG00000235065",-0.607889421750181,-0.44254788029247,22.7376100904109,3.14073442504168e-06,8.56555371459861e-06
"ENSG00000196935",0.620853396180038,4.6645237225806,22.7240402143274,3.16114191808474e-06,8.61991742220769e-06
"ENSG00000136026",-0.422668044469764,7.48098114125632,22.7227888441651,3.1630305692507e-06,8.62377454557515e-06
"ENSG00000174695",0.320481319995747,6.83956967797651,22.7202174105492,3.16691512943774e-06,8.63307139901283e-06
"ENSG00000170144",-0.268385531672069,8.36592020358836,22.7140826326636,3.17620217940162e-06,8.65595750077806e-06
"ENSG00000187556",-0.909252100299454,-0.803324712117272,22.7140429179461,3.1762623905978e-06,8.65595750077806e-06
"ENSG00000174021",-0.520593223269776,1.79782694764886,22.6976493082586,3.2012154353836e-06,8.72265263501977e-06
"ENSG00000135472",1.43608206449228,2.9959334199513,22.69674049959,3.20260453522537e-06,8.72513051028746e-06
"ENSG00000253773",0.846027221200701,-0.902451287879299,22.6955651714159,3.20440190966299e-06,8.72871977429241e-06
"ENSG00000172831",0.346517367487945,4.87248460218646,22.6939698467108,3.20684319682178e-06,8.73406170467125e-06
"ENSG00000106299",0.306488737379301,6.71210054782414,22.691965595012,3.20991292041511e-06,8.74111336974249e-06
"ENSG00000168827",0.317889554417885,6.43405077081013,22.6702790946852,3.24331867726229e-06,8.83076049431834e-06
"ENSG00000048540",-1.39866070919852,3.86690785989909,22.6653427865514,3.25097151533396e-06,8.8502724024688e-06
"ENSG00000175110",-0.294962526818087,4.53633620924886,22.663667285873,3.2535732187684e-06,8.85602958739296e-06
"ENSG00000113369",-0.479846038215426,6.52541552171846,22.6631821914491,3.25432686219854e-06,8.85675549448857e-06
"ENSG00000130037",-0.97785897285729,-1.23564023025137,22.6523069047648,3.2712691329692e-06,8.90153246415977e-06
"ENSG00000243431",0.624989215962645,-1.19212792332501,22.6499427938551,3.27496389129847e-06,8.91025329168835e-06
"ENSG00000078674",0.490916254712462,7.27058888348464,22.645045154569,3.28263161171383e-06,8.92977920338784e-06
"ENSG00000023330",-0.298236693510517,5.85687122651466,22.639434365502,3.29143814555488e-06,8.95239673864993e-06
"ENSG00000170836",0.498325334508594,4.78234043086028,22.6291520321679,3.30763904556544e-06,8.99466794188679e-06
"ENSG00000169894",-0.962752758476758,0.0842742248289552,22.6289433668096,3.30796865313837e-06,8.99466794188679e-06
"ENSG00000180155",-1.06178188566195,4.32265855013222,22.626775626188,3.31139477885191e-06,9.00263800265449e-06
"ENSG00000250091",0.723175176158424,2.21286279354772,22.6160232830047,3.32844201925947e-06,9.04763166137965e-06
"ENSG00000121621",-0.444281682974166,3.95946208966014,22.5926426806577,3.36581753270548e-06,9.14703819112764e-06
"ENSG00000106686",0.825282036233527,0.608702770716473,22.5925182853922,3.36601751777091e-06,9.14703819112764e-06
"ENSG00000211456",0.314249821316287,5.74128552319203,22.588047418567,3.37321312382051e-06,9.16522263161749e-06
"ENSG00000170469",0.465404753137342,1.3192081476837,22.5820440986072,3.38289959343832e-06,9.19016845488517e-06
"ENSG00000088832",-0.330872983173436,7.7572054990096,22.5798028912005,3.38652302852169e-06,9.19863811869063e-06
"ENSG00000119139",-0.826916555658857,0.505846266301991,22.5764921683654,3.3918827655722e-06,9.21182077650099e-06
"ENSG00000151247",0.339254930500055,5.41101726452466,22.5731198670797,3.39735100913256e-06,9.22529414065436e-06
"ENSG00000143248",0.78752370320913,6.58764557194858,22.5719372786482,3.39927070630629e-06,9.22912906497967e-06
"ENSG00000275832",-0.578864668425651,4.62730878525283,22.5701371352303,3.40219498667454e-06,9.23568991308007e-06
"ENSG00000134256",-0.538299540948525,1.28791611883931,22.5568044285295,3.42393290596006e-06,9.29331319110605e-06
"ENSG00000083635",-0.323884097386348,3.45253628243782,22.5552410944343,3.42649097892192e-06,9.29886868466605e-06
"ENSG00000147231",-1.07631822735987,1.38275332399236,22.5521146756566,3.43161251413293e-06,9.31137824959716e-06
"ENSG00000279700",0.757815707891774,-1.35555156063187,22.5464373726323,3.44093257009714e-06,9.33527469942224e-06
"ENSG00000272084",-0.490348104641404,-1.30884506167217,22.5452990924136,3.44280428775312e-06,9.33895963991853e-06
"ENSG00000220842",-0.90209226122254,0.88280921037519,22.5445346759051,3.4440618247332e-06,9.34097770179652e-06
"ENSG00000152193",-0.365911953235082,3.74440994445283,22.5409362839008,3.44998775893672e-06,9.35565489183555e-06
"ENSG00000137573",0.708533899959631,8.29190949094081,22.5261132786437,3.47450760169306e-06,9.42074303213973e-06
"ENSG00000128591",-0.895415101185404,3.41027780633539,22.5209285597083,3.48312556208146e-06,9.44270200076577e-06
"ENSG00000126217",0.570934223776195,5.79229640693776,22.5197633746112,3.48506528713722e-06,9.44655252495555e-06
"ENSG00000172927",-1.75277717487645,3.32210127803709,22.5143478800869,3.49409499714345e-06,9.46961701803682e-06
"ENSG00000165929",0.689440395192518,6.96424954116047,22.5111466626418,3.49944377646741e-06,9.48270014993882e-06
"ENSG00000147383",-0.335660114461667,5.10774556233293,22.5062994542985,3.50755853422326e-06,9.50327344264154e-06
"ENSG00000185803",-0.548569660788851,6.54348275909836,22.5034302427653,3.51237086947331e-06,9.51489445546331e-06
"ENSG00000139350",0.387785968503044,5.17399452653221,22.496708798991,3.52367044623659e-06,9.54408310888325e-06
"ENSG00000102524",-0.78134813558759,4.65585952012519,22.4945633635062,3.52728492043042e-06,9.55245058558494e-06
"ENSG00000247556",0.35754526750579,6.85872710099832,22.4789960437378,3.55362413781024e-06,9.62234864053784e-06
"ENSG00000100626",1.07182594580191,4.23571785600659,22.4755681277361,3.55945068400924e-06,9.63669083667165e-06
"ENSG00000144231",-0.28800289737694,5.51408528149259,22.4744789936336,3.56130394370389e-06,9.64027327401195e-06
"ENSG00000137672",0.8860638178941,2.22939225465997,22.4723405647577,3.56494551150642e-06,9.6476222251737e-06
"ENSG00000198216",-1.07225807014331,-0.330773914556797,22.4722618274015,3.56507966655995e-06,9.6476222251737e-06
"ENSG00000167182",0.288866340476347,5.0601994039685,22.4692142596218,3.57027612734035e-06,9.66024727820087e-06
"ENSG00000143322",-0.342227247791067,6.12065295598515,22.4675770151744,3.57307098274935e-06,9.66637141666596e-06
"ENSG00000229536",0.765834600275745,-1.63547436942709,22.4660449433612,3.57568830677675e-06,9.67201352225692e-06
"ENSG00000006837",0.474827527716018,-0.853616339767442,22.460906663102,3.58448047890972e-06,9.69435404467063e-06
"ENSG00000177646",-0.339680261395749,5.66404676594347,22.4583401411755,3.58888026710608e-06,9.70481033275727e-06
"ENSG00000131473",0.383294572642456,7.82931548486305,22.4455804883849,3.61083532452821e-06,9.76272824178967e-06
"ENSG00000049089",-1.01431272812683,4.7788861252283,22.4384871780614,3.6230991958155e-06,9.79443046573903e-06
"ENSG00000116151",0.471731843111674,2.65716622121299,22.4342218882175,3.6304938703834e-06,9.81296218078962e-06
"ENSG00000135108",0.321390513908362,6.1084544059303,22.4314841733098,3.63524824767572e-06,9.82435291660119e-06
"ENSG00000274315",0.49856475649405,-1.02031288587416,22.4265388407911,3.64385238491691e-06,9.84614279852455e-06
"ENSG00000101104",0.668243623422581,4.49972936176835,22.4237060916522,3.64879021571174e-06,9.8580208620566e-06
"ENSG00000251417",-0.538824993682908,-0.465209005679832,22.4153201109235,3.66344770805671e-06,9.89615133137317e-06
"ENSG00000011201",0.894741995266572,4.6705486493371,22.4120208332155,3.66923067753055e-06,9.91030109339555e-06
"ENSG00000211598",-1.45562420053704,7.15480957802187,22.4073986830235,3.67734790222156e-06,9.93075035569499e-06
"ENSG00000128262",-0.897569990521265,-0.439682939880682,22.4036585675868,3.68392942248253e-06,9.94704696201191e-06
"ENSG00000275052",-0.284136809352023,7.32194604457919,22.4033386401517,3.68449295477077e-06,9.94709186008176e-06
"ENSG00000116213",-0.307456334322561,4.57619629031345,22.3923508279459,3.70390029459872e-06,9.99800216060575e-06
"ENSG00000184156",-0.976433986195658,3.42752763229038,22.3902728980826,3.70758206493747e-06,1.00064553490255e-05
"ENSG00000228063",-0.736395173112978,-1.04379102115443,22.3889611437859,3.70990819568141e-06,1.00112478135094e-05
"ENSG00000123572",1.39340984702453,2.60018316355888,22.3881533853859,3.7113413257191e-06,1.00136294366087e-05
"ENSG00000160087",-0.352744742061312,5.51790166711259,22.3790741128226,3.72748838430269e-06,1.00557043508895e-05
"ENSG00000106809",1.42482232595134,3.4729293049952,22.3630552270239,3.75615063237207e-06,1.01315242031118e-05
"ENSG00000162390",-0.813529958998565,1.73732467001174,22.3615053692813,3.75893555536265e-06,1.01375326039347e-05
"ENSG00000139044",-0.976197201851255,5.09615930526111,22.3542594520084,3.77198338920636e-06,1.0171213325854e-05
"ENSG00000170801",0.837474296695135,6.33948434475768,22.3528709421186,3.77448892359391e-06,1.01764607978544e-05
"ENSG00000119231",-0.299423683154753,5.71775115227649,22.3477229068041,3.78379312972199e-06,1.02000340067265e-05
"ENSG00000130340",0.35580938845924,6.45160472981236,22.3428705853858,3.79258411139476e-06,1.02222169262075e-05
"ENSG00000138646",-0.770590373968359,4.79225483829638,22.3423101749882,3.79360073979681e-06,1.02234420292524e-05
"ENSG00000244161",0.767728395158337,0.776432810979783,22.3381170535076,3.80121613950998e-06,1.02424472808011e-05
"ENSG00000133858",0.352496681976193,5.54861703197627,22.3375027211964,3.80233316566439e-06,1.0243939507792e-05
"ENSG00000182324",-0.568647949445452,0.620264759153581,22.3366256411324,3.80392851512606e-06,1.02467197620131e-05
"ENSG00000117155",-0.435028099544453,5.48074151077689,22.3300751593049,3.81586482137284e-06,1.02773507139241e-05
"ENSG00000170775",-0.899193558022775,2.95837302776842,22.3211372805957,3.83221256200009e-06,1.03198522472102e-05
"ENSG00000133110",0.80687924446244,9.94463797891777,22.3179104107432,3.83813201928049e-06,1.03342627929939e-05
"ENSG00000244187",0.528915612377322,4.33076834862125,22.3083496598115,3.8557248492409e-06,1.03800952572518e-05
"ENSG00000174028",-0.453572340046841,1.68344867201096,22.3000790283156,3.87100947974187e-06,1.04197011125566e-05
"ENSG00000134463",-0.641959067449922,4.43048720365249,22.2995230951894,3.87203907265482e-06,1.04209302535433e-05
"ENSG00000221983",-0.41677713259964,8.88284699913849,22.2954455559408,3.87959917806413e-06,1.04397321868073e-05
"ENSG00000180828",-0.931369826390668,1.22255856586613,22.2879118387636,3.89360661600728e-06,1.04758753153758e-05
"ENSG00000181826",0.604225798603423,5.34538186678175,22.2839393899582,3.90101316758625e-06,1.04942504795236e-05
"ENSG00000158156",-0.31901567387585,3.45500841421943,22.2714674575541,3.9243595370368e-06,1.05554941229851e-05
"ENSG00000224557",-1.057271040163,0.822298543576137,22.2707464160381,3.92571357554837e-06,1.05575748206526e-05
"ENSG00000053371",0.424773239849117,5.67513703610749,22.257644737707,3.95039955816505e-06,1.06223931348176e-05
"ENSG00000198837",-0.301125556931675,5.7567629286075,22.2534225054019,3.95838841835339e-06,1.06423013382131e-05
"ENSG00000137073",-0.380224088829733,6.18290847942145,22.2455902556435,3.9732510522603e-06,1.06806813683876e-05
"ENSG00000162783",-0.617386550886027,5.54867661327541,22.2378693077483,3.98795770549926e-06,1.07186308183273e-05
"ENSG00000135914",0.78585792533244,-0.163183174512967,22.2271950111534,4.00838051028017e-06,1.07719303665744e-05
"ENSG00000101605",-0.609525284619808,1.11951200678088,22.2248120536537,4.01295416994708e-06,1.07826282232232e-05
"ENSG00000186522",-0.449493001988019,5.76107949974006,22.2202201170539,4.02178245509192e-06,1.08047532190859e-05
"ENSG00000171792",-0.411197904466858,5.56991105643125,22.2186296523629,4.0248447994155e-06,1.08113834310691e-05
"ENSG00000188921",0.708976106138127,4.61356712742719,22.2175521588155,4.02692078814911e-06,1.08153625656905e-05
"ENSG00000143183",0.346671292951636,7.450620053838,22.2151224927594,4.03160595901346e-06,1.08258370813825e-05
"ENSG00000164828",-0.313112959834256,7.10472977386745,22.2149124549614,4.0320112375899e-06,1.08258370813825e-05
"ENSG00000219607",-0.710134076915283,0.193801337497199,22.2117429802634,4.0381319028526e-06,1.08406705607503e-05
"ENSG00000181690",-1.09763626849187,1.65302816656824,22.2083956283794,4.044606272432e-06,1.08564490677381e-05
"ENSG00000140395",0.318319548908591,5.54352404683488,22.2061257660777,4.04900255762231e-06,1.08666457898826e-05
"ENSG00000078804",0.54007361043868,5.57269492071114,22.2005113151262,4.05989743247012e-06,1.08939294906903e-05
"ENSG00000143450",-0.602779381772434,1.30728947815587,22.2002698731005,4.06036661630689e-06,1.08939294906903e-05
"ENSG00000143158",0.495765390694114,6.18374217363951,22.199021820549,4.06279277708718e-06,1.08988311253188e-05
"ENSG00000165175",0.505809910252018,5.1367865868642,22.1929134400273,4.07468836741568e-06,1.09291302206985e-05
"ENSG00000259429",-0.565059692897843,0.403623504694981,22.1920137224288,4.07644346973808e-06,1.09322255717482e-05
"ENSG00000135624",-0.307954209350679,8.23597093395434,22.1877004669326,4.08486807024764e-06,1.09532036652903e-05
"ENSG00000143995",-0.63612414629917,3.12395350350414,22.1871503815533,4.08594375558629e-06,1.09544730286857e-05
"ENSG00000158856",-0.778799994219255,4.42266566656034,22.1826881087406,4.09468026827167e-06,1.09760808801015e-05
"ENSG00000113140",0.611985846771344,11.0015465572301,22.1824177012006,4.09521029537985e-06,1.09760808801015e-05
"ENSG00000179403",-0.649245382651547,6.68182317625277,22.1800350486758,4.099883543544e-06,1.09869871651655e-05
"ENSG00000188171",0.907783155772961,3.7614656638343,22.1705484523165,4.11854374560061e-06,1.10353673607814e-05
"ENSG00000145833",0.28619814460487,6.50168475897178,22.1657061339704,4.12810170005418e-06,1.10593480218862e-05
"ENSG00000148843",-0.355870949707186,6.34291026559592,22.1618169453987,4.13579456848143e-06,1.10783257159853e-05
"ENSG00000164136",-0.721586248240755,2.326632058125,22.1467722219584,4.16568997985973e-06,1.1156761795566e-05
"ENSG00000100473",-1.41641868388474,2.14244119516107,22.1450999566075,4.16902640775185e-06,1.11640536372483e-05
"ENSG00000267655",-0.565379084517948,-0.873360822052989,22.1442242452834,4.17077466502414e-06,1.1167091065429e-05
"ENSG00000204304",-0.282963874011616,5.76445956016385,22.1437319079258,4.17175788562898e-06,1.11680795442773e-05
"ENSG00000188257",-2.4927845172307,5.17381479772771,22.1417013914206,4.17581539861229e-06,1.11772966107374e-05
"ENSG00000105717",-0.744229424456482,0.538774488689166,22.1261007915815,4.20712295074768e-06,1.12594397039728e-05
"ENSG00000163393",0.705754889027729,2.7272688712138,22.1215604020005,4.2162791940424e-06,1.12822842402888e-05
"ENSG00000280157",-0.679297645706855,-0.830482635412661,22.1115116260252,4.23661547310039e-06,1.13350341607458e-05
"ENSG00000182318",0.329443000755608,2.8140681038658,22.1107887727054,4.23808217060425e-06,1.13372905602221e-05
"ENSG00000131626",0.591584960416879,6.62615485126699,22.1043764253341,4.25111557187398e-06,1.13704838266535e-05
"ENSG00000064419",-0.28721657788739,6.62740835491809,22.1021763245447,4.25559671338811e-06,1.13807959157628e-05
"ENSG00000198625",0.371015822006803,5.86443898881642,22.0881755564967,4.28422544988487e-06,1.14556736963402e-05
"ENSG00000175467",-0.492942639704817,6.06798230669058,22.0695165270717,4.3226823457942e-06,1.15568053072622e-05
"ENSG00000271976",0.339744471868813,2.25019531608655,22.0342259178653,4.39637457929075e-06,1.17520959506379e-05
"ENSG00000166839",-0.453240453642953,1.88963743499038,22.0331531307745,4.39863451115616e-06,1.17564091827933e-05
"ENSG00000111642",-0.36504216620297,5.28329936489966,22.0184790821753,4.42966502752097e-06,1.18376061593523e-05
"ENSG00000175264",1.20752521107217,4.12759301905488,22.0130006954882,4.44130657641638e-06,1.18669728238374e-05
"ENSG00000066926",0.379924312947391,5.32987486812339,22.0096501857463,4.44844163650246e-06,1.18842914930533e-05
"ENSG00000105701",-0.460924869442746,7.55741342946975,22.0085186667758,4.45085387385451e-06,1.18889896104664e-05
"ENSG00000254995",0.833747241499506,-0.491645514393212,21.9998300334862,4.46942092981914e-06,1.19368322865713e-05
"ENSG00000119383",0.352858710499503,7.50980062475691,21.9962565793071,4.47707988476823e-06,1.19555320722602e-05
"ENSG00000170085",-0.595610838938433,3.7084782122584,21.9946115618599,4.48061009660021e-06,1.19632026478222e-05
"ENSG00000063046",0.32811722575198,8.29597176388378,21.9804223717654,4.51117722126789e-06,1.20430487744636e-05
"ENSG00000142794",0.513620238693849,3.44738293298131,21.9667637667933,4.54080050687707e-06,1.21203521601233e-05
"ENSG00000153233",-1.23500803770237,0.571662173873633,21.9639400067524,4.54694927586097e-06,1.21349836286661e-05
"ENSG00000106400",-0.453948676337847,6.0338821787825,21.9598306322234,4.55591252936806e-06,1.21571210510778e-05
"ENSG00000223478",0.545162871240397,0.952003444559501,21.9570570186422,4.56197235512335e-06,1.2171505529556e-05
"ENSG00000145423",0.795196361735623,8.39630520428897,21.9482847886677,4.58119173790743e-06,1.22209908080171e-05
"ENSG00000165406",0.476655116624515,5.63082799554663,21.9469210059038,4.58418704206624e-06,1.22271878458866e-05
"ENSG00000164691",-0.665364691072132,3.37743911608759,21.9425510229263,4.59379827133876e-06,1.22510268268489e-05
"ENSG00000163214",-0.301323069357869,5.26707854167776,21.9412518427751,4.59665958251387e-06,1.22568603557781e-05
"ENSG00000101938",-1.14682931445696,3.66730307742815,21.9283439413558,4.62518599736788e-06,1.23311174025399e-05
"ENSG00000139192",-0.609351498046438,5.17211724901723,21.9238452713912,4.63517005268838e-06,1.23559245080311e-05
"ENSG00000128908",0.261704515659948,5.37862251561927,21.9227970695766,4.63749949231457e-06,1.23603225038419e-05
"ENSG00000230074",-0.636682362325409,1.32903750570384,21.9209544302777,4.64159729596917e-06,1.23694317390604e-05
"ENSG00000060688",-0.29277572418799,5.73506390554718,21.9148439690373,4.65521243291789e-06,1.24038974113552e-05
"ENSG00000197780",-0.339431770790105,5.02175517564431,21.9107993436875,4.66424674466701e-06,1.24261490833461e-05
"ENSG00000126456",-0.431944822977987,5.45579453874746,21.902436710701,4.68298227414188e-06,1.24742357355144e-05
"ENSG00000167394",0.335401459151653,2.14200675906658,21.9007198729172,4.68683805958864e-06,1.24826783757209e-05
"ENSG00000151353",-0.355820846061129,4.78454895523739,21.9002768845571,4.68783347244276e-06,1.24835014929413e-05
"ENSG00000167315",-0.467010513978387,5.62829271993967,21.8955792037417,4.69840251493105e-06,1.25098148062606e-05
"ENSG00000272690",-1.06920965493309,-0.676353691951306,21.8899323502714,4.71113894175074e-06,1.25418903794734e-05
"ENSG00000126870",0.344291593274549,4.49877834474826,21.8866764163707,4.71849853379347e-06,1.25596445679256e-05
"ENSG00000164619",-1.32022865998987,0.723780461002686,21.8775147764207,4.73926960493712e-06,1.26130868561013e-05
"ENSG00000125970",-0.362695694412821,7.52201804124295,21.8754481128739,4.74396786606024e-06,1.26237436061307e-05
"ENSG00000198521",0.604841172674692,5.13690387543583,21.872384898138,4.75094030770102e-06,1.26404479690559e-05
"ENSG00000131174",-0.405493079131139,6.61067544985106,21.8703000510979,4.75569172960105e-06,1.26512390197432e-05
"ENSG00000174842",-0.426110639048629,3.57206954227361,21.8681255470936,4.76065260169688e-06,1.26625840186696e-05
"ENSG00000012124",1.20372530634863,3.22461125356518,21.8664952401758,4.7643753849424e-06,1.26706330605838e-05
"ENSG00000247271",0.495511928522048,3.39011501498848,21.8589428068354,4.78165970459951e-06,1.27147407466748e-05
"ENSG00000253123",1.48402192701417,0.668537730135493,21.8577545220591,4.7843849520651e-06,1.27201276872036e-05
"ENSG00000286190",-0.753903688428271,0.214314279242945,21.8476330216363,4.80766165810165e-06,1.27801447292536e-05
"ENSG00000258056",0.404118929786208,2.33269212246155,21.84713312797,4.80881424094999e-06,1.27813405544934e-05
"ENSG00000272143",-0.919102905463476,0.390840794520499,21.8449878169583,4.81376376364126e-06,1.27926264367486e-05
"ENSG00000102837",-2.45837184630167,6.78398321552809,21.8428783538073,4.81863560346551e-06,1.28037026085947e-05
"ENSG00000131381",0.355247179816458,5.45737353034879,21.8291629702968,4.85043333275797e-06,1.28863104668714e-05
"ENSG00000099204",-0.54337535523186,7.14380980967797,21.809155503401,4.89719955871915e-06,1.30086556994281e-05
"ENSG00000146918",-0.416410767759444,5.83096988113689,21.7991571853624,4.92074061166839e-06,1.30692801175562e-05
"ENSG00000153094",0.368586180980051,5.51087943989347,21.7910706039555,4.93986415937731e-06,1.31181558374587e-05
"ENSG00000273723",-0.586303604134968,-0.566300127712866,21.7889973122958,4.9447792748454e-06,1.3129291306699e-05
"ENSG00000278784",0.463410655032432,1.1394150830799,21.7840201995685,4.95659862203846e-06,1.3158752844495e-05
"ENSG00000112902",0.883487160051202,5.1319691464296,21.7824844584743,4.96025137176437e-06,1.31665283055532e-05
"ENSG00000197258",0.5318339438374,1.50740681278696,21.782110397819,4.9611414846593e-06,1.31669694036164e-05
"ENSG00000103507",0.352008057796708,6.0160715157211,21.7787059548687,4.9692501087619e-06,1.31865656519057e-05
"ENSG00000134901",-0.501858397875872,3.38239130531673,21.7776786678862,4.97169950841876e-06,1.31910248473868e-05
"ENSG00000151006",-0.66399903203802,-0.581606031569335,21.7773929221551,4.97238103989904e-06,1.31910248473868e-05
"ENSG00000241769",0.852944110214126,-0.614851696891086,21.7735770481304,4.98149133201357e-06,1.32132659102615e-05
"ENSG00000275160",0.752052484102406,-0.486987415057165,21.7500469036228,5.03804304884614e-06,1.33613191852455e-05
"ENSG00000095970",0.59854343541853,4.0002269385431,21.7432185193311,5.05457542083764e-06,1.34032100530974e-05
"ENSG00000125266",-0.638297015979449,4.4175948789294,21.7428800182301,5.05539640003652e-06,1.34034329043534e-05
"ENSG00000170892",-0.385101513771164,6.15836156593063,21.732610302297,5.08036812774479e-06,1.34676775262239e-05
"ENSG00000006695",-0.289285011052486,4.18455060050813,21.7247057046141,5.09967378508816e-06,1.3516885281723e-05
"ENSG00000025423",0.576319346328592,2.54984893026476,21.7212994659778,5.10801580909604e-06,1.35370233914963e-05
"ENSG00000177989",-0.722036899316421,4.0743589448162,21.7150557655813,5.12334274458466e-06,1.35756640207613e-05
"ENSG00000167552",-0.568580181292113,8.04686317522733,21.7132508669824,5.12778203964102e-06,1.35854478859419e-05
"ENSG00000107745",0.308623548955498,6.12073040898054,21.7099440429699,5.13592553686923e-06,1.36050413143865e-05
"ENSG00000183665",0.476844507789064,4.99338295273297,21.7075731812392,5.14177214994655e-06,1.36185454875823e-05
"ENSG00000073150",-1.00758364644255,3.10839343148431,21.7038668273571,5.15092561306033e-06,1.36408030067474e-05
"ENSG00000186654",-0.551393277215567,3.50123427120334,21.6950781811225,5.172696569689e-06,1.36964631255647e-05
"ENSG00000058600",0.279808095078857,5.37102960910448,21.690669220084,5.18365333436751e-06,1.37234769789631e-05
"ENSG00000235092",-0.669182236778332,1.03347963269768,21.6902523425852,5.18469053557869e-06,1.37242252162866e-05
"ENSG00000196233",0.37437889459423,5.86232552923436,21.6824912613953,5.20403866107968e-06,1.37734364330206e-05
"ENSG00000135094",0.643444964496375,3.68700284365357,21.6655763708399,5.24646030354885e-06,1.38836927107444e-05
"ENSG00000283103",0.396739938239803,0.782153612494403,21.6586180947351,5.26401264779131e-06,1.39281149313396e-05
"ENSG00000175707",-0.400443190065603,4.62574704044739,21.657959477094,5.26567709287725e-06,1.3930492358582e-05
"ENSG00000152620",0.399905246767178,5.20762033790323,21.6539131507763,5.27591457159236e-06,1.39555459901283e-05
"ENSG00000008869",0.311868246206344,5.80147465685884,21.6501206834643,5.2855280424209e-06,1.39789419856843e-05
"ENSG00000176834",0.466984945170853,4.7816664631506,21.6445703191369,5.29962952439405e-06,1.4014199155231e-05
"ENSG00000140326",0.300418259646826,3.89171030536975,21.6418484807833,5.30655863491375e-06,1.40304824032288e-05
"ENSG00000168036",-0.408140477264559,9.09561162492809,21.6395202258645,5.31249305154599e-06,1.4044131340337e-05
"ENSG00000162496",-0.580350481535799,5.78516287298349,21.636482413308,5.32024612973268e-06,1.40625834337419e-05
"ENSG00000197253",1.21195848456285,3.1299557372692,21.6355689844418,5.32257961152715e-06,1.40667070581889e-05
"ENSG00000047056",-0.349218527194335,4.87007466807341,21.6259161525028,5.34730247216251e-06,1.41299923527084e-05
"ENSG00000129951",1.67301717468567,2.90635846960156,21.6169155339932,5.37045949912479e-06,1.41891222211043e-05
"ENSG00000150764",0.479764973478308,4.76352274620476,21.6085678923699,5.39202716824324e-06,1.42440363305749e-05
"ENSG00000174306",0.416917712934511,5.08218796644636,21.6074294363294,5.39497535872334e-06,1.42497548394511e-05
"ENSG00000143590",-0.885656402224912,3.89524360681886,21.5918300083416,5.4355368386053e-06,1.43540018997659e-05
"ENSG00000168661",0.401809645760572,2.91855723488529,21.5916441989854,5.43602183228433e-06,1.43540018997659e-05
"ENSG00000261423",-0.478151449458481,-0.471067996699919,21.5858032746227,5.45128995781172e-06,1.4392228444285e-05
"ENSG00000125538",-0.815215689225699,2.63074809838007,21.5832100488547,5.45808252138492e-06,1.44080703772059e-05
"ENSG00000101596",-0.408447056216332,6.47643109150271,21.5813146981557,5.46305252001007e-06,1.44190972622179e-05
"ENSG00000115459",0.302267117295272,4.27184403656603,21.5784548640641,5.47056025590921e-06,1.44367973700652e-05
"ENSG00000111880",-0.316470978011113,4.76104961291654,21.5781557217502,5.471346177252e-06,1.44367973700652e-05
"ENSG00000106484",-0.969778960426351,5.93061663756965,21.5693660489761,5.49448987385661e-06,1.44957617965918e-05
"ENSG00000186448",0.310122977051657,4.68032756420854,21.5601046751282,5.51898271143829e-06,1.45582679558578e-05
"ENSG00000136950",-0.364739314718061,5.9042275052999,21.5569537714443,5.5273408106171e-06,1.45782010822946e-05
"ENSG00000178252",0.387152329512204,6.82013823871913,21.5516090797788,5.54154744239147e-06,1.46135515270721e-05
"ENSG00000276141",0.633110843381587,0.567114595221018,21.545670800245,5.55737519072599e-06,1.46531661306066e-05
"ENSG00000173744",-0.367406650178232,6.6159209202741,21.5408217178073,5.57033372201977e-06,1.46852050639362e-05
"ENSG00000079134",-0.31804393402296,5.03043084550182,21.539151676811,5.57480375636569e-06,1.46948595247506e-05
"ENSG00000132635",0.462852805533464,4.67577637099178,21.5308986353205,5.59694717636241e-06,1.47510904569888e-05
"ENSG00000171840",-0.592270396325468,2.6916577588839,21.5294619555461,5.60081095675999e-06,1.4759134987185e-05
"ENSG00000106624",0.705308592173963,9.29709030389309,21.5190139908405,5.62899077899966e-06,1.48312450077424e-05
"ENSG00000198252",0.327737056812467,5.15096532665556,21.5079743919624,5.65892214861771e-06,1.49079484413469e-05
"ENSG00000087237",-0.56887543842987,0.951404198567227,21.5057809764936,5.6648882371162e-06,1.4921504309438e-05
"ENSG00000276564",0.695710229915261,0.0262956627502315,21.5036412476606,5.67071442730728e-06,1.49346878082631e-05
"ENSG00000267254",-0.569137940516488,2.21249716357238,21.4997726454132,5.68126349087505e-06,1.49603040932439e-05
"ENSG00000247240",0.361576688747644,1.07983832541232,21.4913922906229,5.70418349786174e-06,1.50184842876533e-05
"ENSG00000261141",0.609046024011569,-1.79645861019268,21.4894495891104,5.70951006315359e-06,1.50303327585233e-05
"ENSG00000272667",-0.425021323235749,0.00538719048959749,21.485903807576,5.71924498027225e-06,1.50537811434431e-05
"ENSG00000105559",-0.729380362172668,4.82469593533779,21.4715326225894,5.7588731595632e-06,1.5155894230377e-05
"ENSG00000214922",-0.681854637390219,-0.20473165065551,21.4684150902308,5.76750626379092e-06,1.51764183920471e-05
"ENSG00000266490",0.536114138953646,-1.51802704629043,21.4551602710251,5.80435801712201e-06,1.52711794612202e-05
"ENSG00000219470",-0.533528285781714,-0.0273948867956302,21.4526745369191,5.8112954582298e-06,1.52872203925779e-05
"ENSG00000102054",0.487092704607234,7.87019797478952,21.4341026274586,5.86339391848812e-06,1.54220402877024e-05
"ENSG00000279320",-0.650999146781071,-0.460047956665659,21.4329373774796,5.86667841606333e-06,1.54284480959167e-05
"ENSG00000228801",-0.585422002231609,4.06969073960038,21.4186268214868,5.90716774496736e-06,1.5532682802583e-05
"ENSG00000167555",0.636149470597061,4.12055547432239,21.4103139545899,5.93081725598084e-06,1.55926140866984e-05
"ENSG00000267383",-0.952676327968108,1.52702280039508,21.4013336277982,5.95647325283279e-06,1.56578025036165e-05
"ENSG00000180998",0.645033579320409,2.34255784362241,21.3929492378808,5.98052802121845e-06,1.57187635332256e-05
"ENSG00000188290",-0.839241495700728,2.72735397333124,21.3905206127123,5.98751406629997e-06,1.57348512986366e-05
"ENSG00000235947",1.44862793821288,0.464227497968353,21.3866694383229,5.99860905972217e-06,1.57617309416681e-05
"ENSG00000124743",-0.683860314486379,0.942338040555992,21.3834655443392,6.00785512107236e-06,1.57837453332463e-05
"ENSG00000260698",0.56638699912287,-1.56930306423673,21.3736064428745,6.03639784520744e-06,1.58564419423213e-05
"ENSG00000088992",-0.950842751501046,0.967765685861003,21.368672553514,6.05073321659025e-06,1.58918029954287e-05
"ENSG00000176396",-0.375469066636253,3.94758886132279,21.3309991932742,6.16133409587683e-06,1.6177844661542e-05
"ENSG00000164346",0.353060958027618,6.25051676439707,21.3309697718244,6.16142126514742e-06,1.6177844661542e-05
"ENSG00000173327",-0.379873685152607,6.32437888957416,21.3272266777665,6.17252140702836e-06,1.62046505991674e-05
"ENSG00000111341",-1.20345022889982,10.377739604897,21.3202442711743,6.19328180794527e-06,1.62552472219054e-05
"ENSG00000215808",-1.52594412827024,2.2773188734013,21.320143594267,6.19358166086456e-06,1.62552472219054e-05
"ENSG00000278962",0.759166292265554,1.08433260496216,21.3145907623576,6.21014279742589e-06,1.62963608713868e-05
"ENSG00000119703",0.440232908309318,1.78212834477659,21.3131620905966,6.21441100243636e-06,1.63052087871195e-05
"ENSG00000050426",0.303765008068191,5.41874321358584,21.312334616476,6.21688446591343e-06,1.6309345833843e-05
"ENSG00000108309",1.63434739700865,1.63541075303475,21.3090119117948,6.22682663591495e-06,1.63330722316154e-05
"ENSG00000180549",-0.850927685341794,-0.409974673228675,21.30087673016,6.25123659594842e-06,1.63947355742048e-05
"ENSG00000102897",0.377900025572201,4.85666708597176,21.2996132285678,6.25503645954945e-06,1.64023360908716e-05
"ENSG00000149679",-0.434244863618075,4.76563576204015,21.2985797189724,6.25814638040577e-06,1.64064345949334e-05
"ENSG00000167258",0.662896244680662,6.99913456021095,21.2984942879203,6.25840351988387e-06,1.64064345949334e-05
"ENSG00000175061",-0.562604183951205,7.58686963532279,21.2972484828616,6.26215449089003e-06,1.64139019859213e-05
"ENSG00000130816",-0.428629036174276,7.3046067757742,21.2914376919508,6.27968014933267e-06,1.64574672270984e-05
"ENSG00000133256",0.873340011962724,2.97113847903529,21.2905679242481,6.28230768041877e-06,1.64619812838865e-05
"ENSG00000213763",-0.394919178013955,-0.857042856205466,21.2659676899451,6.35708619628003e-06,1.66555292045435e-05
"ENSG00000231043",0.389568396080544,-1.17541193579324,21.2655875896344,6.35824864033807e-06,1.66561754674447e-05
"ENSG00000099917",-0.297221087049924,6.3846643643824,21.2596190910403,6.37653005365062e-06,1.67016602269294e-05
"ENSG00000203288",-0.566328575475213,-0.188097433268309,21.2566737043299,6.3855713058052e-06,1.67229331763837e-05
"ENSG00000073331",-0.453296672217661,4.87152458378127,21.2550957981498,6.39042022871663e-06,1.67332224474371e-05
"ENSG00000181619",0.695955792264331,0.474582301277353,21.2527299110379,6.3976976042797e-06,1.67498667088872e-05
"ENSG00000118412",-0.407900167827622,5.15182846835269,21.2404048399613,6.43574482582032e-06,1.68470533811197e-05
"ENSG00000168118",-0.366218423685331,5.88200784287116,21.2264816991921,6.47900061278673e-06,1.69578447467787e-05
"ENSG00000167792",-0.478386268871974,6.79889683337255,21.2108361955802,6.5279583296666e-06,1.70835260575505e-05
"ENSG00000110013",0.499066675586255,4.79553255607236,21.2083890434039,6.53564969518514e-06,1.71011935917173e-05
"ENSG00000144445",-0.411066088679358,3.78858791521953,21.2040399104872,6.54934158572403e-06,1.71345547700156e-05
"ENSG00000095752",-0.839760539943649,0.321699413978633,21.1947962836701,6.5785386985319e-06,1.72084656765279e-05
"ENSG00000011260",0.442503219829284,5.85475481337919,21.1858106539577,6.607047079286e-06,1.72805539657828e-05
"ENSG00000088451",-0.386499825987218,3.73225351080833,21.1842956499822,6.61186597208013e-06,1.72906712149811e-05
"ENSG00000063978",0.252297158006726,6.44235835376137,21.1824960754789,6.61759464001052e-06,1.73031643635008e-05
"ENSG00000187527",-1.64392480083966,2.38601470602264,21.1637742866454,6.67749116998244e-06,1.74572674140636e-05
"ENSG00000286599",0.43037707168918,-0.38553811459494,21.1624309184682,6.68181002640131e-06,1.74660478241143e-05
"ENSG00000143257",-0.583402816596929,-0.230634685913666,21.1590725182357,6.69261946653393e-06,1.74917894607442e-05
"ENSG00000021762",0.432450554978229,5.14208885287063,21.1483078049297,6.72738641618682e-06,1.75801299048284e-05
"ENSG00000149474",0.325175783538549,4.79254956848558,21.1435782354353,6.74271927923746e-06,1.76176667505776e-05
"ENSG00000261884",-0.528029725672546,-0.103781965617991,21.1170021056785,6.82953651597521e-06,1.78419434289798e-05
"ENSG00000136159",-0.391545741772335,4.51816022440987,21.1018285917636,6.87961054347833e-06,1.79701790269688e-05
"ENSG00000272106",-0.479708744822672,2.52402697395595,21.0997372691,6.88654116192655e-06,1.79856994045261e-05
"ENSG00000100478",0.379073710557567,3.00538099141632,21.0969831190802,6.89567915713575e-06,1.80069795419935e-05
"ENSG00000236255",0.610072028059285,1.26699324152112,21.0916719993649,6.91333556580171e-06,1.80504948709161e-05
"ENSG00000133056",0.404141891329906,5.50019942189297,21.0890819847133,6.92196244924772e-06,1.80704252945195e-05
"ENSG00000047365",-0.591254838844797,4.46944574435521,21.0839301144401,6.9391548059978e-06,1.81127077513617e-05
"ENSG00000272512",-1.06299301475885,1.60738662015045,21.0721919466748,6.97848784172702e-06,1.82127617829432e-05
"ENSG00000213967",-0.788660052021896,2.46187564003143,21.0716122988035,6.98043599672075e-06,1.8215232411529e-05
"ENSG00000182782",-0.944674000028554,0.823880426399141,21.0633247854841,7.00834996599328e-06,1.82854496028527e-05
"ENSG00000143384",-0.353254942652489,9.02165047848427,21.0559187989235,7.03339029518728e-06,1.83481501274908e-05
"ENSG00000152932",1.72170893357801,0.817983562389034,21.052417706945,7.045259293766e-06,1.83764772744896e-05
"ENSG00000256537",-0.438335593200969,5.15865697966947,21.0473968521152,7.0623157835806e-06,1.84183251321715e-05
"ENSG00000261840",-0.652279042384788,-0.589896434482596,21.0458988358611,7.06741282247694e-06,1.84289755433994e-05
"ENSG00000078725",-2.05093012056336,2.01675630569907,21.0267913793394,7.13275377906583e-06,1.85966923356722e-05
"ENSG00000078177",0.561179137250766,4.68462945997354,21.0239925775122,7.14237589425117e-06,1.86191103288864e-05
"ENSG00000142661",-0.779375874859785,0.173495513251536,21.0193077697877,7.15851137539953e-06,1.86584988386023e-05
"ENSG00000171161",-0.341959468348661,5.78196906258712,21.0124642050687,7.1821483695115e-06,1.87174257837334e-05
"ENSG00000112414",-0.856835231010519,4.83671137743642,21.0078059792818,7.1982825582764e-06,1.87567855544314e-05
"ENSG00000041982",-0.95360167411312,8.29041504480646,21.0070681434963,7.20084148067292e-06,1.87607656282021e-05
"ENSG00000141314",1.33581270328031,1.29158322167021,21.0061447517117,7.20404523469852e-06,1.87664243381118e-05
"ENSG00000286058",1.46739680721353,0.932207551390847,21.0011894562868,7.22126252415788e-06,1.88085812386343e-05
"ENSG00000169583",-0.999803362881711,2.51743538429245,20.9979554268202,7.23252167385027e-06,1.88352096512011e-05
"ENSG00000106526",-0.539661343801712,1.8881657745599,20.9930298054655,7.24970416137112e-06,1.88734064069744e-05
"ENSG00000006530",-0.288549313941994,5.0865515611509,20.9930044950453,7.24979256052503e-06,1.88734064069744e-05
"ENSG00000159261",-0.814550279642862,-0.723449047057429,20.9928586733595,7.25030187846549e-06,1.88734064069744e-05
"ENSG00000091483",-0.375857257644402,6.91006177220603,20.9787103955287,7.29989069806697e-06,1.89997727556443e-05
"ENSG00000023516",0.448572569097788,6.06059174054652,20.9657516177306,7.34561135575649e-06,1.91160365343395e-05
"ENSG00000100058",-0.507420135589866,3.52706690175923,20.9648141666226,7.34893004711651e-06,1.91219370095787e-05
"ENSG00000280047",0.505389459193887,-0.00653547757266998,20.9623979920639,7.3574905931247e-06,1.91414731666074e-05
"ENSG00000261474",0.511374850437222,0.837057421313342,20.9566174064685,7.37801225632293e-06,1.91921176942222e-05
"ENSG00000272655",0.538029482976932,1.002350018355,20.9387220783433,7.44191026242327e-06,1.93555646865372e-05
"ENSG00000107719",-0.471999741536419,3.94247131939583,20.9384167516874,7.44300532087423e-06,1.93556449493938e-05
"ENSG00000181090",0.287714986298378,6.05482856385469,20.9223474150926,7.50086883559781e-06,1.9503331291187e-05
"ENSG00000088888",0.375036801116847,7.05369509879159,20.9165766109042,7.52175958392067e-06,1.95537623391097e-05
"ENSG00000115457",1.07647872362967,7.02849605680444,20.9163959583883,7.52241450883827e-06,1.95537623391097e-05
"ENSG00000152760",-0.711926623556049,-0.597847616336438,20.9160796009405,7.52356154781254e-06,1.95539493328972e-05
"ENSG00000067082",-0.462941305718181,7.62020854343012,20.9135741469647,7.53265199550585e-06,1.95747784675326e-05
"ENSG00000268350",-0.433820830062051,-1.55794446579035,20.9118589124397,7.53888172409713e-06,1.95881686854112e-05
"ENSG00000166598",-0.316984004729035,9.90007079798305,20.9096155486885,7.54703748288828e-06,1.96065587400046e-05
"ENSG00000173264",0.384357482795809,4.87176061013705,20.9077815046156,7.55371178815519e-06,1.96210954017376e-05
"ENSG00000121900",-0.503306093483831,5.34655350019037,20.9065109636667,7.55833893849204e-06,1.96303110971431e-05
"ENSG00000205795",0.763078197525174,2.18449338416873,20.9024938469975,7.57298764276473e-06,1.96655481505718e-05
"ENSG00000266903",0.984597928127685,0.867795687357329,20.9011830372313,7.57777381588782e-06,1.96751677606521e-05
"ENSG00000108094",-0.302798988192176,5.94409254127621,20.8973266753184,7.59187233830774e-06,1.97089600469799e-05
"ENSG00000137713",-0.348310820367666,5.3724830002536,20.8916905616442,7.61252521597826e-06,1.97597557625535e-05
"ENSG00000142252",0.439261090170901,-1.09942329814446,20.8877184630854,7.62711463498433e-06,1.97948003683069e-05
"ENSG00000125144",-1.34744347719623,3.4803306721406,20.8857308135231,7.63442583592983e-06,1.98109483669413e-05
"ENSG00000137337",-0.376806626908693,5.99063196110219,20.8821489171399,7.64761908105834e-06,1.98423531877731e-05
"ENSG00000125459",-0.355859995562892,3.99859302587528,20.8688803376851,7.69669267249951e-06,1.99668301707918e-05
"ENSG00000125814",0.595184563086366,4.19948253387852,20.8674621276064,7.70195670180273e-06,1.99776366931529e-05
"ENSG00000184937",1.57950292348757,2.68544923677395,20.865396173788,7.70963150542454e-06,1.99946924027751e-05
"ENSG00000253669",0.572596301314632,0.792510920029949,20.8647491322275,7.71203678792693e-06,1.99980788564036e-05
"ENSG00000166250",-0.654084756610614,5.0784208979948,20.8607170366514,7.72704262628533e-06,2.0034134182021e-05
"ENSG00000238227",-0.402907266121414,5.48126272037033,20.8597070531555,7.7308060018197e-06,2.00410347150936e-05
"ENSG00000032444",-0.379064175647102,5.70412189520128,20.8435396084474,7.79130173682782e-06,2.01949830396786e-05
"ENSG00000130147",0.557760266125753,6.82235056026726,20.834689797519,7.82461873530689e-06,2.0278450492699e-05
"ENSG00000070214",0.356390086840893,7.53261535881499,20.8228188476451,7.86953587300375e-06,2.03919530500345e-05
"ENSG00000172888",0.350533605654581,5.17004980419634,20.8203088245345,7.87906661790565e-06,2.04137412601806e-05
"ENSG00000113269",-0.281438286123758,6.25910378487937,20.8142654661167,7.90206162459236e-06,2.04704026247096e-05
"ENSG00000184012",-1.05490475594532,4.38816794496056,20.8111215079835,7.91405123098451e-06,2.04985422656147e-05
"ENSG00000280434",-0.813563359799521,-0.882511501363616,20.8097029585305,7.91946694693885e-06,2.05096489863198e-05
"ENSG00000101624",-0.349131016677898,3.29169099713153,20.7906868058394,7.99242951983306e-06,2.0695658899021e-05
"ENSG00000175581",-0.370917196908192,4.80913713255766,20.7812470766494,8.02890073222093e-06,2.07871382943252e-05
"ENSG00000244398",-0.579477519002034,3.02689200492001,20.7749426321813,8.05335221396557e-06,2.08474765254207e-05
"ENSG00000110025",0.523304822328123,-0.909347568133764,20.7642815479166,8.09487222300728e-06,2.09519760910853e-05
"ENSG00000145901",-0.315960309184897,6.92777276569428,20.7492792770753,8.15366616489796e-06,2.11011497164434e-05
"ENSG00000189060",0.518332055296149,8.51193030375999,20.7369384145551,8.20235372366303e-06,2.12241299652843e-05
"ENSG00000100523",0.375216833898335,4.45817745205507,20.7303330424869,8.22853416352657e-06,2.12888448600599e-05
"ENSG00000276248",-0.681664329856028,0.271806866160648,20.715432689611,8.28790265028817e-06,2.143939317358e-05
"ENSG00000111602",0.380274133825707,6.21135454083279,20.7058370731275,8.32636428961058e-06,2.15358239049257e-05
"ENSG00000135253",-0.676110996182169,0.873679595413592,20.704492695102,8.33176729482514e-06,2.1546734474375e-05
"ENSG00000115289",-0.303015075749581,4.1369745388936,20.7018672048997,8.34232927038263e-06,2.15689174324802e-05
"ENSG00000250312",0.519957229392313,3.21618539725308,20.7017709235824,8.34271685383208e-06,2.15689174324802e-05
"ENSG00000132535",0.471859797722312,3.57961707267171,20.6999076836466,8.35022097236558e-06,2.15852500064504e-05
"ENSG00000006576",0.28826166616073,5.43503016060406,20.692955031511,8.37828280264685e-06,2.16547118963395e-05
"ENSG00000154079",-0.398352368535432,3.29033833070161,20.6823658770041,8.42120543845204e-06,2.17625581862128e-05
"ENSG00000157470",-0.787132406127925,2.1794876143559,20.682057776375,8.42245763437873e-06,2.17627020108084e-05
"ENSG00000280927",0.561179205069792,0.166513077724263,20.6686157418846,8.47727309162333e-06,2.19012276975064e-05
"ENSG00000273899",-0.453197612655633,1.07088214449363,20.6643834013466,8.49460680218289e-06,2.19428928444969e-05
"ENSG00000198937",-0.417592111442359,4.43929482873511,20.6595206496806,8.5145666504587e-06,2.19913289177141e-05
"ENSG00000231475",-1.36662458713821,3.31619224910273,20.6272591818402,8.64819529550798e-06,2.23332920679681e-05
"ENSG00000174939",-1.25459362756437,2.6675885439922,20.6252115954472,8.65674775310412e-06,2.23522044482478e-05
"ENSG00000178802",0.312013695178659,5.21827940097496,20.6220245756031,8.67007647616596e-06,2.2383442292194e-05
"ENSG00000120051",-0.872900484432321,-0.0925216834867123,20.6105663680871,8.71816859971382e-06,2.25044068253754e-05
"ENSG00000283475",-0.627441551548135,0.985715816533241,20.6029750401189,8.75017927214117e-06,2.25838315030089e-05
"ENSG00000197822",0.66229779331896,4.62834378109152,20.5998047983303,8.76358253310862e-06,2.26152155380505e-05
"ENSG00000164011",-0.311910044436404,3.76512888736253,20.5991906767531,8.76618133837246e-06,2.26187127510737e-05
"ENSG00000221838",-0.310534511134614,4.59113211257498,20.5976281867021,8.77279691166227e-06,2.26308026980886e-05
"ENSG00000001461",-0.481282610612425,5.78558702994609,20.5972538861555,8.77438244755386e-06,2.26308026980886e-05
"ENSG00000164081",0.429780015559681,5.8281135631794,20.5972025876221,8.77459977055867e-06,2.26308026980886e-05
"ENSG00000213965",-0.449243081957271,5.26194442199284,20.5962689043397,8.7785562125175e-06,2.26377967380219e-05
"ENSG00000090581",0.420435096935366,5.62102894591305,20.5956019970537,8.78138330766385e-06,2.26418768925135e-05
"ENSG00000246582",-0.553640054770441,0.998934448285183,20.5913028103163,8.7996301630005e-06,2.26857084910919e-05
"ENSG00000143786",0.481569364752077,2.33290026108581,20.590362792092,8.80362494944137e-06,2.26927906151417e-05
"ENSG00000188559",0.579419839511063,5.62796820574502,20.586434196933,8.82034012681357e-06,2.27326549846231e-05
"ENSG00000125731",-0.506308030721812,3.92066316116355,20.5849994549679,8.82645259044542e-06,2.27440332525446e-05
"ENSG00000159063",0.511836556731341,6.07008844911156,20.5848109682322,8.82725592312034e-06,2.27440332525446e-05
"ENSG00000135119",-0.565300403664292,3.47852933453106,20.5777453335593,8.85742315225234e-06,2.28185286534229e-05
"ENSG00000213341",0.301266094420062,5.09954954805744,20.5682483212121,8.89813568785051e-06,2.29201659666655e-05
"ENSG00000238083",0.501598130046584,1.96206636041386,20.5568198979315,8.94737899781e-06,2.3043745286345e-05
"ENSG00000135547",-1.04417954200065,3.5833763866553,20.545183604993,8.99780125192081e-06,2.31703255231397e-05
"ENSG00000143457",0.416599138968954,6.25314584263129,20.5447064855786,8.99987482405472e-06,2.31723843856041e-05
"ENSG00000147459",-0.558844999486059,5.26178137912001,20.5319680904846,9.05541528621884e-06,2.33120867976997e-05
"ENSG00000166704",0.382337404871066,4.22713503038175,20.5305988894579,9.06140571619368e-06,2.3324207071346e-05
"ENSG00000139233",0.337959884701593,4.1440539600165,20.5296075298074,9.06574554359612e-06,2.33320758379689e-05
"ENSG00000287721",0.647784834967313,-1.17409988436678,20.5286372998068,9.06999490857219e-06,2.3339709592121e-05
"ENSG00000197894",-0.274894987893067,6.73744507643271,20.522220971316,9.0981475916908e-06,2.34088426082434e-05
"ENSG00000061273",0.274699601889623,6.07598789213285,20.5193298591883,9.11086168837058e-06,2.34382393759666e-05
"ENSG00000143537",-0.50113331179176,8.16934173730008,20.5182982199885,9.11540282520618e-06,2.34466053719205e-05
"ENSG00000105983",0.328892163450703,6.15962017215473,20.5161570206994,9.1248354053831e-06,2.34675489752698e-05
"ENSG00000174871",-0.77835701723319,2.89385795666008,20.512838341308,9.13947462941241e-06,2.35018753795777e-05
"ENSG00000181274",-0.390257719033663,4.58311765980427,20.5084248482092,9.15898006614611e-06,2.35487036249739e-05
"ENSG00000125844",-0.477190118758341,8.59180045484856,20.5070630899901,9.16500685473307e-06,2.35608685051428e-05
"ENSG00000272654",0.43223494540306,0.30068973534718,20.4978275231754,9.20598708202727e-06,2.36628735228819e-05
"ENSG00000235316",0.618808911296869,0.218766520176296,20.4932553390332,9.22634341026648e-06,2.37118459722943e-05
"ENSG00000185189",-0.541321608424875,5.27818645968292,20.4891680570243,9.24457939603168e-06,2.37553560405516e-05
"ENSG00000120333",0.297142852083697,5.18306500165489,20.4888650797451,9.24593262262839e-06,2.37554771211139e-05
"ENSG00000186866",-0.340164238200106,4.61378847196985,20.483970930072,9.2678197791318e-06,2.38083483252612e-05
"ENSG00000113430",-1.70896349525395,2.03222561958817,20.4727196325836,9.31833573684019e-06,2.39347394974791e-05
"ENSG00000162869",-0.239101372139027,4.89793260115299,20.4673252241651,9.3426541926676e-06,2.39917546029376e-05
"ENSG00000175564",-0.492634782512451,0.499046473997677,20.4672106931606,9.34317120368415e-06,2.39917546029376e-05
"ENSG00000161905",1.49241393889788,1.7910087340703,20.4621789196017,9.36591401415359e-06,2.4046759470557e-05
"ENSG00000021574",-0.297335128511305,5.25138537798559,20.4609914709305,9.37128925434891e-06,2.40571642848409e-05
"ENSG00000235016",0.532765015191534,-0.812350252984325,20.4590420830293,9.38012034303847e-06,2.40764364661563e-05
"ENSG00000243943",-0.475895510563901,4.89415814727334,20.4573415781036,9.38783082044743e-06,2.40928272840832e-05
"ENSG00000140543",0.57991092259147,0.0867324996555935,20.4527087658014,9.40886959248872e-06,2.41434142421254e-05
"ENSG00000101463",0.95262378539888,2.48548641111518,20.4446449034876,9.44560346016465e-06,2.42342552875546e-05
"ENSG00000172167",-0.462725171532282,3.97008755800854,20.4442096553064,9.44759029787923e-06,2.42359340391858e-05
"ENSG00000196367",-0.319401900365502,6.89854066241726,20.4394226123278,9.46947029203676e-06,2.42886370993604e-05
"ENSG00000250959",0.565109448077728,0.723533201328012,20.42681827638,9.52732605081769e-06,2.44335880163948e-05
"ENSG00000167994",-0.529018669390288,4.05072081825032,20.421936549808,9.54982984690138e-06,2.44878479142031e-05
"ENSG00000174238",-0.270597747011037,6.68513536382335,20.4153545477524,9.58025672963629e-06,2.45624061740379e-05
"ENSG00000270571",1.03885582897967,0.922943210081011,20.41442459155,9.58456357495456e-06,2.45699848204755e-05
"ENSG00000120519",0.328251075405621,3.54126902734931,20.4097731404698,9.60613495335119e-06,2.46218126453708e-05
"ENSG00000152402",0.843953482710508,3.64304355376811,20.4059362965348,9.62396550384579e-06,2.46640389719526e-05
"ENSG00000137273",-0.719308846655521,1.56748151048571,20.4029373637198,9.6379254294589e-06,2.4696335265004e-05
"ENSG00000118508",-0.472142854207532,4.68232071563032,20.4004790395657,9.64938411833157e-06,2.47222141631518e-05
"ENSG00000162241",0.435800603979314,3.25482945281648,20.3984559099732,9.65882462490348e-06,2.47429158137668e-05
"ENSG00000091129",1.15831403927868,3.94042403131812,20.3943620420317,9.67795638706549e-06,2.47884341315233e-05
"ENSG00000136404",0.509487105688925,0.931861040794363,20.3908496151853,9.69440146940486e-06,2.48270591277859e-05
"ENSG00000091136",-0.550890347983473,7.56273958285231,20.3844359045292,9.7245032539669e-06,2.49006427119738e-05
"ENSG00000277290",0.635531779644095,-1.10271902818274,20.3820370017668,9.73578642436234e-06,2.49260252655268e-05
"ENSG00000235831",0.694686523247563,1.37123423162467,20.3806496071157,9.74231803911381e-06,2.49392372266576e-05
"ENSG00000114378",-0.968435168842144,1.69490114390807,20.3700787555316,9.79222956594537e-06,2.50634775324253e-05
"ENSG00000177469",-0.525986601049486,7.84995403026233,20.36863754614,9.79905441573151e-06,2.50774168725657e-05
"ENSG00000186792",-0.561492111768079,2.37829171886013,20.3662477802516,9.81038176325627e-06,2.5102873313183e-05
"ENSG00000180245",0.69228557889066,-0.746349401475514,20.3622561041427,9.82933161892141e-06,2.51478243754315e-05
"ENSG00000228205",-0.579250534030552,-0.307696871330735,20.3613411932083,9.83368022876562e-06,2.5155411533163e-05
"ENSG00000280385",-0.533575701694904,2.16542415156277,20.3553416342193,9.86224465074422e-06,2.52249340047442e-05
"ENSG00000013364",0.507667740564819,7.09138228542694,20.3419575941209,9.92627009928094e-06,2.53851238140778e-05
"ENSG00000285725",-0.632089628816818,-0.886987763362413,20.3353376057536,9.95809350919087e-06,2.54629277021178e-05
"ENSG00000125454",-0.34921282357996,3.31497039769521,20.3348368465501,9.96050493874288e-06,2.54655136106066e-05
"ENSG00000177692",0.412010757459445,0.695893111280035,20.3333576169435,9.96763168914679e-06,2.54801525175266e-05
"ENSG00000279277",-0.872803888615592,-0.546226552058652,20.3273475369165,9.99664063015053e-06,2.55507166640216e-05
"ENSG00000115423",0.926496412436786,0.619110046885354,20.3221700078856,1.00216995588344e-05,2.56111664431754e-05
"ENSG00000117475",0.334155208474922,5.43773782500869,20.3183432381917,1.00402617277305e-05,2.56549986378142e-05
"ENSG00000120332",1.14013910576691,2.64971600984599,20.3031898803101,1.0114106963642e-05,2.58400586395168e-05
"ENSG00000106305",-0.31136459631184,3.97555260242704,20.296968383808,1.01445843991639e-05,2.5914283855617e-05
"ENSG00000287271",-0.888563987211181,1.26229699339718,20.2926114041543,1.01659833697371e-05,2.59653005938462e-05
"ENSG00000172725",0.489915933077525,6.75833759712871,20.2893546142335,1.01820086628102e-05,2.60025798313946e-05
"ENSG00000268751",1.80842549265917,2.66590304475802,20.2886954813604,1.01852550866266e-05,2.60072188004443e-05
"ENSG00000067596",0.275051617926667,6.25275733257475,20.284333877617,1.02067636783127e-05,2.60584808788815e-05
"ENSG00000149806",-0.459985357354712,7.52123936480808,20.2837177903897,1.02098055211297e-05,2.60625884657273e-05
"ENSG00000213465",-0.425229147146792,4.44367147168493,20.2832856783854,1.02119395597065e-05,2.60643778714485e-05
"ENSG00000176896",0.333198637270028,2.50974691801298,20.2823382258581,1.02166202507526e-05,2.60726657949612e-05
"ENSG00000138698",0.440900457587164,6.07834434382178,20.2729068032015,1.02633327275095e-05,2.61882008484768e-05
"ENSG00000283041",-0.597191861346264,3.36714814854917,20.2673058854285,1.02911754641069e-05,2.62555616974577e-05
"ENSG00000146904",-0.452316480581694,4.38712813860421,20.2665587033174,1.02948955554377e-05,2.62613689147687e-05
"ENSG00000220804",0.504448571480086,0.590809836019483,20.2636250769882,1.03095147382084e-05,2.62949732237462e-05
"ENSG00000185070",-0.88114344400824,3.72779036057287,20.2527058876299,1.03641133054412e-05,2.643052338746e-05
"ENSG00000100284",-0.39469509073648,5.93481938309799,20.2516234286164,1.03695417722926e-05,2.64406597160321e-05
"ENSG00000136114",0.434376941641044,1.99955489204971,20.245729923833,1.03991478492392e-05,2.65124335691004e-05
"ENSG00000140538",-1.62346202908468,3.62103918537743,20.2434152933269,1.04107987922639e-05,2.65384174399013e-05
"ENSG00000253873",-0.858243714884542,0.180665482283225,20.2363716704877,1.04463349327568e-05,2.66252718269312e-05
"ENSG00000244306",-0.77479034542285,1.05115242937431,20.2291838656583,1.04827250097396e-05,2.67142780548051e-05
"ENSG00000187764",-0.393419362166383,5.60829780119131,20.2254890247258,1.05014809540478e-05,2.67583266450296e-05
"ENSG00000267023",0.545079768485325,2.85554230242239,20.2250114038907,1.05039079545777e-05,2.6760761714226e-05
"ENSG00000163466",-0.263749059544831,8.08378723151979,20.222955594681,1.05143609005472e-05,2.67836409046431e-05
"ENSG00000014138",-0.441983835187072,2.75376020999043,20.222214157694,1.05181333848855e-05,2.6789498670256e-05
"ENSG00000124143",1.8298807686946,2.11375172818082,20.2199720620996,1.05295496609482e-05,2.68148206711461e-05
"ENSG00000270021",0.601016557130159,-0.286903713387449,20.2195051642928,1.05319285823327e-05,2.68171240452845e-05
"ENSG00000229204",0.431726907739751,0.097918186469135,20.2115007146833,1.05727972473633e-05,2.6917418299978e-05
"ENSG00000079805",-0.316649825166124,7.12850260063308,20.2101470668947,1.05797244693219e-05,2.69312846253361e-05
"ENSG00000167112",0.320883041778444,5.39627551328076,20.2091257436051,1.05849540770021e-05,2.69408263017793e-05
"ENSG00000132196",0.41432119865733,3.85232096170146,20.2050870847372,1.06056593509178e-05,2.69897484643198e-05
"ENSG00000127561",0.907429399694637,1.9518962251969,20.1958865100542,1.06529817126238e-05,2.71063837981535e-05
"ENSG00000168958",-0.258102638879388,5.87761803132767,20.1947864242693,1.06586541884507e-05,2.711702369276e-05
"ENSG00000162300",-0.38416965199903,1.84123287413325,20.1938503567849,1.06634833275646e-05,2.71255153512929e-05
"ENSG00000183145",0.986690971212447,2.18913484301586,20.1876565547526,1.06954927624201e-05,2.72031355562714e-05
"ENSG00000153495",-0.724071176821889,-1.52012882554677,20.1843289861048,1.07127296884168e-05,2.72431666069525e-05
"ENSG00000143507",0.63552959004333,4.57017876332549,20.1832298331562,1.07184295131103e-05,2.72538509694463e-05
"ENSG00000174684",0.430779802903759,4.47918766486452,20.1823955490691,1.07227578681682e-05,2.72610455837634e-05
"ENSG00000230415",0.704088098259619,-1.52830606590698,20.1817268261875,1.0726228550728e-05,2.72660579847157e-05
"ENSG00000143774",-0.455210466856917,7.53739272277067,20.1731277525863,1.07709592841134e-05,2.73759373196554e-05
"ENSG00000101333",-0.796850682709305,4.93357565906225,20.1721216946724,1.07762049210313e-05,2.73854429375043e-05
"ENSG00000184785",-0.577311463071831,1.75885006231743,20.165061186121,1.08130915612459e-05,2.74753435758508e-05
"ENSG00000224614",0.713381209270472,-1.05565760634512,20.1638325274147,1.08195235534879e-05,2.74878466812178e-05
"ENSG00000162374",-1.02383388714629,-0.379117496869933,20.1615126267169,1.08316787215835e-05,2.75148844396873e-05
"ENSG00000138496",0.525133088099899,7.14449254945133,20.1608034881811,1.08353970240088e-05,2.75204861154409e-05
"ENSG00000120071",0.301361876862,6.08527705569872,20.1530661501091,1.08760510507953e-05,2.76198850198081e-05
"ENSG00000233885",-0.529286089773719,-0.55216062852315,20.151605689628,1.08837419935236e-05,2.76329448179767e-05
"ENSG00000213178",-0.78617678064382,0.333264989440004,20.1515126231299,1.08842322782046e-05,2.76329448179767e-05
"ENSG00000142541",-0.42818453592139,10.3554638531893,20.1455455426889,1.09157142125405e-05,2.77090035028175e-05
"ENSG00000137970",-0.726402354976725,2.89398150998816,20.1431658754928,1.09282948655185e-05,2.77370676826752e-05
"ENSG00000129562",0.3143441520465,7.06897026265194,20.1426812748078,1.09308586147547e-05,2.77397037093845e-05
"ENSG00000280027",1.22172564184182,0.0491663802247732,20.1405974879204,1.09418896929345e-05,2.77638239027753e-05
"ENSG00000116830",-0.377819464234502,5.19761161864754,20.1303510722763,1.09962958813292e-05,2.78971379184298e-05
"ENSG00000234498",-0.541897352426847,0.673123679807717,20.1301254069976,1.09974971890885e-05,2.78971379184298e-05
"ENSG00000196155",-0.688568071597393,4.55740108399421,20.1256340811596,1.10214339751359e-05,2.79539591604758e-05
"ENSG00000244300",1.17754822321298,1.92607611047318,20.1245286296761,1.10273336231043e-05,2.79650228579227e-05
"ENSG00000160803",-0.36622529835897,6.76364516498225,20.1208671613738,1.10468972204532e-05,2.80107300495751e-05
"ENSG00000087191",0.45167974923957,6.94317556819755,20.1167769487426,1.10687931688349e-05,2.80623376296025e-05
"ENSG00000259940",0.648061618958865,-1.55362144778022,20.1162967250039,1.10713668071939e-05,2.80649504514625e-05
"ENSG00000257365",0.301136871983759,2.92153637670095,20.1011458208971,1.11528758832387e-05,2.82676291198921e-05
"ENSG00000138385",-0.270751384815279,6.61694231677761,20.0969120188454,1.11757613035367e-05,2.83181364476354e-05
"ENSG00000117586",0.588822968441426,3.14018760120385,20.0968831939952,1.1175917276288e-05,2.83181364476354e-05
"ENSG00000130449",0.40474765744232,4.29551597238216,20.0840019572282,1.12458391776726e-05,2.84913390393521e-05
"ENSG00000282057",-0.904608153585072,-0.545183969166932,20.0660282546058,1.13441443141217e-05,2.87363923099227e-05
"ENSG00000236200",-0.502720182537014,0.525823403074988,20.060613597943,1.1373929239146e-05,2.88078296896794e-05
"ENSG00000134490",0.391533294020333,5.22086535031246,20.0590681379325,1.1382445005588e-05,2.88253842608793e-05
"ENSG00000129566",0.358927229914755,5.46194145651426,20.0429188378927,1.14718174137438e-05,2.90476702103818e-05
"ENSG00000245205",-0.614964241982961,-0.964577873069484,20.041593225104,1.1479184990363e-05,2.90622795941987e-05
"ENSG00000196756",-0.489592888442013,4.92769475680871,20.0329883847608,1.15271260655486e-05,2.91795920501319e-05
"ENSG00000160703",-0.365383211066808,4.09829683544358,20.0315777019623,1.15350048596346e-05,2.91954729177615e-05
"ENSG00000121904",-1.02125277967589,2.53996933279005,20.0254384528982,1.156935663542e-05,2.92783440218477e-05
"ENSG00000166343",0.583852285267542,0.748852646337377,20.0228019180526,1.15841409498863e-05,2.93116799661285e-05
"ENSG00000166046",0.491467235433863,2.80308255407053,20.021509689926,1.15913940709775e-05,2.93259528951089e-05
"ENSG00000130508",-0.668794337811898,7.81561543257113,20.0184934010876,1.16083420220554e-05,2.93614196528698e-05
"ENSG00000084070",0.342050456421737,5.9198232209311,20.0184401701145,1.16086413417521e-05,2.93614196528698e-05
"ENSG00000267364",-0.569226190458062,-0.386592259088921,20.0163663427429,1.16203086285332e-05,2.93868427886208e-05
"ENSG00000165724",-0.412734429747031,4.69416054879068,20.0106917680478,1.16522942878673e-05,2.94636352714764e-05
"ENSG00000160223",-0.863773693194583,1.11725434071783,20.0016764163117,1.17032940627917e-05,2.95884782338137e-05
"ENSG00000123096",-0.629211899038952,4.69659425780793,20.0011954829514,1.17060210356227e-05,2.95912592906055e-05
"ENSG00000152601",-0.31307711625193,7.22317509757206,19.9954697450142,1.17385363609367e-05,2.96693300907055e-05
"ENSG00000170275",0.33058741681114,7.23260878536887,19.9931972617663,1.17514666575315e-05,2.96978846140313e-05
"ENSG00000188404",1.17050875164939,5.14457779871379,19.9911691579587,1.17630186183891e-05,2.9722948406677e-05
"ENSG00000008226",-0.755004525010149,-0.0533025386695188,19.9821301549432,1.18146441295518e-05,2.98492495385869e-05
"ENSG00000080822",-0.290066607020097,5.71635994639317,19.9703427663115,1.18823113784337e-05,3.00160387987433e-05
"ENSG00000168092",-0.26947290134904,6.9954785830533,19.9679420376379,1.18961411090894e-05,3.00468010682014e-05
"ENSG00000271781",-0.719093812984108,-0.384743397957033,19.9638535283867,1.19197310291949e-05,3.01022032711743e-05
"ENSG00000244560",0.621861082807055,0.220212586043912,19.9395209869855,1.20611075002354e-05,3.04550080819495e-05
"ENSG00000234694",-0.668549595102023,0.423876185378054,19.9364248677414,1.20792177744235e-05,3.0496503731429e-05
"ENSG00000102893",0.383840001434786,6.48125148229674,19.9353596122839,1.20854551823438e-05,3.05080164963872e-05
"ENSG00000198879",-0.633413659752306,4.80672869845537,19.932507705196,1.21021700466905e-05,3.05459712474614e-05
"ENSG00000131386",0.820073663493641,2.98559227153662,19.9290632951424,1.21223887243551e-05,3.05910409474148e-05
"ENSG00000146267",-0.621667811856011,3.78197932557433,19.9288928165353,1.21233903204841e-05,3.05910409474148e-05
"ENSG00000146833",0.331480327961344,5.64379638718854,19.928346561628,1.21266002420292e-05,3.05948959914034e-05
"ENSG00000198755",-0.32848956737654,9.15816750495766,19.9190552877719,1.21813298322011e-05,3.07287138679714e-05
"ENSG00000163755",0.368764750263288,5.17590039752963,19.9175443336085,1.21902535967025e-05,3.0746960534853e-05
"ENSG00000275385",-1.27950433233052,3.82626458009179,19.9130606710244,1.22167732687325e-05,3.08078734542248e-05
"ENSG00000111644",0.507726074959965,1.22063446994855,19.912888721093,1.22177914682936e-05,3.08078734542248e-05
"ENSG00000164970",-0.400683439026073,4.99556738341263,19.9111134658276,1.22283086426914e-05,3.08301188790229e-05
"ENSG00000176092",-0.904887235866425,2.13804206942456,19.9090323721932,1.22406493641429e-05,3.08569550429704e-05
"ENSG00000119760",-0.230962431994849,5.48152777223721,19.9086391506328,1.22429825520778e-05,3.08585596808747e-05
"ENSG00000129535",0.427975873822062,0.769015794690179,19.8984135962139,1.23038143338442e-05,3.10075897331244e-05
"ENSG00000184164",-0.505428044009946,5.53557782401784,19.8915539297023,1.23447937659139e-05,3.11065543106737e-05
"ENSG00000267710",-0.883277920094854,-1.12901598281581,19.883727467292,1.23917175030096e-05,3.12204679241916e-05
"ENSG00000118873",0.341804370035892,6.39994549596664,19.8818028482703,1.24032842211305e-05,3.12452816362772e-05
"ENSG00000139908",0.61613492824796,0.309888943144255,19.8639374028209,1.25111760266233e-05,3.15127087068583e-05
"ENSG00000140006",0.28325358421427,3.83894978415222,19.8635908215736,1.25132784401551e-05,3.15136400262449e-05
"ENSG00000125746",0.493703738508035,5.4365233771462,19.8586126833767,1.25435160410143e-05,3.15854173825236e-05
"ENSG00000121073",0.370944509312536,6.11057714844518,19.8581462899437,1.25463527361317e-05,3.15881870936826e-05
"ENSG00000245146",0.501063745563166,1.56554995062097,19.8548687497261,1.25663056866951e-05,3.16340439902575e-05
"ENSG00000166033",0.66589552688544,7.52453195199643,19.8419411324649,1.26453197783321e-05,3.18285463781213e-05
"ENSG00000148655",-0.646316974408377,2.37846941880305,19.8409468560339,1.26514176123281e-05,3.18394885198595e-05
"ENSG00000134815",-0.30511166981611,5.13715556413554,19.8401216416,1.26564808592154e-05,3.18478242760667e-05
"ENSG00000100918",0.784652706910287,2.7687421027935,19.8385159495595,1.26663387392195e-05,3.18682209142239e-05
"ENSG00000165810",0.902954005813214,2.06794026016554,19.8365675743822,1.26783108989059e-05,3.18909087346668e-05
"ENSG00000147465",-0.974160508969085,-0.276898277866412,19.8364777618633,1.26788630448854e-05,3.18909087346668e-05
"ENSG00000279145",0.71315758376472,-0.847533848617377,19.8358044979074,1.26830028862541e-05,3.18930681008266e-05
"ENSG00000189369",-0.78095922942268,3.07790930563916,19.8357596208608,1.2683278879917e-05,3.18930681008266e-05
"ENSG00000014216",-0.349076218354887,7.8948612878223,19.835325342292,1.26859500053897e-05,3.18930681008266e-05
"ENSG00000113721",0.552104275189971,7.36600579204886,19.8351976303599,1.26867356339059e-05,3.18930681008266e-05
"ENSG00000122824",1.16355080281922,0.901505108496699,19.8300451525592,1.27184725375503e-05,3.19684326303157e-05
"ENSG00000165185",0.531093646820363,4.16821276291889,19.8283240890739,1.27290913884038e-05,3.19907025248429e-05
"ENSG00000135845",-0.34671996454906,5.75477938743298,19.7901320703738,1.29670559729995e-05,3.25842517320964e-05
"ENSG00000103253",0.78532851700266,3.32142275054666,19.7891350815593,1.29733278796215e-05,3.25955086993446e-05
"ENSG00000163412",0.494935211006701,4.86930626721936,19.7880590792308,1.29801002924469e-05,3.26080199059426e-05
"ENSG00000145050",-0.361189776164214,6.3250651240485,19.781156821593,1.30236286038736e-05,3.27128514082659e-05
"ENSG00000198887",-0.365716772809898,5.79508406331081,19.7678113811953,1.31082094476465e-05,3.29207557903611e-05
"ENSG00000184924",-0.411426250942993,3.27604682645322,19.7670370649177,1.31131339413154e-05,3.29285765738844e-05
"ENSG00000254810",0.674320993193494,-1.20909008648286,19.7653656431879,1.31237702251894e-05,3.29507361755583e-05
"ENSG00000065135",-0.240212251020197,7.11987186466877,19.7646010160039,1.31286389277222e-05,3.29584106028174e-05
"ENSG00000181817",-0.369845995140745,4.70865919181024,19.7642223474085,1.31310507463779e-05,3.29599159501961e-05
"ENSG00000113240",0.342603017948614,4.13944272879611,19.7637870647692,1.31338237054637e-05,3.29623272464431e-05
"ENSG00000272405",1.34689666694465,2.75120159863145,19.7586553193096,1.31665600888334e-05,3.30399275518353e-05
"ENSG00000171044",-0.941168277827023,-0.230210668241518,19.7513515374539,1.32132947370535e-05,3.31526285939479e-05
"ENSG00000237975",-0.962066692755871,-0.629096999274986,19.7465577376046,1.32440599871038e-05,3.32252362821301e-05
"ENSG00000171862",0.412386109838473,6.7030625753743,19.7428582848396,1.32678515699083e-05,3.32803315892281e-05
"ENSG00000213888",0.64334346749145,0.673444371655495,19.7364041938624,1.33094621148463e-05,3.33801016195289e-05
"ENSG00000177738",-0.464886398135269,2.112838903684,19.7332529460623,1.33298266582428e-05,3.34265665600607e-05
"ENSG00000198865",0.612719200936482,-0.325086547571918,19.7314934056961,1.33412111811066e-05,3.34505030275664e-05
"ENSG00000130150",0.392019804719602,4.45427398833425,19.7289289825599,1.33578210520277e-05,3.34875326387704e-05
"ENSG00000105576",-0.298055935482128,6.85138530243254,19.7271159750841,1.33695765982659e-05,3.35123841192476e-05
"ENSG00000104324",-0.560410296543747,5.74981491019221,19.7251761506173,1.33821660186401e-05,3.35393186643278e-05
"ENSG00000108384",0.439294736630724,4.6228509065762,19.7156799563373,1.34439694336229e-05,3.36895723420685e-05
"ENSG00000172260",0.967511086169783,3.51070505608277,19.7143208342967,1.34528385075548e-05,3.37071534337246e-05
"ENSG00000255837",-0.599431033609928,-1.00125967846241,19.7132532376756,1.34598093575055e-05,3.37199741865441e-05
"ENSG00000198948",-0.757302237984833,4.53884592856005,19.7105423622728,1.34775263898539e-05,3.37597094034791e-05
"ENSG00000146070",-0.672000360250917,3.81461428989127,19.6869289627636,1.36328541621971e-05,3.41440858581714e-05
"ENSG00000009830",0.291065956675926,4.61863799826692,19.6804748756013,1.36756231801342e-05,3.42464869062757e-05
"ENSG00000167705",-0.568086341177242,2.27475098866329,19.6791827543952,1.36842019212956e-05,3.42632522776053e-05
"ENSG00000175701",-0.538957398006727,3.14525850681701,19.6738289775053,1.37198051525272e-05,3.43476691141315e-05
"ENSG00000176248",0.345031659573272,5.17318492380754,19.6670389916472,1.37650941948696e-05,3.44563079020491e-05
"ENSG00000277258",0.623137692338253,4.87216524787532,19.6665066862902,1.37686510468697e-05,3.44604685895784e-05
"ENSG00000205629",0.385412118868884,5.59335204347437,19.6577460221842,1.38273233866437e-05,3.46025533511663e-05
"ENSG00000168874",-0.694095621469437,0.542757830144782,19.6574318035265,1.38294324802725e-05,3.4603070291814e-05
"ENSG00000159592",-0.249190038151418,7.29017340637502,19.6568016955063,1.38336628625595e-05,3.46088941051214e-05
"ENSG00000124222",0.375693617481394,6.14527665247074,19.6523519704359,1.38635744634754e-05,3.46789564491391e-05
"ENSG00000285230",0.440370374817076,2.56065960037194,19.651334351346,1.38704242141954e-05,3.46913195280235e-05
"ENSG00000143337",0.317598169562545,6.48745806067944,19.645116892113,1.39123493340846e-05,3.47913941548645e-05
"ENSG00000158406",0.91612013075627,4.60439681145169,19.6382641707814,1.39587066794531e-05,3.49025236576703e-05
"ENSG00000146729",-0.511236242036165,6.86570411947825,19.6270568018094,1.40348594854638e-05,3.50881133088132e-05
"ENSG00000167257",-0.266979262990032,3.90534571434503,19.6201214466494,1.40821948723622e-05,3.52016163192033e-05
"ENSG00000229659",-0.604850305304502,-1.18666726484637,19.6135780348976,1.4127003261659e-05,3.53087722032504e-05
"ENSG00000226471",0.518774843032464,0.85841642138053,19.6114683755945,1.4141480654472e-05,3.5340100322003e-05
"ENSG00000174989",0.340112754001072,4.46984276377326,19.6075137839285,1.41686592296425e-05,3.54031562122183e-05
"ENSG00000127314",0.298428723932469,5.63480269003111,19.6042278519755,1.41912825342555e-05,3.54548141116812e-05
"ENSG00000051825",0.437787889244312,4.48711072744883,19.6034640289464,1.4196546611326e-05,3.5463094323142e-05
"ENSG00000100106",-0.349903414217328,6.02822430793009,19.601845311789,1.42077089362409e-05,3.54861041104571e-05
"ENSG00000121858",0.821096595807132,7.5888615250092,19.5939374358083,1.42623677500203e-05,3.56177323407071e-05
"ENSG00000185813",-0.455671643992622,5.40535616420719,19.5755162402857,1.4390520699981e-05,3.59328377939669e-05
"ENSG00000173269",0.431372716861607,4.5961217064857,19.5752096237553,1.43926636063164e-05,3.59332554113497e-05
"ENSG00000187391",0.731409457929679,3.40040816388126,19.5694038169937,1.44333006956062e-05,3.60297657221638e-05
"ENSG00000275074",0.543234048679068,2.8009841117429,19.5609878146597,1.44924137846287e-05,3.61723647474718e-05
"ENSG00000168303",-0.317982428713742,4.68827418697169,19.5577725223132,1.45150622742556e-05,3.62239232497476e-05
"ENSG00000124733",-0.370475489860494,5.81997619568895,19.5563994051872,1.45247454093597e-05,3.62431155858738e-05
"ENSG00000125630",-0.319407874040074,5.7040196247791,19.5536587733059,1.45440917199299e-05,3.62864115503545e-05
"ENSG00000270580",-0.530238684980164,-1.31535099103795,19.544990271508,1.46054551177369e-05,3.64345107230008e-05
"ENSG00000267868",-0.869380147345722,0.257877476443376,19.5349589788818,1.46767926597841e-05,3.66074471881725e-05
"ENSG00000100077",0.457289106331425,4.972598301147,19.5346077143848,1.46792970569471e-05,3.66086733678531e-05
"ENSG00000136280",-0.345122479097516,5.57438029323809,19.5270730732568,1.47331207470477e-05,3.67378667599813e-05
"ENSG00000141934",-0.493098957104799,6.65792431662527,19.5251844293716,1.47466435449612e-05,3.67665459624064e-05
"ENSG00000167105",-0.909223112974115,0.48984946455068,19.5242831068832,1.47531014919527e-05,3.67776055284589e-05
"ENSG00000138035",-0.318964365072301,5.81598180304691,19.5206713397507,1.477900841264e-05,3.68371392365486e-05
"ENSG00000215912",0.923761785547907,-0.303828330656823,19.5201822572267,1.47825201002561e-05,3.6840843461696e-05
"ENSG00000226469",0.606578615764459,-1.21122547803928,19.5198481236994,1.47849197157565e-05,3.684177555695e-05
"ENSG00000149591",-0.728110830740082,7.78280068122137,19.5167500452619,1.48071876751956e-05,3.68922095118434e-05
"ENSG00000181634",-0.971196658702164,3.32787855726638,19.5162626461899,1.48106940262924e-05,3.68958913779216e-05
"ENSG00000262580",0.597367582762248,1.81888768762457,19.5138020066781,1.48284087104294e-05,3.69349626986155e-05
"ENSG00000245468",0.706579050031626,-1.19211593096787,19.4868729719082,1.50236837692412e-05,3.7416234478291e-05
"ENSG00000106018",1.48697167393528,0.977877192275873,19.4835624848925,1.50478686038023e-05,3.74713354553609e-05
"ENSG00000245149",0.593050177836333,2.21976766413143,19.4810763762814,1.50660568236077e-05,3.7511490966157e-05
"ENSG00000139641",0.305161689392336,7.35682736134525,19.4807204672032,1.50686624525709e-05,3.75128432367039e-05
"ENSG00000153234",0.810513056780754,4.41261318285515,19.4723988198079,1.5129715820901e-05,3.76596785754135e-05
"ENSG00000197520",1.28471304907474,-0.428940643408198,19.4715237762698,1.51361502739874e-05,3.76705392971103e-05
"ENSG00000182472",-0.783678861365531,0.947441872808564,19.468917336954,1.51553326039881e-05,3.77131193598762e-05
"ENSG00000062485",0.275567977777919,7.60961162978434,19.4583358950194,1.52334606992282e-05,3.79023506426213e-05
"ENSG00000119820",-0.244284978705088,6.17581302517912,19.4574102731669,1.52403143857973e-05,3.79142166665136e-05
"ENSG00000125826",0.390702902822446,6.42556281318297,19.4514932436409,1.52842003073197e-05,3.8018194090472e-05
"ENSG00000172732",-0.314242863356525,4.7929729703036,19.4508617662316,1.5288891447915e-05,3.80246626083247e-05
"ENSG00000146021",0.602576141041534,2.41225011932463,19.4435770427702,1.53431139186978e-05,3.81543007866113e-05
"ENSG00000253982",0.528109264647264,3.08651543097797,19.4407944157284,1.53638772079491e-05,3.82007106846449e-05
"ENSG00000111237",0.246816107308281,5.85406373883093,19.4387490555177,1.53791573202518e-05,3.82334763997732e-05
"ENSG00000257800",0.614368658761612,0.744222564703782,19.436455835126,1.53963073899322e-05,3.82708813459186e-05
"ENSG00000269821",-0.80947789563104,3.47540593204216,19.4346497220849,1.54098282031942e-05,3.82992559933993e-05
"ENSG00000149929",0.45343658831032,4.70670807834405,19.4226075008798,1.55002856097531e-05,3.85188133174189e-05
"ENSG00000196465",-0.464835579563553,4.75242890443436,19.4200214077332,1.55197815179185e-05,3.85619926568172e-05
"ENSG00000280339",0.738753237187441,0.609239980900442,19.4167893426025,1.55441821378403e-05,3.86149862968081e-05
"ENSG00000166454",-0.272529781163061,6.52143235092523,19.4166340225537,1.5545355710646e-05,3.86149862968081e-05
"ENSG00000127129",-1.1568579587511,3.36824812426741,19.4161182416126,1.55492535101098e-05,3.86193940791856e-05
"ENSG00000103067",0.479191700937242,5.91508040633556,19.4149501491314,1.55580845387255e-05,3.86360515552075e-05
"ENSG00000138495",0.415182473851364,4.99681130026969,19.4106335120822,1.55907632946029e-05,3.87119184712952e-05
"ENSG00000171124",-1.27092341976384,2.86616490091258,19.408166142995,1.56094735052517e-05,3.87530854645806e-05
"ENSG00000101986",-0.54282331117118,5.02132576660216,19.3975651594281,1.56901203031869e-05,3.89479879997767e-05
"ENSG00000183486",-0.633352333992724,5.58435877990436,19.3959339923401,1.57025667560445e-05,3.8973564978021e-05
"ENSG00000125744",0.618945086099222,3.30563305886049,19.3889192416151,1.57562060688054e-05,3.91013611651566e-05
"ENSG00000171467",-0.353847017401524,5.75115304672544,19.387095751982,1.57701799882559e-05,3.91307003583081e-05
"ENSG00000140022",0.935014836690778,3.93746693507989,19.381026635726,1.58167797526709e-05,3.92409753296383e-05
"ENSG00000074047",-0.616626008223519,1.88813753910692,19.3713167345992,1.58916241136734e-05,3.94212846944206e-05
"ENSG00000140396",0.440998312965246,6.74322869074706,19.3694543656327,1.59060202510166e-05,3.94516154814523e-05
"ENSG00000103544",0.359416353436379,5.98379159410012,19.365294454882,1.59382240989414e-05,3.95261003424524e-05
"ENSG00000224189",0.90547463575862,3.08910558420777,19.3620256900729,1.59635754503827e-05,3.95835733185494e-05
"ENSG00000065618",-1.58385021084232,4.50255341022781,19.3596269617367,1.59822050723257e-05,3.96243655746264e-05
"ENSG00000120616",-0.261141599330889,5.1303804557431,19.356366161164,1.60075652301612e-05,3.96818313215445e-05
"ENSG00000108984",-0.658759297468568,4.22070791139414,19.3557431649099,1.60124150777414e-05,3.96884444581577e-05
"ENSG00000135314",-0.807941805116125,1.0227593730761,19.3465688305302,1.60840070727878e-05,3.98604606403957e-05
"ENSG00000144792",-0.618848841351771,1.05192771924683,19.3428729457777,1.61129393939239e-05,3.99267223020011e-05
"ENSG00000186468",0.392778016931634,6.77177952257334,19.3393276556536,1.6140742314879e-05,3.99901677187058e-05
"ENSG00000108960",0.494623853233825,4.48363743786873,19.338873450227,1.61443077973169e-05,3.99935535572868e-05
"ENSG00000258701",0.59810331278338,1.33482080976608,19.3364536633881,1.61633164021333e-05,4.00351898028055e-05
"ENSG00000144848",-0.220613087897454,5.85821063816452,19.3272846316596,1.62355493599134e-05,4.02086290520294e-05
"ENSG00000010626",0.496544725296357,3.36778079610987,19.315311483987,1.63303650059311e-05,4.04379412835774e-05
"ENSG00000168772",0.85549986033041,3.06917468976765,19.3148091284414,1.6334355398037e-05,4.04423163598553e-05
"ENSG00000170075",1.10905347913111,1.18020382439463,19.3142284057922,1.63389695181394e-05,4.04482343263807e-05
"ENSG00000138346",-0.444043840589456,3.98497610056336,19.3129229246209,1.63493470086414e-05,4.0468416357263e-05
"ENSG00000124145",0.492802470828376,8.39105452554347,19.3035980870623,1.6423665959039e-05,4.06468412658867e-05
"ENSG00000214160",-0.384896645026555,6.168130948034,19.3030840369018,1.64277728675942e-05,4.06514738660956e-05
"ENSG00000163814",-0.634473494449961,6.18971529941056,19.2929109202398,1.65092632484843e-05,4.08475690332515e-05
"ENSG00000196204",-0.327608226724183,2.86574595353801,19.2904909200483,1.65287084922729e-05,4.08901183429624e-05
"ENSG00000004399",0.452381040983454,7.47822365382743,19.279127795722,1.66203241413957e-05,4.11111730563994e-05
"ENSG00000161970",-0.447449569815687,4.73582646913305,19.2758993151231,1.66464475242956e-05,4.1170191402215e-05
"ENSG00000229739",-0.686545336462052,-0.212705609250742,19.2725472928857,1.66736145200919e-05,4.12317744243958e-05
"ENSG00000121769",0.748109719778844,3.2376821248556,19.2660587944905,1.67263291408457e-05,4.13565082128468e-05
"ENSG00000119953",-0.234032675161308,5.4010500648269,19.2639107890025,1.67438173539451e-05,4.13941212496336e-05
"ENSG00000132849",0.42636951666441,6.68901424415087,19.261981402848,1.67595414297085e-05,4.14273633492169e-05
"ENSG00000174886",-0.492084865831366,2.65399910986715,19.2551333141151,1.68154726096095e-05,4.15599695371079e-05
"ENSG00000101220",-0.482280132621516,5.39889309568604,19.235816648191,1.69742599106911e-05,4.19467172901697e-05
"ENSG00000284693",0.445203677937012,0.0553607342526373,19.2348731718503,1.6982054250534e-05,4.19602775042403e-05
"ENSG00000236830",0.656760602087951,1.84346107674712,19.2269736966485,1.70474564630439e-05,4.21161556845753e-05
"ENSG00000119681",0.497631536415577,7.0983584110253,19.2188789396397,1.71147399372109e-05,4.22766385954083e-05
"ENSG00000196911",-0.432906894411294,3.49559177867048,19.2168353394803,1.7131768753404e-05,4.23129562855664e-05
"ENSG00000093000",-0.276490166839163,6.41019938127726,19.215612927847,1.71419630032136e-05,4.23323860288456e-05
"ENSG00000185246",0.254029392471404,4.96560828202633,19.2106580079288,1.71833472615308e-05,4.24288243270054e-05
"ENSG00000141469",-1.01854253282282,1.26996246082164,19.2028789115514,1.7248523565947e-05,4.25839753790476e-05
"ENSG00000162664",-0.285920472984998,5.28283086181572,19.2016979837292,1.72584396903018e-05,4.26006154746304e-05
"ENSG00000206573",-0.385810573002519,4.14101611826949,19.2015184088674,1.72599480664478e-05,4.26006154746304e-05
"ENSG00000103021",0.517326306848403,3.6685769075351,19.1984078338675,1.72860971655739e-05,4.26593670620704e-05
"ENSG00000261716",0.673374478248865,3.56729022956751,19.1969371165964,1.72984747303969e-05,4.26841213399076e-05
"ENSG00000142583",-0.751179455655538,3.12854867462936,19.1950168669574,1.73146490642907e-05,4.2718236188459e-05
"ENSG00000278918",0.902798277417708,-0.310379032629034,19.1891637656554,1.73640444429564e-05,4.28342927340961e-05
"ENSG00000188227",-0.497956578309749,3.583324155587,19.1768186880044,1.74686949095352e-05,4.3086604694145e-05
"ENSG00000273024",0.584635927844236,-1.46540420063909,19.1756822090947,1.74783609844395e-05,4.31046006216929e-05
"ENSG00000046647",0.386384249521606,4.26343523113832,19.1730640268158,1.75006499709482e-05,4.31530021571271e-05
"ENSG00000123178",0.340319342204515,3.66416313966702,19.1728195859401,1.75027324012056e-05,4.31530021571271e-05
"ENSG00000286381",1.51293274581072,1.52768470726533,19.1712682837761,1.7515954035488e-05,4.31765866971357e-05
"ENSG00000156508",-0.343137481333311,12.2197073922639,19.1711402121132,1.7517046032448e-05,4.31765866971357e-05
"ENSG00000165240",0.432814975827743,4.75044759961427,19.1615827404603,1.75987320880193e-05,4.3372051384403e-05
"ENSG00000272275",-0.669000469661141,-0.242723628939941,19.1545762257049,1.7658860367994e-05,4.35143411967314e-05
"ENSG00000132010",0.496946358697676,-0.854891475284084,19.1518011161447,1.76827331577657e-05,4.35672650600707e-05
"ENSG00000138767",0.33906017915101,5.93186785999444,19.1508203835086,1.76911776873981e-05,4.35821671107133e-05
"ENSG00000142208",0.357412294896451,7.02551529494716,19.1426461302508,1.7761720488821e-05,4.37500233275565e-05
"ENSG00000234261",0.831902057686938,-0.0379205653389132,19.1307618167686,1.78647888073077e-05,4.39979389068805e-05
"ENSG00000282826",-0.615228742549874,2.93995316109358,19.1257190822064,1.79087053237008e-05,4.41001262425493e-05
"ENSG00000187010",-0.967868300554725,-0.902036144450601,19.1241363013489,1.79225120723799e-05,4.41281507475899e-05
"ENSG00000178297",0.878076227723074,-0.215131438524239,19.1017248029138,1.81191699556599e-05,4.46063160738417e-05
"ENSG00000095794",-0.310239612723838,4.48293626299287,19.091006785084,1.82139896826697e-05,4.48336776760585e-05
"ENSG00000120370",-0.3459970963209,4.16786172575318,19.088720435674,1.82342813695757e-05,4.48775520365146e-05
"ENSG00000087470",-0.320071584788148,6.73267321983565,19.0853148900662,1.82645485162981e-05,4.49459624427588e-05
"ENSG00000126934",-0.385650996439438,6.58497078453551,19.0820263577792,1.82938239519963e-05,4.50119142368655e-05
"ENSG00000185721",-0.307250736534295,6.19654720632896,19.0817004525396,1.82967278370291e-05,4.50129698227897e-05
"ENSG00000168556",0.358132704690091,3.75172157753012,19.0808954059046,1.8303902973533e-05,4.50200486068882e-05
"ENSG00000188013",1.02156861975329,0.116686361877379,19.0808221838588,1.83045557206916e-05,4.50200486068882e-05
"ENSG00000061337",-0.505470377918931,3.84327715691492,19.0764538462522,1.83435404763289e-05,4.51098315553637e-05
"ENSG00000100612",0.433760080035412,6.02825767204681,19.0759684479827,1.83478775449218e-05,4.51143972944488e-05
"ENSG00000166503",0.572605003177494,6.04457222861961,19.0546950590373,1.85389798201091e-05,4.55781244888002e-05
"ENSG00000213462",-0.830039583435548,4.7910420553657,19.0488407124752,1.85919229682184e-05,4.5702107709955e-05
"ENSG00000162931",-0.927677433624594,1.82321025984755,19.0429877027916,1.86450070027838e-05,4.58264036981934e-05
"ENSG00000128294",0.412288903521135,5.01764089683298,19.0406011424787,1.86666959810553e-05,4.58735125663334e-05
"ENSG00000159433",-0.507489423526059,2.97805847165032,19.0285706918165,1.87764177324189e-05,4.61369205238091e-05
"ENSG00000183161",0.341981144925013,4.81503211368809,19.0256619404444,1.88030443711695e-05,4.61961057710159e-05
"ENSG00000139946",-0.756976370283636,2.96392028001319,19.0245691247889,1.88130578520977e-05,4.62144646426192e-05
"ENSG00000088682",-0.311479599411438,5.29110020503949,19.0190629364337,1.8863593278953e-05,4.6332347678271e-05
"ENSG00000115548",-0.33962177061535,6.45882326237583,19.0123648274344,1.89252533392132e-05,4.64775192726991e-05
"ENSG00000095380",0.356934258558115,5.43119196752504,19.0006615189198,1.90334792512851e-05,4.67369948187354e-05
"ENSG00000138172",0.354394914204542,4.67862082568897,18.9959523335397,1.90772038116077e-05,4.68380376519331e-05
"ENSG00000197020",0.482548950505579,3.75815786014916,18.9947682885182,1.90882135982192e-05,4.68587432749913e-05
"ENSG00000224848",-0.711733436009783,0.989679817480456,18.9931393745845,1.9103370487466e-05,4.68867519068046e-05
"ENSG00000168061",-0.484760415603758,3.99212448573198,18.9929880801212,1.91047788861518e-05,4.68867519068046e-05
"ENSG00000203280",-0.868767178798351,-1.17955874714306,18.9901278695866,1.91314243404847e-05,4.69458102947566e-05
"ENSG00000129244",-0.75860788149166,1.03206716208384,18.9816621797927,1.92105105443329e-05,4.71335175745753e-05
"ENSG00000137947",-0.241615347270899,4.90191701651077,18.9787460492832,1.92378294975759e-05,4.71941789724723e-05
"ENSG00000165417",0.293448987819902,5.97195988420602,18.9706815860177,1.93135840765202e-05,4.73736300989546e-05
"ENSG00000258682",0.4966435415906,-0.549772447110579,18.9658612274367,1.93590088378405e-05,4.74786478887058e-05
"ENSG00000089335",0.388770028646695,5.23205792820251,18.9569656377526,1.94431207402162e-05,4.76785061376637e-05
"ENSG00000161526",-0.300443479302522,6.09979924676047,18.9435569384237,1.95706057227408e-05,4.79846558216783e-05
"ENSG00000168496",-0.383548821137666,5.86626178095456,18.9364378264476,1.96386351308924e-05,4.81449650573758e-05
"ENSG00000150867",0.353702250625992,5.58145742813476,18.9346614386827,1.96556473675676e-05,4.81801771322532e-05
"ENSG00000196419",-0.279720912171927,8.58344890347498,18.9166052486294,1.98294178416701e-05,4.85995757585631e-05
"ENSG00000250486",-0.865444996243037,0.0692252794544465,18.9116721757748,1.98771629847413e-05,4.87100296909828e-05
"ENSG00000215241",-0.710287867655067,-0.120041336429847,18.8959289178542,2.00303150163194e-05,4.90787241703915e-05
"ENSG00000102974",0.210878163152459,6.40042873967057,18.8951801488177,2.00376288008554e-05,4.90900313348542e-05
"ENSG00000164066",0.448303498710988,3.9901369523352,18.8935377269808,2.00536810261211e-05,4.91227408084971e-05
"ENSG00000119285",-0.403557660334199,6.41284051162654,18.8837381173251,2.01497284865956e-05,4.93513683967412e-05
"ENSG00000171953",0.374819458186776,3.37594177776244,18.8825604596916,2.01613021842447e-05,4.93730663965319e-05
"ENSG00000196072",0.283710463957781,5.35525603704537,18.8809655402971,2.01769873444578e-05,4.94048257701937e-05
"ENSG00000235770",0.947619755356232,0.450365229957483,18.8803954099699,2.01825972607464e-05,4.94119099446029e-05
"ENSG00000142655",-0.322826854384771,4.30125967563257,18.8780552357907,2.02056404370249e-05,4.94616673309028e-05
"ENSG00000187187",0.442746677943497,2.4872275109243,18.8758646345577,2.02272349321403e-05,4.95033379811864e-05
"ENSG00000104081",-0.510292844428,4.9557476025878,18.8755215222057,2.02306193782571e-05,4.95033379811864e-05
"ENSG00000103510",0.30263497508277,5.33519632570013,18.8755003098328,2.02308286350428e-05,4.95033379811864e-05
"ENSG00000229644",-0.827233210931762,2.11858498386376,18.8671735163209,2.03131406243337e-05,4.96980631793625e-05
"ENSG00000173762",-0.827632652756191,2.84663379769749,18.8668374081506,2.03164702279403e-05,4.96995239415977e-05
"ENSG00000073849",-0.667456805205939,6.69966852533941,18.8660910197187,2.03238661850989e-05,4.97109303623694e-05
"ENSG00000197457",0.841583396574278,5.58916317805,18.8636837733357,2.03477381441145e-05,4.97626275870854e-05
"ENSG00000238278",-0.541647223859398,0.104082747768477,18.8563372375595,2.0420767212954e-05,4.9934513857113e-05
"ENSG00000048052",-1.12878432113453,4.58396351213541,18.8540753829711,2.0443304804791e-05,4.99829046631991e-05
"ENSG00000145476",0.544985604453171,4.68230286425784,18.8397491171711,2.05866406486898e-05,5.03265887255874e-05
"ENSG00000168286",-0.250977872637312,4.63567030761879,18.8355902841564,2.06284404266994e-05,5.0421996301681e-05
"ENSG00000185800",-0.280187117489915,4.63871768218534,18.8270124808629,2.07149261079212e-05,5.06265890957901e-05
"ENSG00000152583",0.48979451729944,7.37133789719594,18.8253824169248,2.07314026771373e-05,5.06600499653062e-05
"ENSG00000266094",-0.571725529932448,4.90760877744792,18.8215468564612,2.07702245955542e-05,5.07480984610345e-05
"ENSG00000103264",-0.265654489974717,4.85669300626083,18.8129475513054,2.08575307657836e-05,5.09545694517222e-05
"ENSG00000004766",0.286594238378706,5.05241201385575,18.8107609886691,2.08797894555363e-05,5.1002096510515e-05
"ENSG00000188883",-1.03357635007207,3.57651380581828,18.7854750688448,2.11389476249046e-05,5.16281965088983e-05
"ENSG00000197614",0.82056351936882,5.59955552783867,18.7807549740414,2.11876838279009e-05,5.17402783917645e-05
"ENSG00000011451",-0.322540110596154,6.33741105019486,18.7777455069152,2.12188167161852e-05,5.18093486956608e-05
"ENSG00000135632",-0.246686912146344,5.39312357843741,18.7713797438662,2.12848230822579e-05,5.19635385530345e-05
"ENSG00000234072",-0.401132085770279,2.57221823053616,18.7635795905394,2.13659860282257e-05,5.21546844559615e-05
"ENSG00000219665",-0.520885331111331,0.560942316558732,18.7626332094505,2.13758546953457e-05,5.21717720342119e-05
"ENSG00000249673",0.358596208007269,3.58251682614629,18.7610536250978,2.13923365540802e-05,5.22049935925949e-05
"ENSG00000239789",-0.502447947339335,3.43855926117552,18.7605344134071,2.13977569737844e-05,5.22112159698406e-05
"ENSG00000010318",0.470653843151352,2.27644898831794,18.7428332199203,2.15833863154979e-05,5.26570932671061e-05
"ENSG00000131188",-0.692802515265525,2.17291358247129,18.7370034474294,2.1644878285284e-05,5.28000330274605e-05
"ENSG00000136244",-1.03312965668911,0.966439196542012,18.7330238167027,2.16869569279502e-05,5.28955843644306e-05
"ENSG00000227077",-0.67971793695265,-0.760547390449616,18.7262987418362,2.17582528197416e-05,5.30623628701341e-05
"ENSG00000240498",-0.760201912749602,1.54519820137107,18.7214342986765,2.18099710531147e-05,5.31813585620123e-05
"ENSG00000082641",0.36733187996419,8.16561881410158,18.7159717839136,2.18681962626789e-05,5.33161868130835e-05
"ENSG00000182168",1.03432151464487,3.96549477547768,18.7106475120187,2.19250993571646e-05,5.34477559453304e-05
"ENSG00000134443",1.16895299066812,1.32443210539831,18.7047689743217,2.19881002780654e-05,5.35941527549522e-05
"ENSG00000220848",0.403527648326273,1.52238811889946,18.7008465051165,2.20302397017633e-05,5.36896689931222e-05
"ENSG00000213928",0.614278943807065,1.87796845976896,18.6993200958711,2.20466601345749e-05,5.37224885487202e-05
"ENSG00000160867",1.06656514665876,4.07867053493209,18.6950200781619,2.20929844563294e-05,5.38281582440348e-05
"ENSG00000188647",-0.392477625368562,5.6797309426751,18.6925800969305,2.21193143091108e-05,5.38850908992912e-05
"ENSG00000183092",-0.869017850305191,0.416940662565342,18.6877074058943,2.21719906426412e-05,5.40061826447514e-05
"ENSG00000059691",0.334733955028427,4.30602373208621,18.68345288414,2.22180880765031e-05,5.41112193271879e-05
"ENSG00000205572",0.453494322782655,-0.514001544372696,18.6821089162267,2.22326700252801e-05,5.41394835211934e-05
"ENSG00000272444",0.667023514508075,-1.39918826731113,18.6773281669599,2.22846193549226e-05,5.42587224668449e-05
"ENSG00000092969",-1.05107926354343,4.56793531725102,18.6764120198668,2.2294588557297e-05,5.42757297122363e-05
"ENSG00000262714",1.12778937202213,0.274806169792957,18.6653312277722,2.24155241005401e-05,5.45628415873425e-05
"ENSG00000167566",-0.344346819881009,4.54930705453111,18.6624900814485,2.24466391345205e-05,5.46312689119039e-05
"ENSG00000049759",0.559909850484002,6.28835808658155,18.6614085656439,2.24584949243528e-05,5.46528105009539e-05
"ENSG00000213757",-0.734054186567167,0.331003681888608,18.6534985335461,2.25453991954785e-05,5.48569525842626e-05
"ENSG00000197619",0.388585891335403,3.63529113015673,18.6492638606823,2.2592063625318e-05,5.49631424849229e-05
"ENSG00000168887",-0.260985269734952,5.59476727068195,18.6443467083272,2.26463714037623e-05,5.50878966285447e-05
"ENSG00000111707",0.276810959572764,6.50904413374748,18.6437267530667,2.26532279106418e-05,5.50972063705206e-05
"ENSG00000151491",0.539444957401135,5.98270413320885,18.6412853417207,2.26802495773293e-05,5.51491440541567e-05
"ENSG00000150627",1.3545147525838,1.98860962276456,18.6412495066977,2.26806464440891e-05,5.51491440541567e-05
"ENSG00000197815",0.716755635830216,-0.657110147684947,18.6401177867702,2.26931836663213e-05,5.51722529772826e-05
"ENSG00000164077",-0.342328850422788,3.39333175844485,18.6331996413515,2.2769975721296e-05,5.53515528493626e-05
"ENSG00000137936",0.661576973224897,5.10681971292179,18.6321960408692,2.27811376066585e-05,5.53712856862095e-05
"ENSG00000079785",-0.261036984355946,7.23654805431044,18.6305157412058,2.27998380341233e-05,5.54093338007261e-05
"ENSG00000111110",0.715848582696894,5.90836742608658,18.6261278344854,2.28487453267743e-05,5.55207722115391e-05
"ENSG00000231890",-0.547128578439358,0.356131806711999,18.6236839622908,2.287603058152e-05,5.55796479049808e-05
"ENSG00000175602",-0.73824822527211,3.72644644814534,18.6214782465775,2.29006851932009e-05,5.56321173091943e-05
"ENSG00000230638",-0.694170842496849,1.66593978839475,18.6192513186694,2.29256041936923e-05,5.56852148871361e-05
"ENSG00000165802",-0.442650107390963,5.80435700695277,18.6112747730132,2.30150860358468e-05,5.58950974522609e-05
"ENSG00000198900",0.253672084681495,7.19265629167567,18.6036984180086,2.31004058721758e-05,5.60948173568935e-05
"ENSG00000140455",0.304770075131516,4.444311004008,18.5960327832966,2.3187056994343e-05,5.6297716274611e-05
"ENSG00000213185",-0.623139700756617,0.497768750507228,18.5948206940761,2.32007883540955e-05,5.63235369172837e-05
"ENSG00000196199",0.286192215257543,5.83066825210921,18.5939419332337,2.32107486934332e-05,5.63345599879499e-05
"ENSG00000134884",-0.409536193153424,6.29166831191731,18.5938735759696,2.32115236721848e-05,5.63345599879499e-05
"ENSG00000281706",-0.834096466012276,0.309537339349482,18.5934577820884,2.3216238167395e-05,5.63384842946739e-05
"ENSG00000067182",-0.292509182542614,6.98688715177383,18.5929105894011,2.3222444010369e-05,5.63460261019999e-05
"ENSG00000253854",0.48716753403727,0.650194320594069,18.5898851090092,2.32567870291389e-05,5.64218277292221e-05
"ENSG00000169084",0.347625129380142,4.55517820928659,18.5893083021065,2.32633403480849e-05,5.64301992866056e-05
"ENSG00000251002",0.873934431722805,-1.02428587603672,18.5829242385973,2.33359970408603e-05,5.65988950765658e-05
"ENSG00000130787",-0.451849304945613,5.68436193201144,18.5775423346648,2.33974266378393e-05,5.67403194252029e-05
"ENSG00000169607",-0.417450374868101,4.31500131003997,18.5765212325797,2.34091000627649e-05,5.67610601175267e-05
"ENSG00000276488",0.557740122477228,-1.31883094626341,18.5718279694937,2.34628301722425e-05,5.68837583541385e-05
"ENSG00000234129",-0.566091497262361,-0.915483994488047,18.5692532196919,2.34923598178443e-05,5.69477596117489e-05
"ENSG00000211650",-1.7614783387933,3.08899712561703,18.5649302410445,2.35420244297478e-05,5.70605464190102e-05
"ENSG00000139832",-0.540617027528854,4.43426216680953,18.5627901155737,2.35666506166887e-05,5.71126237729958e-05
"ENSG00000276900",0.59601699772947,1.86402611497808,18.5595405560857,2.36040928064318e-05,5.71957420681297e-05
"ENSG00000145708",0.745451906029371,-1.39044843225119,18.5559305432279,2.36457588395736e-05,5.72890717695702e-05
"ENSG00000260367",0.511782095571349,-1.67282628037437,18.5525401984095,2.36849573038878e-05,5.73763989668503e-05
"ENSG00000229638",-0.556882131707678,1.38315995845635,18.5480238150433,2.37372769938005e-05,5.74954846135629e-05
"ENSG00000107731",0.513803557255865,6.0985159494925,18.5465776370705,2.37540548467512e-05,5.75284619910401e-05
"ENSG00000168143",-1.12121022971183,3.79967385024493,18.5409134797595,2.38198833115914e-05,5.76802073853313e-05
"ENSG00000196757",0.372566114142333,3.61940162245617,18.5284527969688,2.39653513180392e-05,5.80247350602365e-05
"ENSG00000145287",-0.900264723848825,1.66454807079459,18.5280120590385,2.39705129984053e-05,5.80295075755351e-05
"ENSG00000164898",-0.478480668261403,-1.03895479275312,18.521512960777,2.40467576520904e-05,5.82063385914587e-05
"ENSG00000196890",0.978544812063352,1.59177373834532,18.5178402182144,2.40899532275315e-05,5.83031363010436e-05
"ENSG00000213930",-0.48321687733885,3.07027091468089,18.5135031759445,2.4141062871299e-05,5.84190595400728e-05
"ENSG00000175857",0.731275952913342,1.92393981314486,18.5096996586216,2.41859755592488e-05,5.85199578916612e-05
"ENSG00000234494",0.512161742605349,1.227261974908,18.5018984631785,2.42783584714843e-05,5.87356722372116e-05
"ENSG00000115266",0.61385448079925,1.39124297500768,18.500477463127,2.4295224586005e-05,5.87686587006596e-05
"ENSG00000099364",-0.368803621278953,4.88981552876867,18.4971569081006,2.43346831305427e-05,5.88562788269031e-05
"ENSG00000141052",1.08054184490565,-0.91800617535984,18.4912035046886,2.44055906238459e-05,5.90199285023944e-05
"ENSG00000165732",-0.371506966886879,7.42782006498111,18.4866782044922,2.44596287080804e-05,5.9142744874045e-05
"ENSG00000270728",0.578937393622999,0.883381466961645,18.4854023595069,2.44748858662111e-05,5.91717697905952e-05
"ENSG00000152904",0.372163798224517,5.04717484374572,18.4823734201202,2.4511145955056e-05,5.92515580317064e-05
"ENSG00000163071",0.839343816380216,3.22319385421291,18.4779985026164,2.4563615063899e-05,5.93705024295277e-05
"ENSG00000167123",0.501875628966968,6.2904528630155,18.4769310796828,2.45764340897386e-05,5.93935933064266e-05
"ENSG00000142494",0.850381600350782,1.78334387118168,18.4484878737032,2.4920523753243e-05,6.02171497308335e-05
"ENSG00000106330",-0.397713538845692,4.35850839500452,18.4429110345893,2.49885589400896e-05,6.03735268334684e-05
"ENSG00000085552",-0.515825052619864,5.84041842707877,18.4411530128429,2.50100450532221e-05,6.04174125950331e-05
"ENSG00000187037",0.848498339800078,0.387107078020176,18.4384036959613,2.50436840352925e-05,6.04906408013148e-05
"ENSG00000260774",0.521329776731037,-0.665904989471526,18.4358264442694,2.50752593247389e-05,6.05588655687625e-05
"ENSG00000163817",-1.09005348202463,0.87327370913652,18.4243383670255,2.521649685445e-05,6.08918806145428e-05
"ENSG00000144648",-1.24816128740016,2.72310846561409,18.421315598378,2.52537932424468e-05,6.09738472711565e-05
"ENSG00000270589",0.728323404310554,-0.963426218331486,18.4128017723188,2.53591414008903e-05,6.12200774886372e-05
"ENSG00000243819",-0.582393371172059,-1.00078794278893,18.4104248809413,2.5388631881816e-05,6.12831369165851e-05
"ENSG00000176463",-0.66841975077152,4.26536685479823,18.4089416261239,2.54070524579554e-05,6.13194625935899e-05
"ENSG00000106404",-0.397854332027921,2.50443701701652,18.4062446702112,2.54405806904898e-05,6.13922358496257e-05
"ENSG00000217442",0.882423598277071,-0.33059943001014,18.3918751640722,2.56199772696592e-05,6.18169470125447e-05
"ENSG00000127990",-0.687769038402299,5.22860280482654,18.387506141948,2.56747759606887e-05,6.19409504142468e-05
"ENSG00000157326",0.430734096605516,3.04727452992228,18.3825625791132,2.57369239681697e-05,6.20826489566406e-05
"ENSG00000092931",0.309950163889488,4.90490270721029,18.3812634953076,2.575328065635e-05,6.21138666725493e-05
"ENSG00000183153",0.602235817022146,0.521333805282644,18.3803033908864,2.57653760376596e-05,6.21347997047141e-05
"ENSG00000175691",-0.37039055765363,2.54368090568197,18.3784245081807,2.57890628165508e-05,6.21836768536956e-05
"ENSG00000234127",-0.282642692587574,6.63342071770136,18.3777123509002,2.57980466319115e-05,6.21970933379117e-05
"ENSG00000170776",-0.40662047062575,6.87696835223363,18.3722041266474,2.58676396129016e-05,6.23566109051629e-05
"ENSG00000188157",-0.517345785918732,7.76742949295749,18.3641255512721,2.5970051322669e-05,6.25951886372521e-05
"ENSG00000154874",-1.05554332526595,0.892453141082795,18.3549736966326,2.60865649543255e-05,6.28676882720647e-05
"ENSG00000120008",0.289815557453921,5.78882953810845,18.3528849481317,2.6113231215289e-05,6.29236154403387e-05
"ENSG00000173376",1.15233559619872,1.33904115755324,18.3478052983219,2.61781964012574e-05,6.30718023772777e-05
"ENSG00000099385",-0.392597437715678,4.30409062937903,18.343101604499,2.62384992746728e-05,6.32087185175826e-05
"ENSG00000105223",-0.403182503373199,7.9023434018794,18.3377159795061,2.63077174437036e-05,6.33654042279922e-05
"ENSG00000130558",1.0505353794021,4.63973593805285,18.3374991004731,2.63105087271716e-05,6.33654042279922e-05
"ENSG00000272693",0.458601964480665,-0.426277842283641,18.332433091025,2.63757948129917e-05,6.35142269374675e-05
"ENSG00000116260",-0.559564286956428,8.38823231368132,18.3297082396501,2.64109780063728e-05,6.35905305771655e-05
"ENSG00000104728",-0.726023612536173,-0.221647558270712,18.3238079483311,2.64873252998392e-05,6.37659129786202e-05
"ENSG00000106012",0.391802621438829,5.61271307996131,18.3191643079984,2.654756915251e-05,6.39024864671587e-05
"ENSG00000270157",-0.45124963551493,1.18317909532179,18.3073347920662,2.67016659044365e-05,6.42612092440451e-05
"ENSG00000196141",-0.448214172355641,6.12562541618347,18.3070375500683,2.67055495576338e-05,6.42612092440451e-05
"ENSG00000170291",-0.28544192144371,4.61581513736006,18.3069115507372,2.67071959905288e-05,6.42612092440451e-05
"ENSG00000277287",-0.892668300930312,0.804330373391538,18.3020004748265,2.67714491323012e-05,6.44072905844304e-05
"ENSG00000174837",-0.748694754773257,0.609452582786809,18.2961225489675,2.68485576634495e-05,6.45788550466619e-05
"ENSG00000136869",0.476489565225117,4.52258606688004,18.2960232180148,2.68498626491564e-05,6.45788550466619e-05
"ENSG00000105639",-0.612831755824813,4.23293271093535,18.2950269238004,2.6862955271063e-05,6.46018022570533e-05
"ENSG00000269737",0.67849557873537,0.527069892282446,18.2740139988572,2.71406036822941e-05,6.52608804565792e-05
"ENSG00000055163",0.758639752470592,5.46891768983306,18.246264493804,2.75117214250874e-05,6.61445061836735e-05
"ENSG00000224914",0.433607295809762,1.76348341648158,18.2452892437407,2.75248573261045e-05,6.61673414019547e-05
"ENSG00000145358",-1.0544594157433,1.94585641838991,18.2443899860027,2.75369752933836e-05,6.61877238847708e-05
"ENSG00000241684",-0.727970946120188,-1.25766191375113,18.2377229110714,2.76269862415643e-05,6.63952993870998e-05
"ENSG00000100554",0.311465089022138,6.03309717019258,18.2330044008257,2.76908699387004e-05,6.65400373160369e-05
"ENSG00000119596",0.251744997274837,6.50235810653215,18.2223728100475,2.7835359258172e-05,6.68784034593965e-05
"ENSG00000263072",0.395966662759177,3.47501222556891,18.2207500891283,2.78574799993321e-05,6.69227111646878e-05
"ENSG00000138430",-0.309279016127741,6.98700435463499,18.2191606500336,2.7879164300964e-05,6.69659588359658e-05
"ENSG00000167747",-0.445507350689285,6.13980708232044,18.2162861074625,2.79184243432912e-05,6.70514065701546e-05
"ENSG00000247092",-0.424885357626273,1.80866186502154,18.2103320132918,2.79999225511741e-05,6.72382613362497e-05
"ENSG00000104765",0.384818247339026,6.82200474534291,18.1935406581164,2.82310584575685e-05,6.77843552773934e-05
"ENSG00000286389",-0.859997821318916,-0.247122344742327,18.1848276149665,2.83517553198607e-05,6.80651697145759e-05
"ENSG00000105732",-0.290663435397202,4.89644135319619,18.1833546041213,2.83722116747932e-05,6.81052904765922e-05
"ENSG00000267680",0.360374295563759,3.07932745008562,18.1826508677883,2.83819900478582e-05,6.81197723661184e-05
"ENSG00000188707",-0.593432456604695,4.18315313258318,18.1818509899017,2.83931084451209e-05,6.81374662092438e-05
"ENSG00000137563",-0.659427812989296,5.86629055110568,18.1815278959261,2.83976007398934e-05,6.81392562344565e-05
"ENSG00000113300",0.323269255031091,6.26389025595765,18.1788299407712,2.84351411809554e-05,6.82203334387569e-05
"ENSG00000101057",-0.645172638393768,6.89499538913886,18.1719747772754,2.85307528914467e-05,6.84406929028796e-05
"ENSG00000174483",0.495864911042494,-0.618948971678563,18.1704584576827,2.85519455323764e-05,6.84824983967904e-05
"ENSG00000136367",0.486580552816938,2.56681341599492,18.1694586315252,2.85659281896253e-05,6.85063235495142e-05
"ENSG00000162878",-0.762179789691546,3.07456509132173,18.1692096049445,2.85694119267135e-05,6.85063235495142e-05
"ENSG00000197912",-0.277817705264075,6.09763857448478,18.1678650767221,2.85882285271229e-05,6.85424071251398e-05
"ENSG00000078061",0.286254786669273,6.1434781996249,18.1671106917617,2.85987915988771e-05,6.85586953473543e-05
"ENSG00000173786",-0.312766720832203,6.96664149179639,18.1607936581089,2.86873993908776e-05,6.87620479864632e-05
"ENSG00000101384",-0.547354124220287,6.34460947021168,18.1581598445223,2.8724425435483e-05,6.88417248412919e-05
"ENSG00000104951",-0.744729832824772,4.16935953551095,18.1487745381293,2.885675753849e-05,6.91497636508637e-05
"ENSG00000259426",0.539818227314282,0.450256465239832,18.1415010867416,2.89597370637487e-05,6.93873926644001e-05
"ENSG00000167962",-0.331825872940642,5.14048434483715,18.1412039206769,2.89639523252691e-05,6.93883515400415e-05
"ENSG00000140983",0.37475446194088,6.00692259169074,18.1381644637596,2.90071023091834e-05,6.94825730013733e-05
"ENSG00000132773",-0.31782837610677,3.63312940100669,18.1376130503939,2.90149374818395e-05,6.94921889543978e-05
"ENSG00000152377",0.816910770487101,5.34188416520547,18.1167853981622,2.93124572413814e-05,7.01955197243246e-05
"ENSG00000287125",0.841841654708271,-1.12253142698568,18.1152911060016,2.93339213588839e-05,7.02376726797499e-05
"ENSG00000107518",1.48661362292499,3.04398300164492,18.1124143149588,2.93752886068771e-05,7.03274646810425e-05
"ENSG00000146374",-0.913929871912139,2.06513618310132,18.1030801997352,2.95099170972284e-05,7.06404806744394e-05
"ENSG00000000460",-0.418976963842327,4.21218789253496,18.0955595319881,2.96188440812879e-05,7.08918984274858e-05
"ENSG00000265798",0.572971005392668,-1.65319161962198,18.0924733383976,2.96636612612136e-05,7.09898251340727e-05
"ENSG00000182628",0.380395916307894,5.74059254866399,18.0896802546041,2.97042811386837e-05,7.10776825878674e-05
"ENSG00000167967",0.399273864347147,4.8802606430004,18.0878188844894,2.97313823516186e-05,7.11331731401262e-05
"ENSG00000198791",-0.349325045821412,6.56105369324474,18.0871454654635,2.97411933771363e-05,7.1147287273886e-05
"ENSG00000173198",0.771977805296143,2.26096502736574,18.0836203279548,2.97926045378312e-05,7.12609010171061e-05
"ENSG00000253626",-1.01562311211149,1.78471813688156,18.0798917022806,2.98470813304327e-05,7.13818165993307e-05
"ENSG00000169926",-0.419431079105993,6.40077169041189,18.0792766976555,2.98560764922293e-05,7.13939415251993e-05
"ENSG00000242612",0.485649469471429,4.06167818096743,18.0783634840621,2.98694383730816e-05,7.14165038950452e-05
"ENSG00000104164",0.266133192997881,5.82853493787765,18.0760007024164,2.99040380264378e-05,7.14898322324988e-05
"ENSG00000153029",0.44329850933288,5.27469406051857,18.0756159851144,2.99096755170728e-05,7.14939122492469e-05
"ENSG00000080709",0.600087720632779,-0.0191369076178316,18.0594186454964,3.01480036892856e-05,7.20541249803845e-05
"ENSG00000165323",-1.61294773619978,2.71865404241045,18.0537776945031,3.02314555033573e-05,7.22427933043846e-05
"ENSG00000085265",-0.860666181914244,2.25878336714514,18.0535460127053,3.02348879828995e-05,7.22427933043846e-05
"ENSG00000253771",-0.802612233395277,-1.12354191690588,18.049570351978,3.02938508707864e-05,7.23741704502645e-05
"ENSG00000198205",0.358822283501767,2.48581919415944,18.0481556136068,3.03148608824805e-05,7.24148528671599e-05
"ENSG00000102970",-0.961727057246687,0.051950964026907,18.0386113947445,3.04569863044497e-05,7.27448019573647e-05
"ENSG00000177173",0.821911486499874,-1.07715101366489,18.0379626908014,3.04666707735676e-05,7.27583781551532e-05
"ENSG00000131037",0.634956030270162,4.83740968966415,18.0291037354868,3.05992381469796e-05,7.30653726424136e-05
"ENSG00000049167",0.289876896161401,3.37502497309665,18.0283662843706,3.06102998279464e-05,7.30779009527075e-05
"ENSG00000197982",-0.423804276309936,5.1234820869916,18.0282182544343,3.06125207476731e-05,7.30779009527075e-05
"ENSG00000059804",-0.564724489453255,5.09740675765477,18.0181258929223,3.07643236607421e-05,7.34306455041439e-05
"ENSG00000173818",0.437533323305285,4.23758592902426,18.0128497815546,3.08439867516049e-05,7.3611131221387e-05
"ENSG00000103227",0.433993310537035,4.02147942104712,18.0068300989655,3.09351320360381e-05,7.38189689676542e-05
"ENSG00000234350",0.820472397511988,-1.2216327078302,18.0040430961427,3.09774229472337e-05,7.39031575019049e-05
"ENSG00000223797",0.431789409453258,1.64819027766772,18.0039695798356,3.09785393003367e-05,7.39031575019049e-05
"ENSG00000133816",0.497337966811086,6.4577364140448,17.9985324240828,3.10612161169173e-05,7.40906752438677e-05
"ENSG00000165494",0.305314528019619,5.90663774512777,17.9971393682242,3.10824347083772e-05,7.41315660209763e-05
"ENSG00000230207",-0.499124878670775,-0.477899309376125,17.9958071048171,3.11027410581785e-05,7.41702706655502e-05
"ENSG00000247081",-0.648807971029872,3.16192638134485,17.990530180707,3.11833039603111e-05,7.43526392803014e-05
"ENSG00000172345",0.507398291624754,-0.0052355541475397,17.989853457441,3.11936507820431e-05,7.43643502056646e-05
"ENSG00000235919",-0.414309429805529,0.90162231939572,17.9896390907311,3.11969290862321e-05,7.43643502056646e-05
"ENSG00000197467",-0.627958990448751,1.97787385598515,17.9894068298412,3.12004814393791e-05,7.43643502056646e-05
"ENSG00000235499",-0.661465640640019,-0.407139592012688,17.9872278792754,3.12338277160647e-05,7.44340747510199e-05
"ENSG00000221916",-0.552995117610262,-0.0522654907623106,17.9821792837827,3.13112292746701e-05,7.46087564584959e-05
"ENSG00000108854",-0.37690338695081,5.71657129897609,17.9725672893859,3.14591310136553e-05,7.49513590354155e-05
"ENSG00000266412",0.320079713201281,7.932022441641,17.9682241800643,3.15261911700365e-05,7.51012920760477e-05
"ENSG00000183291",-0.27771982830746,7.45215441632368,17.9600403940155,3.16529472338872e-05,7.53933740557805e-05
"ENSG00000185986",0.453634792901436,2.87353522819013,17.9595947297344,3.16598647842943e-05,7.53999765217683e-05
"ENSG00000162298",0.279911900446265,6.50855297612952,17.9521683650128,3.1775361523432e-05,7.56651316297696e-05
"ENSG00000131732",0.231291165484881,4.07348300863249,17.94922303759,3.18212860873338e-05,7.57645701474573e-05
"ENSG00000234883",-0.784396817297921,0.881982097709075,17.9460712288249,3.18705046247374e-05,7.5871824360566e-05
"ENSG00000177954",-0.367960021656888,9.46282702696394,17.9355324556789,3.20356382418376e-05,7.62549651017592e-05
"ENSG00000169439",-0.707151123769337,7.17842379708581,17.9215372609397,3.22562711133447e-05,7.67700940865629e-05
"ENSG00000072401",-0.350321725071287,4.69292446350441,17.9147010672612,3.23646017591914e-05,7.70178433594365e-05
"ENSG00000147099",-0.353695485198671,3.42644094562479,17.9124937354961,3.23996591560592e-05,7.70911827224496e-05
"ENSG00000212916",-0.603463434818984,2.46247965581773,17.9100961859133,3.24377812073953e-05,7.71654563063045e-05
"ENSG00000134285",-0.425364109805247,4.45080517046895,17.9099969575896,3.24393599581045e-05,7.71654563063045e-05
"ENSG00000107679",-0.342809010788582,5.57139556154065,17.9091187710957,3.24533355455248e-05,7.71886055841512e-05
"ENSG00000168394",-0.676205819885969,7.45606628226079,17.9080008250658,3.24711355222053e-05,7.72208437340312e-05
"ENSG00000213906",0.52044884313389,0.0591368779594752,17.9022810568578,3.25623606752258e-05,7.7427665833574e-05
"ENSG00000047579",-0.289366226610746,4.53650215515414,17.8932099355272,3.27075693611462e-05,7.77627805935329e-05
"ENSG00000102977",-0.331041819615439,4.24619518080565,17.8878843055105,3.27931262843179e-05,7.79560032491404e-05
"ENSG00000105176",-0.42893195411719,6.9546688461203,17.8875711587602,3.27981640753543e-05,7.79577898853299e-05
"ENSG00000265478",0.648065257525337,-1.2979682343705,17.8847242397626,3.28440002365936e-05,7.80565368225747e-05
"ENSG00000226674",-0.862953932941099,-0.320206674479679,17.8844148466713,3.28489854545859e-05,7.80581849291883e-05
"ENSG00000109670",-0.328673364624646,4.56999147299851,17.8768027512432,3.29718799643856e-05,7.83399807697251e-05
"ENSG00000246526",0.586451668057889,-0.588585822206846,17.8750753921706,3.29998322976789e-05,7.83961533216018e-05
"ENSG00000255443",-0.890524744774908,-0.588372862683137,17.8685047164754,3.31063791875006e-05,7.8630514795277e-05
"ENSG00000080298",-0.516252265610329,4.18834041399684,17.8684584840825,3.31071301023879e-05,7.8630514795277e-05
"ENSG00000211592",-1.22018155080048,11.5775208805082,17.8568307306787,3.32965388915899e-05,7.90700416973805e-05
"ENSG00000140694",0.242303166464961,6.51295999467303,17.8451333672028,3.34881888409911e-05,7.95147752793663e-05
"ENSG00000198753",-0.64588396092751,4.07341395465795,17.8365770191072,3.36290833556521e-05,7.98388941486228e-05
"ENSG00000205208",-0.354008643240745,4.02001119333882,17.825276317231,3.38160886305623e-05,8.02723858017053e-05
"ENSG00000177732",0.497229738743372,5.82803642861028,17.8205319736419,3.38949120807252e-05,8.04489965971851e-05
"ENSG00000164323",0.343022623753892,5.92573834862936,17.8196545598177,3.39095099785647e-05,8.04731429397357e-05
"ENSG00000124614",-0.48312137136379,0.595372900905801,17.8176967223224,3.39421062898491e-05,8.053999076318e-05
"ENSG00000115368",-0.313509244623811,5.91760247329197,17.8114275575595,3.40466961197893e-05,8.07776296669354e-05
"ENSG00000234678",-0.453996422649013,2.76682073927718,17.8100346140927,3.40699791742794e-05,8.08223270147116e-05
"ENSG00000116171",0.273448998920893,7.0614694974276,17.8061862759083,3.41343879997477e-05,8.09645603729018e-05
"ENSG00000166321",0.493749117315492,1.44932892945639,17.7970418264278,3.42879317775739e-05,8.13181514109419e-05
"ENSG00000163596",0.673765882520977,2.55290786772174,17.7942914300461,3.43342501572303e-05,8.14173848578494e-05
"ENSG00000273796",-0.676634582864939,-0.831108859839997,17.791849238686,3.43754312799167e-05,8.1504411956606e-05
"ENSG00000151617",0.60496813800849,4.81667097637666,17.7856492891634,3.44802019082391e-05,8.17351180980143e-05
"ENSG00000132740",0.453357153050689,4.48954066613365,17.7855594714139,3.44817220786268e-05,8.17351180980143e-05
"ENSG00000105427",-0.884347517519264,2.38485987189929,17.7843242520631,3.45026351206807e-05,8.17740327827651e-05
"ENSG00000178222",-1.34451338959251,2.23208231689017,17.7838370379012,3.45108874952832e-05,8.1782934431819e-05
"ENSG00000180089",-0.552158391360716,0.406090694878836,17.7742168207618,3.46742435731991e-05,8.21593462883462e-05
"ENSG00000081320",-0.446019402547382,5.73312222894042,17.7708879405647,3.4730951787381e-05,8.22829948038147e-05
"ENSG00000225178",-0.506465473057342,1.33576384060665,17.7705082596552,3.47374257000647e-05,8.22876137838989e-05
"ENSG00000140521",-0.330657616180518,5.56442472117107,17.7685555724377,3.477074014229e-05,8.23558043635852e-05
"ENSG00000165886",-0.454891626347171,4.02513155229104,17.7667147639044,3.4802175468919e-05,8.24195270089452e-05
"ENSG00000182853",-1.60155103773529,3.48875293791264,17.7653006058786,3.48263444678955e-05,8.24660269733215e-05
"ENSG00000134574",0.353590088208784,4.65027413367778,17.7632885526782,3.48607612330171e-05,8.25367775717411e-05
"ENSG00000227252",0.406900249950182,0.679825188156293,17.7584526627749,3.49436214996995e-05,8.27221902689749e-05
"ENSG00000168334",-1.07758708185559,1.6796608242162,17.7579890885976,3.49515750521579e-05,8.27302507871743e-05
"ENSG00000175782",0.453428218876986,4.90528142385021,17.7565281877368,3.49766517544455e-05,8.27788343669297e-05
"ENSG00000278291",-0.869812592791183,-0.0379021671466641,17.7511752453944,3.50686920414025e-05,8.2985866621003e-05
"ENSG00000198892",0.556437014118654,3.82467504962598,17.7492548186005,3.5101772252213e-05,8.30533411894431e-05
"ENSG00000099341",-0.298514626303673,7.51337577072019,17.7476628097735,3.51292192713026e-05,8.31074713978215e-05
"ENSG00000237125",-0.770361723761152,0.374565969531687,17.7472364132844,3.51365742468569e-05,8.31137519436794e-05
"ENSG00000131389",0.415438255840638,5.95845165252032,17.7468181623843,3.51437902329588e-05,8.31137519436794e-05
"ENSG00000242259",0.32042666501446,4.39006679404984,17.7467142557584,3.51455831426676e-05,8.31137519436794e-05
"ENSG00000112640",-0.359817490642599,5.43194861862643,17.7454798297334,3.5166890262255e-05,8.31533281448121e-05
"ENSG00000105784",0.708405066949337,0.646846899886035,17.744282827604,3.51875639095693e-05,8.31913963846674e-05
"ENSG00000130177",-0.295090718703725,6.32150736928311,17.7425752982726,3.52170762700244e-05,8.32503487391739e-05
"ENSG00000075702",-0.478654817867439,4.41601480202974,17.7414603547288,3.52363601035712e-05,8.32851094949647e-05
"ENSG00000177105",-0.330964895628939,5.79254693472249,17.7398385340684,3.52644298708352e-05,8.3340625063767e-05
"ENSG00000126351",0.494656063347387,5.45754895460601,17.7386845580913,3.52844161726773e-05,8.33770249900813e-05
"ENSG00000131409",-0.788638881664378,-1.02796782015178,17.7332489785049,3.53787121426331e-05,8.35889862886738e-05
"ENSG00000154760",-0.898728360171942,4.27108432323868,17.7270502253956,3.54865590869066e-05,8.38329051399737e-05
"ENSG00000147679",0.403904855040704,5.42235182243103,17.7254315019689,3.55147766884994e-05,8.38886699234321e-05
"ENSG00000102178",-0.312706710076126,6.08802375342581,17.7237032421004,3.5544928811365e-05,8.39489891210372e-05
"ENSG00000181852",0.234022254453972,5.82066274246315,17.7179065111473,3.56462510279534e-05,8.41773583090648e-05
"ENSG00000110925",0.277588943895779,5.92113098346373,17.7163581190907,3.56733651458456e-05,8.42304511583331e-05
"ENSG00000154146",-0.676333078362008,1.874890699692,17.7134693554787,3.57240065482543e-05,8.43390746494872e-05
"ENSG00000197265",-0.371487095445863,5.06520369823401,17.7042313988302,3.58864415173131e-05,8.47115637010889e-05
"ENSG00000100345",-0.384673397428371,10.558225729008,17.7026794231088,3.59138038668418e-05,8.47651524435658e-05
"ENSG00000142303",-0.619537304601006,2.77328005610767,17.6946901609701,3.60549944812425e-05,8.50873543045073e-05
"ENSG00000121289",-0.315561742302394,5.47424913151199,17.6935768060589,3.60747148748347e-05,8.51228482282686e-05
"ENSG00000112167",-0.317727271568503,5.34462982165346,17.6847104896576,3.62321506250383e-05,8.54832475766243e-05
"ENSG00000162373",-0.735960146489047,1.30282310204421,17.67833586058,3.63457722546074e-05,8.57401953004927e-05
"ENSG00000255769",-0.574153772228384,1.161694818174,17.6744036007692,3.64160408790456e-05,8.58948192851875e-05
"ENSG00000136856",0.352549170484703,4.05377448374953,17.670143504166,3.64923231488004e-05,8.60635857663876e-05
"ENSG00000171462",-0.507199206152426,0.811662251976579,17.6641160902779,3.6600527942052e-05,8.63075848839675e-05
"ENSG00000126005",0.535982852724444,5.41053613696472,17.6632988216414,3.66152246319524e-05,8.63310481729259e-05
"ENSG00000101407",0.306948443146174,5.59251612777373,17.6572928613576,3.67234114602363e-05,8.65749070173399e-05
"ENSG00000156531",-0.349114303888124,5.72114777168114,17.6542075227235,3.6779114225638e-05,8.66949882757782e-05
"ENSG00000275066",0.350642011088652,5.82014491129128,17.6527422250593,3.68055986993038e-05,8.67461745682179e-05
"ENSG00000129355",-0.454194443433456,3.86122038849165,17.6430359479679,3.69815228588853e-05,8.71495125365905e-05
"ENSG00000177427",0.366519678595653,3.98364317246762,17.6423900385111,3.69932600027975e-05,8.71658780840629e-05
"ENSG00000018610",-0.239531305640673,4.96527276211205,17.6396030454299,3.70439471206618e-05,8.72740039158805e-05
"ENSG00000135862",-0.459894108197098,8.00152613633607,17.6366601487433,3.70975460095953e-05,8.73889608629087e-05
"ENSG00000204778",0.694778994473056,-0.833231444441414,17.6344697862823,3.71374899910629e-05,8.74717259722161e-05
"ENSG00000129103",-0.533910961839104,7.27036056921368,17.62865870944,3.72436733912726e-05,8.77104663525141e-05
"ENSG00000089486",-0.408095490717898,4.73790050057957,17.626599602748,3.72813723262799e-05,8.77878819096814e-05
"ENSG00000089723",0.480961775498827,2.27470079513531,17.6238042564781,3.73326124754071e-05,8.78971593142659e-05
"ENSG00000134294",0.361982311250281,7.84891803014332,17.622611346989,3.73545008329267e-05,8.79373105292869e-05
"ENSG00000170379",-0.571400258853459,3.25638014599515,17.6216667611826,3.73718419893577e-05,8.7966748039658e-05
"ENSG00000204262",0.644654345064753,8.84290581145792,17.6146206881889,3.75014546505398e-05,8.82604111262963e-05
"ENSG00000171224",-0.473045154611392,3.86925799534137,17.6120314296914,3.75491984170888e-05,8.83613430987205e-05
"ENSG00000130921",-0.325853079729417,4.34016753810237,17.611358538792,3.75616160381439e-05,8.83791296897491e-05
"ENSG00000058335",-1.1743361558125,2.78837566938804,17.6088590449501,3.76077784676464e-05,8.84762999313871e-05
"ENSG00000163435",-0.481256531381158,6.97249885710025,17.5838358883804,3.80731028230006e-05,8.95594405257028e-05
"ENSG00000108379",0.677511398785349,2.9407982816299,17.5820518342863,3.81065004890409e-05,8.96264103057903e-05
"ENSG00000107521",-0.296002452581578,5.85828070141998,17.5769277265209,3.8202589365104e-05,8.98330560037291e-05
"ENSG00000256053",-0.363293155562054,3.63127201387548,17.5768399023152,3.82042384093273e-05,8.98330560037291e-05
"ENSG00000211669",-1.89713098223325,5.43404224413675,17.575944489865,3.82210553688446e-05,8.98609817798016e-05
"ENSG00000169758",-0.549731015394256,0.403839640529361,17.5748428657396,3.8241755526048e-05,8.98980288881686e-05
"ENSG00000070269",0.293828422566698,4.18595101600179,17.5728192145147,3.82798106978248e-05,8.99758590038817e-05
"ENSG00000158470",-0.401499247580898,6.82202431221505,17.5722900144769,3.82897687364471e-05,8.99876358416461e-05
"ENSG00000198874",0.218081200300058,4.70568038096786,17.5627066918444,3.84705542133266e-05,9.04008320454759e-05
"ENSG00000254876",-0.613149350431318,-0.41356587798306,17.5367664268417,3.89642558418815e-05,9.15491390327012e-05
"ENSG00000143368",-0.328425917259935,7.22551589144574,17.5352470646492,3.89933708626532e-05,9.1605712897176e-05
"ENSG00000285943",0.497406434179291,-1.22041952305972,17.5243794401534,3.92022668983991e-05,9.20845706248331e-05
"ENSG00000160360",-0.531872155395289,4.19288878688454,17.5222440597165,3.92434459404781e-05,9.21693949852035e-05
"ENSG00000133640",1.11585657046862,0.98833218386951,17.5133528010601,3.94153779912713e-05,9.25612517631044e-05
"ENSG00000065613",0.323577765207865,6.74499241474108,17.5109661262427,3.94616593407704e-05,9.2657973159041e-05
"ENSG00000156261",-0.294865406648382,7.85346111795567,17.5082740833082,3.95139283100254e-05,9.27687270043554e-05
"ENSG00000272509",0.562961669452896,-1.36223593649248,17.5059603342705,3.95589083154489e-05,9.28623418225846e-05
"ENSG00000263874",0.660287867590579,0.267481141309167,17.5013261995166,3.96491533502221e-05,9.30621759109355e-05
"ENSG00000272145",-0.438870824696279,-0.186042178348185,17.4874060383547,3.99214900830472e-05,9.36892982748983e-05
"ENSG00000235082",-0.402363725077166,-1.64891221561881,17.4862399475991,3.99443895304503e-05,9.37309452689755e-05
"ENSG00000164037",0.505480084818936,-0.593204132182107,17.4832367684921,4.00034266060306e-05,9.3857368822302e-05
"ENSG00000111412",-0.42759882137537,6.29984698517352,17.4829510324818,4.00090482617858e-05,9.38584508945388e-05
"ENSG00000101236",-0.474000885374291,6.06201774475067,17.4824981254474,4.00179605295426e-05,9.38672512395308e-05
"ENSG00000197046",1.22646429659514,1.64248975018108,17.4772001460595,4.01223631846814e-05,9.41000053646661e-05
"ENSG00000206561",0.53707732818985,0.447399053965741,17.4556669432353,4.05495462289087e-05,9.50896269741352e-05
"ENSG00000121879",-0.525686034126451,5.72948495798322,17.4551616005045,4.05596265233711e-05,9.51010038941696e-05
"ENSG00000187951",-0.445295139355383,2.61288350391254,17.4534043544042,4.05946988480908e-05,9.51709696634539e-05
"ENSG00000186350",0.378664328721136,6.5217125349423,17.44857506078,4.06912434911161e-05,9.53850156742389e-05
"ENSG00000102053",-0.568935935558116,0.728448443884814,17.4461730390818,4.07393499839522e-05,9.54854764830054e-05
"ENSG00000184983",-0.345674745740863,5.88004461656432,17.4446871575043,4.07691373122164e-05,9.55429802131932e-05
"ENSG00000141456",-0.31688904613794,6.43361932941249,17.4407140074077,4.08488950749524e-05,9.57175603740316e-05
"ENSG00000151790",-0.865120167087227,2.94964708460325,17.4370707239374,4.09221699239848e-05,9.5876906682653e-05
"ENSG00000000457",0.30892824829635,4.73432516840368,17.4340295922102,4.09834360413363e-05,9.60080802060568e-05
"ENSG00000185829",0.530905798595487,0.259654847289987,17.4324757652977,4.1014775021886e-05,9.60691214549984e-05
"ENSG00000154511",0.458952939983614,3.79089790230801,17.42831268361,4.10988594842579e-05,9.62536770924133e-05
"ENSG00000198203",1.20218507141409,0.684622706125747,17.4245260820883,4.11754915486072e-05,9.64207339109137e-05
"ENSG00000285906",-0.595831222792865,1.51686928948203,17.4069048921954,4.15340119116361e-05,9.72477611545878e-05
"ENSG00000228057",-0.481677399755506,0.209040703654908,17.4017919132774,4.16386310958969e-05,9.74801676370412e-05
"ENSG00000112339",-0.379056098968387,6.38533656914136,17.3999161219883,4.16770794736507e-05,9.75576218103936e-05
"ENSG00000182718",-0.454198836976147,9.67068329685864,17.3988608200254,4.16987259609407e-05,9.75957312800913e-05
"ENSG00000113212",-0.985822490242689,1.39404127657781,17.3980469492223,4.17154279589224e-05,9.76222598709316e-05
"ENSG00000009950",1.04801378742364,1.07375422085887,17.3932287388195,4.18144446282602e-05,9.78413892832621e-05
"ENSG00000100170",-1.43146968320592,4.05422288977199,17.3905882347784,4.18688092661355e-05,9.79559947173235e-05
"ENSG00000122218",-0.283291913937704,9.14083072524845,17.3873701196973,4.19351629875281e-05,9.80928827749116e-05
"ENSG00000154451",-0.987493128146145,5.78216155815904,17.3872275460727,4.19381051494234e-05,9.80928827749116e-05
"ENSG00000185100",0.658435201776693,2.70829117558552,17.3862248690567,4.19588023870263e-05,9.81286740150744e-05
"ENSG00000279088",-0.482267535969526,2.4096870207144,17.3833389071431,4.20184321120785e-05,9.82554954042792e-05
"ENSG00000162722",1.35906644887009,3.13836730811203,17.3791708467635,4.21047040787988e-05,9.84445761389887e-05
"ENSG00000101194",0.899420301047105,3.79892597047048,17.3745154042502,4.22012761759721e-05,9.86576878005887e-05
"ENSG00000272183",0.574644614907647,-0.81855292770972,17.3584897595964,4.25354294534871e-05,9.94260880221081e-05
"ENSG00000028528",0.316026460383904,6.82206774874771,17.3569407745155,4.25678692882878e-05,9.94891296087611e-05
"ENSG00000136144",0.36634952261741,5.12526272938337,17.354346443972,4.26222575566408e-05,9.96034460285471e-05
"ENSG00000116704",0.387440378336021,5.1227659024779,17.3319453097581,4.30948187158689e-05,0.000100694830781632
"ENSG00000141030",-0.332051682073314,5.9732690550728,17.3294549057764,4.31476815412818e-05,0.0001008053990845
"ENSG00000125354",-0.425316902553183,5.81872439632197,17.3257388700193,4.32266825155794e-05,0.00010097699737906
"ENSG00000284976",0.453481863588129,4.07310008141277,17.3214804521654,4.33173944139815e-05,0.000101175904661808
"ENSG00000160055",-0.346738028017152,2.77258046437001,17.3202241720739,4.33441922347061e-05,0.000101225496708376
"ENSG00000143198",-0.404894128245503,6.94947265027008,17.318157073047,4.33883222555722e-05,0.00010131554823268
"ENSG00000136830",-0.378186399045754,7.79447020393962,17.3171270730094,4.34103284739054e-05,0.000101353922244338
"ENSG00000181026",-0.33144586180255,4.90473079123592,17.3154668684791,4.34458229742178e-05,0.000101423774644471
"ENSG00000213719",-0.263332868962583,8.46233496504994,17.3070137773543,4.3627003033511e-05,0.000101833666731712
"ENSG00000232346",-0.548008905144518,-1.19510537372748,17.3043159825129,4.3684987401629e-05,0.000101955928507741
"ENSG00000100813",0.186429682846282,7.33027029064535,17.3037211265291,4.36977832875607e-05,0.000101972707522986
"ENSG00000162927",-0.33124038808085,3.66304748109434,17.3024874779464,4.37243322771952e-05,0.00010202157222035
"ENSG00000011405",0.383795991219422,6.29120246611732,17.3011346906565,4.37534639973077e-05,0.000102076449869553
"ENSG00000064547",-0.399456436205372,4.73292117062064,17.2985294196595,4.38096228408523e-05,0.000102194359398412
"ENSG00000206195",-0.742334329493265,2.68414650691633,17.2868214327526,4.40629012036083e-05,0.000102771998857557
"ENSG00000246859",-0.699822319732028,1.9955202831058,17.2815354414156,4.41777383065342e-05,0.000103026632173259
"ENSG00000182220",0.26338816345309,7.72536606693258,17.2800463683766,4.42101428136856e-05,0.000103088984294271
"ENSG00000198088",0.732391907192479,1.24905880337711,17.2748203239156,4.43240601748176e-05,0.000103341367319521
"ENSG00000130559",-0.324920489609121,5.77623211398129,17.2727439853634,4.43694027083372e-05,0.000103433824206516
"ENSG00000168591",0.280268352596007,5.36734720048032,17.2532650336179,4.47970735363448e-05,0.000104410120763645
"ENSG00000243829",-0.470881109494897,-1.57350072413004,17.2531468899628,4.47996801429231e-05,0.000104410120763645
"ENSG00000133116",0.722622178784547,0.702616877026488,17.2521190562018,4.48223637494387e-05,0.00010444960305891
"ENSG00000248932",0.402541450596823,2.85276514721912,17.2485944734983,4.49002373270222e-05,0.000104617668012283
"ENSG00000274349",-0.424850179365373,1.48189125521893,17.2443108082617,4.49950669061712e-05,0.000104825192377282
"ENSG00000126243",-0.372903559884301,4.2691003856411,17.2436951043428,4.5008713707995e-05,0.000104843555958122
"ENSG00000150455",0.325986132986585,2.44540072329461,17.2387381808708,4.51187345555801e-05,0.000105086380342796
"ENSG00000134153",0.28107002833444,5.66891573653995,17.2356000708778,4.51885269085124e-05,0.000105235458055317
"ENSG00000215795",-0.643571505932131,-1.16516527391601,17.23297669554,4.52469553469988e-05,0.000105358036595982
"ENSG00000187566",-0.517200543847476,2.79931492582623,17.2272624160723,4.53744901581592e-05,0.000105641478110164
"ENSG00000120156",0.49180143287415,3.25034975567689,17.2245305771506,4.54355896106071e-05,0.000105770191198992
"ENSG00000064115",-0.464044506327084,6.65193749824099,17.2219309717597,4.54938089528013e-05,0.000105892167549725
"ENSG00000129003",0.499924592377629,6.19682160170859,17.2208892529477,4.55171599200057e-05,0.000105932962843898
"ENSG00000266983",0.654006571153287,-1.42961077153116,17.2090916877878,4.57824606977002e-05,0.000106536770108722
"ENSG00000111962",-0.776752204828088,3.37540236940276,17.2045481312198,4.58850523893908e-05,0.000106761843783835
"ENSG00000183032",0.831302331760549,0.172766438992357,17.2037658302081,4.59027399182316e-05,0.000106789336612023
"ENSG00000171497",0.302375211581474,5.0987976319967,17.2023894705635,4.59338756531039e-05,0.000106848104665386
"ENSG00000166164",-0.250808369875828,6.19524104223142,17.1953924465419,4.60924920704408e-05,0.000107203356237491
"ENSG00000153485",0.33739807469442,3.34704752762984,17.1892675955666,4.62317924262727e-05,0.000107513596809749
"ENSG00000108312",0.221659110932584,7.22178868884502,17.187978775589,4.62611589285036e-05,0.000107568135846538
"ENSG00000013374",-0.287930009083429,6.47576462522583,17.1767305168031,4.65182603838629e-05,0.000108152130878397
"ENSG00000096696",-0.626095312742052,9.95178407491628,17.1682224519378,4.67136902729244e-05,0.000108583473386606
"ENSG00000167037",0.853864089512084,1.8585049529925,17.1681338853741,4.67157290108968e-05,0.000108583473386606
"ENSG00000072163",-0.502218089726396,3.93089334781601,17.1676839683796,4.67260871653102e-05,0.000108593671526024
"ENSG00000116604",0.298358826833788,6.46599156828358,17.1655381702685,4.67755205340135e-05,0.000108694668132444
"ENSG00000243667",-0.26293376455364,3.02096257804021,17.1629215133483,4.6835872906079e-05,0.000108821008739878
"ENSG00000243466",-1.39759474106693,7.08466598904506,17.1575893614606,4.69591015752162e-05,0.000109093388612854
"ENSG00000255508",-0.419247878965514,1.72143023979696,17.1558340324139,4.69997399111908e-05,0.000109168257466057
"ENSG00000100138",-0.310794433673195,6.98137991410823,17.1556788982288,4.70033331986307e-05,0.000109168257466057
"ENSG00000114779",0.417619812287311,5.85042508021041,17.1524098565837,4.7079116954442e-05,0.000109330308882455
"ENSG00000141034",-0.30458763009156,4.19549440114327,17.1385778561881,4.74011461648253e-05,0.000110064093763034
"ENSG00000214050",0.689072525676437,1.68277917397355,17.1304297434072,4.75918895871264e-05,0.000110492888410857
"ENSG00000152207",-0.74581776285521,1.03566841494612,17.1286156127968,4.76344632341474e-05,0.000110577615482153
"ENSG00000130429",-0.434839526144945,0.057316327722337,17.1211407462443,4.78102892296423e-05,0.000110971610580492
"ENSG00000079215",-0.573028690163983,4.54760052287744,17.1033493726055,4.82314324366528e-05,0.00011193483388514
"ENSG00000141759",-0.345188090641738,6.09752094014573,17.1023160425725,4.82560077547438e-05,0.000111977579617668
"ENSG00000078902",0.422024640938879,5.99772423342315,17.0996944921001,4.83184120770183e-05,0.000112108085069117
"ENSG00000077514",-0.340100153958224,5.22677858796064,17.095190943665,4.84258070584014e-05,0.000112342930966608
"ENSG00000198925",-0.34513665010355,4.86112867467547,17.0836382572789,4.87024081227196e-05,0.000112970207745954
"ENSG00000267481",0.450677369169441,0.559264522157144,17.0759657683696,4.88869911503749e-05,0.000113383906534432
"ENSG00000068438",-0.226216033920708,5.46287344004616,17.0752714722526,4.89037292977781e-05,0.000113408265774319
"ENSG00000111331",0.621594148020826,7.6828871930339,17.0721664088817,4.89786574860087e-05,0.000113567544920388
"ENSG00000203872",-0.546482716694853,-0.624539240564023,17.0701014100305,4.90285522870054e-05,0.000113668745569924
"ENSG00000100354",-0.312824574718422,5.57709188620927,17.0685581607856,4.90658741143264e-05,0.00011374077471213
"ENSG00000103642",0.396388654876435,4.58215548484495,17.0578542846138,4.93255291729638e-05,0.000114328115789202
"ENSG00000224738",-0.512314293214354,0.25396522977601,17.057053751089,4.93450044022651e-05,0.000114358682475586
"ENSG00000104738",-0.4640627879041,7.99856729073987,17.0542683273212,4.94128283928232e-05,0.000114501276953582
"ENSG00000177683",0.277978063602736,4.96174657802814,17.0527541569291,4.94497374690256e-05,0.000114572207017406
"ENSG00000187098",0.500611005359575,3.76792100512457,17.0505394403219,4.95037732071317e-05,0.00011466909407179
"ENSG00000162402",-0.333069994264111,6.7938305185624,17.0505234505735,4.95041635502363e-05,0.00011466909407179
"ENSG00000170917",0.37433268404403,0.859393791693922,17.0486582221769,4.95497190674845e-05,0.000114760001324259
"ENSG00000081087",0.312634772025747,5.00896150485402,17.0467809369862,4.95956119350925e-05,0.00011485166665081
"ENSG00000233461",-0.586198753872274,1.61916864905095,17.0453982860155,4.96294403095945e-05,0.000114915373692031
"ENSG00000197566",0.373700521798331,2.6374827932215,17.0431786815514,4.96837947391843e-05,0.000115026585885474
"ENSG00000232630",0.457441932003418,-0.199330449406313,17.0418180501326,4.97171441543477e-05,0.000115089145714557
"ENSG00000221995",-0.449050230950445,1.07158961865322,17.0409817375986,4.9737653634708e-05,0.000115121970515153
"ENSG00000151929",0.426043582380197,6.37102980261828,17.0305632899704,4.99938721608509e-05,0.000115700285896622
"ENSG00000101445",-0.733452539212109,3.69036953473772,17.0275992566312,5.00670099791391e-05,0.000115854806297784
"ENSG00000132424",-0.302669776818481,6.35215743278959,17.0255787446421,5.01169284318026e-05,0.000115955564726832
"ENSG00000104814",-0.645754148946838,2.95867936511132,17.0232485185329,5.01745612405151e-05,0.000116074143963685
"ENSG00000183250",-0.451147159228209,2.86711678224248,17.0124471630982,5.0442586199381e-05,0.000116679353655646
"ENSG00000041880",0.442795070547877,4.22726070043812,17.0095943885097,5.05136167947665e-05,0.000116828797337642
"ENSG00000081721",-0.309520559154282,4.31142523821223,17.0004375337931,5.07422965966324e-05,0.000117341535645587
"ENSG00000280106",0.416582163574891,1.22032891861216,17.0002011359384,5.07482141735315e-05,0.000117341535645587
"ENSG00000137312",0.329044650143437,7.59335446811934,16.9993759729722,5.07688753622471e-05,0.000117374387325353
"ENSG00000245105",-0.539226246797716,0.476747723589963,16.9967049727899,5.08358127729078e-05,0.000117514204717037
"ENSG00000105464",-0.807434117167975,2.6736034819939,16.9958215089597,5.08579727573904e-05,0.000117544724828692
"ENSG00000174599",0.533756901955095,2.64728866660945,16.9956633428271,5.08619410821313e-05,0.000117544724828692
"ENSG00000166912",0.331180352514433,4.59618192078563,16.9920413058119,5.0952902427004e-05,0.000117739980859147
"ENSG00000178896",-0.549002041663797,4.77049214944536,16.9895735281673,5.10149708693854e-05,0.000117868431170272
"ENSG00000143850",0.634630398459191,6.49195056884967,16.9800174730164,5.12560439529372e-05,0.000118410380720948
"ENSG00000249641",-0.856635475006872,0.933906505860401,16.9788096972256,5.1286594863197e-05,0.000118465911528045
"ENSG00000168259",0.24495255105315,6.14207206036245,16.9749053397612,5.13854825669048e-05,0.000118679258022459
"ENSG00000125843",0.298538662050004,3.86226275515651,16.972466739657,5.14473442429452e-05,0.000118807046354836
"ENSG00000279434",0.424879629059717,-1.02332235392846,16.9707548773692,5.14908153173075e-05,0.000118892338325656
"ENSG00000137601",0.348723672079715,4.42120585943356,16.9676034982514,5.15709388468205e-05,0.000119062228452141
"ENSG00000022840",0.208333796357985,7.5168069831853,16.9636967564843,5.16704427752773e-05,0.000119276813453071
"ENSG00000100985",-1.19116587318051,7.62792166826278,16.9617176295903,5.17209249397924e-05,0.000119378195787429
"ENSG00000125352",-0.296262065894774,3.89178393771848,16.9557813915754,5.18726421816204e-05,0.000119713185636253
"ENSG00000135698",-0.404732940118243,4.6616058340538,16.9555093119591,5.18796067365484e-05,0.000119714068424809
"ENSG00000109171",0.273227378959734,6.21111342969836,16.9522509214818,5.19630869908364e-05,0.000119891491334433
"ENSG00000135272",-0.415765145054972,5.43776156702702,16.9373310490855,5.23470770723141e-05,0.000120762130617865
"ENSG00000179588",0.455134321857391,2.42902728709813,16.9342685354421,5.24262513486898e-05,0.00012092944318706
"ENSG00000173267",1.27300432458894,4.5040616871306,16.9333791144509,5.24492680160298e-05,0.000120967193339532
"ENSG00000228672",0.535439099001684,2.00290893271213,16.932140975599,5.24813259402595e-05,0.000121025783720228
"ENSG00000164494",0.46729387362067,4.60119117695381,16.9265196578718,5.26271230858701e-05,0.000121346616973353
"ENSG00000167930",0.326634798928703,6.92738046562414,16.9168555289887,5.2878736290879e-05,0.000121911326614084
"ENSG00000179988",-0.368636088683765,2.16618544160601,16.9122072906098,5.30001905522048e-05,0.000122175851174081
"ENSG00000218426",-0.525565402522315,1.96007328840426,16.911354841723,5.30224949180253e-05,0.000122211777666841
"ENSG00000224186",0.474354058740508,-0.028407217857908,16.9080743249107,5.31084185465326e-05,0.000122394312788182
"ENSG00000278023",0.561875462641657,0.576654922305875,16.9019623749168,5.32688797802447e-05,0.000122748560172696
"ENSG00000150051",1.65076145202244,3.55376726479487,16.9010372112428,5.32932115041177e-05,0.000122789071552685
"ENSG00000067560",0.239171337750463,9.18037228860265,16.8901062424948,5.35815488988101e-05,0.000123437772181325
"ENSG00000050327",-0.383818434569403,4.19977835214223,16.8876480299765,5.36466090738946e-05,0.000123572001752279
"ENSG00000203875",-0.644901742278222,6.37128722807427,16.8864275636076,5.36789402197847e-05,0.000123630817363232
"ENSG00000184916",-0.477802323233168,5.05801641664955,16.8780941524442,5.39002272528223e-05,0.000124124757315058
"ENSG00000104885",-0.334751520585992,4.87415526738467,16.8754149725143,5.39715668701803e-05,0.000124273307790206
"ENSG00000171988",-0.368059261903209,6.33023156379998,16.8634618303221,5.42910153460395e-05,0.000124993036343515
"ENSG00000258875",0.580056236189599,-0.390566518913527,16.8630521327965,5.43019984276994e-05,0.000125002499354891
"ENSG00000253878",0.531689644362984,-1.01045925996006,16.8489902747062,5.46803333179861e-05,0.000125857492076377
"ENSG00000116161",-0.317461976967157,7.02222075590894,16.8464825474765,5.47480838938556e-05,0.000125997488278052
"ENSG00000131943",-0.465365949176087,5.05474925996326,16.8445128236982,5.48013590091651e-05,0.000126104139379896
"ENSG00000170571",0.788184625082276,5.42778867868768,16.8429388262083,5.4843968668332e-05,0.000126186224179585
"ENSG00000248405",0.694281570409892,-0.924060021326263,16.8422050257383,5.48638448384047e-05,0.000126215989112181
"ENSG00000185565",-1.22636832599558,2.68564753514754,16.823399967382,5.53757077575854e-05,0.000127377434260145
"ENSG00000196312",-0.367804503931046,4.56520611477089,16.8209363348338,5.54431239240089e-05,0.000127516380618345
"ENSG00000084652",-0.263166388117079,6.97514992338498,16.8128462104869,5.56650918705686e-05,0.000128010708173208
"ENSG00000262814",-0.749899387513589,2.33078172505239,16.8031787242353,5.59315188708756e-05,0.000128607138460618
"ENSG00000148719",0.29073196229497,6.05272844324142,16.8024486150446,5.59516924000301e-05,0.000128637262213595
"ENSG00000100802",0.263558294435349,3.05367087196923,16.7959915987109,5.61304263807616e-05,0.00012903187500168
"ENSG00000171169",0.253146760685497,3.45199634369787,16.7914853098243,5.62555057090106e-05,0.000129303063039996
"ENSG00000196646",0.336692307305844,3.86142628481966,16.7897630294603,5.63033849382393e-05,0.000129396760836075
"ENSG00000108821",0.676094828926839,12.3077982208346,16.7891222636405,5.63212087023559e-05,0.000129421370041497
"ENSG00000135074",-0.463563809402056,4.92739855296189,16.788650265158,5.63343416320377e-05,0.000129435195250569
"ENSG00000170633",0.22237284511545,5.3248924211823,16.78326525265,5.64843945268303e-05,0.000129763567974484
"ENSG00000141858",-0.339694865905917,5.96355528618462,16.7809659887357,5.65485866126862e-05,0.000129894631638234
"ENSG00000081803",0.662741703134056,5.66639233950738,16.7771815822329,5.6654402691297e-05,0.000130121262299446
"ENSG00000185324",-0.378492566359433,4.92126365544895,16.7671340511087,5.69363168952059e-05,0.000130752238849748
"ENSG00000100991",0.305449753486307,7.10152565637418,16.7617026187844,5.7089303727016e-05,0.000131087016309426
"ENSG00000205918",0.524731015201607,-0.854172558824764,16.756484116275,5.72366852906176e-05,0.000131408840200171
"ENSG00000108840",-0.36908984614904,6.14590486448021,16.7560590938097,5.72487057887563e-05,0.000131419848654033
"ENSG00000276672",-0.531749793136474,0.836844742171578,16.7505517006661,5.7404697547136e-05,0.00013176131234065
"ENSG00000134852",0.344573410536488,5.95889061582901,16.7402625914637,5.76972817335229e-05,0.000132416171630197
"ENSG00000160172",0.402131561597976,2.42832627048173,16.735189167287,5.78421068704303e-05,0.000132731799111707
"ENSG00000245281",0.536094472689509,-0.304103959777218,16.7312146936947,5.79558187891415e-05,0.00013297595964891
"ENSG00000166228",0.390942315483811,6.01776911300327,16.7291820769379,5.80140606039694e-05,0.000133092802001135
"ENSG00000108924",-0.858304295790623,2.58807900931884,16.7263182854082,5.80962192275834e-05,0.000133264476644128
"ENSG00000279520",0.468342711888993,-0.251259782621834,16.717522593597,5.83492945128682e-05,0.000133828117099628
"ENSG00000082146",0.372260402150906,4.00652483667818,16.7148346285151,5.84268569816529e-05,0.000133989115468706
"ENSG00000132591",0.346250276518644,5.91028575378371,16.7137528806644,5.84581007851805e-05,0.000134043864987502
"ENSG00000268364",-0.501167172721574,-0.356060526342452,16.712139475654,5.8504731740662e-05,0.000134133878847745
"ENSG00000089234",0.20444692532576,5.09743514657294,16.7017300062124,5.88064956512835e-05,0.000134808739967928
"ENSG00000234614",-0.69112596940464,1.22278852785021,16.7014124118022,5.88157272625537e-05,0.000134812910831925
"ENSG00000111231",0.258584085653091,4.63783339218046,16.6771825735164,5.95243699502239e-05,0.000136420015203462
"ENSG00000117481",-0.253965904338496,5.15384628239794,16.6716393275182,5.96877038756905e-05,0.000136777114538372
"ENSG00000163714",-0.234202426600205,7.1120961166632,16.670394969709,5.97244317365198e-05,0.000136844036838476
"ENSG00000196683",-0.329444016773022,6.81997945525883,16.6675406085142,5.98087662055215e-05,0.000137020007525636
"ENSG00000177666",0.395280322048297,5.98942861002242,16.6608772373735,6.00061109582074e-05,0.000137454804295702
"ENSG00000196372",0.505547270353033,6.2004135800677,16.657905413945,6.0094338149984e-05,0.000137637729384381
"ENSG00000122592",-0.866714286882008,-0.747260910121222,16.6576777578803,6.01011021976443e-05,0.000137637729384381
"ENSG00000008196",1.74742625657239,5.09114347587497,16.6571077922484,6.01180402264285e-05,0.000137659186156148
"ENSG00000118900",0.262492505845153,6.6808378835301,16.6332687763636,6.08308281692233e-05,0.000139273804474047
"ENSG00000143891",0.507009090019391,4.48172176841574,16.6274465473251,6.10062104466393e-05,0.00013965776659578
"ENSG00000125869",0.801313327477259,3.02090049349754,16.6214774144793,6.11865498187049e-05,0.000140052978618501
"ENSG00000128285",1.04311666318402,0.475907266993743,16.6207143339487,6.1209642906065e-05,0.000140088207521771
"ENSG00000156253",-0.319733070747075,4.67198128591889,16.6134404044508,6.14302174650482e-05,0.000140575339111009
"ENSG00000066185",0.596907073657507,1.74408985384906,16.610509017268,6.15193363484612e-05,0.00014075052368896
"ENSG00000135336",-0.294264457435446,5.3649022679718,16.6104132867383,6.15222489183657e-05,0.00014075052368896
"ENSG00000261377",-0.892668948838416,-0.501317700098012,16.6085054132374,6.15803244915082e-05,0.000140865669959949
"ENSG00000139436",0.262957174423376,3.9592785755112,16.5961452791077,6.19579143953785e-05,0.000141711587905325
"ENSG00000136982",-0.455298928787684,4.35450345395274,16.591350381901,6.21050245739879e-05,0.000142030200798654
"ENSG00000147050",0.337967326995415,5.59377109312182,16.5814734178525,6.24091718542228e-05,0.000142707822188158
"ENSG00000141568",-0.319182694727416,6.65250277295948,16.5812040844477,6.24174867053728e-05,0.000142708893550889
"ENSG00000204618",-0.666868565516585,2.17004484647316,16.5748651618598,6.26135061266278e-05,0.000143139071069772
"ENSG00000151500",-0.367328672617698,4.8506397810465,16.5726168841093,6.26831796978272e-05,0.000143280340875214
"ENSG00000213790",-0.4107701138672,0.142162557934189,16.5691895156173,6.27895441929184e-05,0.00014350543224187
"ENSG00000123349",0.385344002099911,0.820581044521458,16.5648525737336,6.29243984354594e-05,0.000143795572150287
"ENSG00000275234",0.448485085071577,3.14139576782322,16.5608705508171,6.30484751386605e-05,0.000144061013294216
"ENSG00000171421",-0.381782171647641,4.62914149154297,16.5585165298834,6.31219411462641e-05,0.000144210760654221
"ENSG00000136068",0.472287419179542,9.25132997486229,16.5529138346205,6.32971432622493e-05,0.000144592871345615
"ENSG00000176731",-0.4395473958086,4.04647033048694,16.543558897288,6.35907809042074e-05,0.000145245400362392
"ENSG00000212802",-0.486301064851822,1.3672022056169,16.5288566229002,6.40550555175304e-05,0.000146287462299453
"ENSG00000150048",-0.416972341247339,1.1890098824831,16.5279273477357,6.40845157107373e-05,0.000146336368078706
"ENSG00000148444",0.386626704512053,3.674658933929,16.5244685830907,6.41942873310507e-05,0.000146568628920054
"ENSG00000224790",-0.471213851815094,0.425248121053546,16.5237264174908,6.42178664307743e-05,0.00014660406108233
"ENSG00000073111",-0.488825542727187,5.81189904393684,16.5229264746902,6.42432909785077e-05,0.000146643696826945
"ENSG00000119686",-0.446609659834312,2.90818172957802,16.5155480949441,6.44782791572475e-05,0.000147161618937385
"ENSG00000198523",0.692321065035728,1.82053382019761,16.5112964786408,6.46140808660509e-05,0.000147453061830832
"ENSG00000196975",-0.264704696109575,6.53355240223482,16.5108474818289,6.46284392705837e-05,0.00014746732573747
"ENSG00000212864",0.578718979017012,2.73733925418916,16.5089450274261,6.46893134678673e-05,0.00014758771115825
"ENSG00000103335",-0.388164985201156,6.9402477517212,16.5030108356317,6.48795675817479e-05,0.00014800320772317
"ENSG00000206527",-0.379530832736381,6.90182138674122,16.4940169670538,6.5168998434816e-05,0.000148644813585708
"ENSG00000130939",-0.295576192096327,6.2932342601043,16.4918584458597,6.52386560745564e-05,0.000148785037828719
"ENSG00000255399",0.622108288906439,1.13075010463541,16.4881446774449,6.53586797200201e-05,0.000149040078579203
"ENSG00000129538",-0.632478956553271,7.20629456178202,16.4836101406847,6.5505532864027e-05,0.000149356228122217
"ENSG00000152944",-0.371163759504005,5.31828904700758,16.4824301204317,6.55438031813843e-05,0.000149421414106776
"ENSG00000163812",0.250047672854041,6.09521316015539,16.4822220613376,6.55505532855708e-05,0.000149421414106776
"ENSG00000163634",-0.283570211655851,5.70096722135744,16.4775242435792,6.57031532206375e-05,0.000149750495084831
"ENSG00000230982",-0.497617690401256,-0.0479230850805675,16.4739251440504,6.58203068246808e-05,0.00014999871451288
"ENSG00000085644",0.320005624298576,5.12495783877278,16.4704341877973,6.59341425113276e-05,0.000150239311450266
"ENSG00000163359",0.609355018434115,10.0445280593474,16.4666701245395,6.60571074130949e-05,0.000150500647579778
"ENSG00000101442",0.307495685331545,3.90518525851711,16.4628156777718,6.61832658043337e-05,0.000150769193192538
"ENSG00000196205",-0.658653564040701,4.91876014192057,16.4612364731572,6.62350246166742e-05,0.000150868206352921
"ENSG00000258647",1.06475246658856,0.283904411282144,16.4603741410173,6.62633050730166e-05,0.000150913723098926
"ENSG00000171649",-0.846907649658372,2.88056608287212,16.4580638001128,6.63391337577586e-05,0.000151067505294368
"ENSG00000214199",-0.437793911363432,0.803237323258775,16.4565599788703,6.6388538556323e-05,0.000151161084033851
"ENSG00000117592",-0.32346682563602,8.1825091120775,16.4499632379953,6.66057011125048e-05,0.000151636561751688
"ENSG00000169071",0.614181590143721,4.32805137279774,16.4492906666161,6.66278823405674e-05,0.000151668075595775
"ENSG00000118156",0.777454731602996,1.15945775066337,16.4489298516995,6.66397850069412e-05,0.00015167618692357
"ENSG00000047457",-1.47430459068039,6.88064291436521,16.4465857418265,6.67171656676887e-05,0.000151833309454945
"ENSG00000068400",0.275740071460565,5.70437710431161,16.4451935596762,6.67631656369657e-05,0.000151918986188556
"ENSG00000105393",-0.348068185816972,4.43753544440708,16.4447853340394,6.67766601707098e-05,0.000151930684911793
"ENSG00000158859",-0.553505560070444,5.53433526243368,16.4444380966496,6.67881408184462e-05,0.000151937799275285
"ENSG00000124279",0.310219479071878,3.65939039989917,16.431202085332,6.72272551883061e-05,0.000152917623482355
"ENSG00000214765",0.312566286668231,3.19652561017246,16.4290101439304,6.73002563094033e-05,0.000153058038894671
"ENSG00000145283",-0.739881487679182,-0.667706176620493,16.4288432841099,6.73058167516811e-05,0.000153058038894671
"ENSG00000154832",-0.316201306795022,5.3210659558922,16.4284467905903,6.73190313825979e-05,0.00015306895146727
"ENSG00000250616",-0.75123512994755,0.99584306387125,16.4265715577316,6.7381566169844e-05,0.00015319199068714
"ENSG00000140853",-0.534527335371771,5.83652797919467,16.4238928725824,6.74709963962716e-05,0.000153376138289637
"ENSG00000122783",-0.228448854287651,3.88302505562256,16.4209385943424,6.75697670237467e-05,0.000153581469960998
"ENSG00000100448",1.00379810811657,-0.209914753893608,16.420622778161,6.75803343973012e-05,0.000153586295391492
"ENSG00000086666",0.292777680041211,6.33025511122626,16.4200893695536,6.75981863296854e-05,0.000153607672784148
"ENSG00000109686",0.392150681810697,5.66098957086278,16.4149190986924,6.777147098546e-05,0.000153982200410187
"ENSG00000130653",0.571681459752496,3.13275051215157,16.4138424036787,6.78076136430919e-05,0.000154045075810711
"ENSG00000149050",0.868523419369034,0.944195526184004,16.4118109227474,6.78758598985739e-05,0.000154180859227584
"ENSG00000026036",0.583838062940656,0.534769565468811,16.4075044987291,6.80207616228122e-05,0.000154490710838625
"ENSG00000161057",-0.209014670523643,6.89991445163903,16.3982345548649,6.83337394737679e-05,0.000155182176744773
"ENSG00000136153",-0.542223752934198,5.54504597453638,16.3969298549121,6.83779065989319e-05,0.000155263091787937
"ENSG00000176148",-0.35687966032564,3.73728769251017,16.3909646580419,6.85802111662573e-05,0.000155703018436136
"ENSG00000229980",0.562782301133354,-0.549988471679973,16.3875236147358,6.86971869722438e-05,0.000155949130885069
"ENSG00000112293",-0.670984690023821,1.35410832063053,16.3780033141112,6.90218774448839e-05,0.000156666655056477
"ENSG00000148358",0.302101662617831,7.34147528647666,16.3771953413647,6.90495048990918e-05,0.000156709807225441
"ENSG00000162600",0.307950726905724,3.98506687719581,16.3690700355916,6.93279617146961e-05,0.00015732214194222
"ENSG00000124772",-0.676323319644826,2.74948285563113,16.3656454240859,6.94456648757636e-05,0.000157569579935178
"ENSG00000250208",-0.98283651158573,1.38425444905975,16.3638176413051,6.95085682409689e-05,0.00015769263305061
"ENSG00000152223",0.324899899015976,5.69597936510648,16.3440672825179,7.0191973401264e-05,0.000159223199329283
"ENSG00000089159",0.33027706632866,5.22746518037885,16.3377067645045,7.04135075380517e-05,0.000159694871784032
"ENSG00000189043",-0.33995707447248,7.52103474223607,16.337593296536,7.04174660054946e-05,0.000159694871784032
"ENSG00000170540",0.308320227314969,8.5591474606983,16.3351006222365,7.05044828833907e-05,0.00015987227710798
"ENSG00000279894",0.65680032610354,-1.60656863532016,16.3284009956146,7.07389008807311e-05,0.000160380022451894
"ENSG00000158089",-1.01082621767663,3.72522145872299,16.3281974008831,7.07460369546704e-05,0.000160380022451894
"ENSG00000177156",-0.350084085366312,7.68865776882401,16.3267008937383,7.07985125019043e-05,0.000160478981229391
"ENSG00000102218",0.31415565764886,4.48667369855866,16.3204812999524,7.10170277203668e-05,0.00016095423055178
"ENSG00000165233",0.404078680750965,4.60992652243705,16.3201067450243,7.10302088918489e-05,0.000160964046763637
"ENSG00000143951",-0.249798943899254,3.08915687960202,16.3194268418305,7.10541420799185e-05,0.000160998223016016
"ENSG00000175567",0.542941331324645,7.22341011219057,16.3178431316031,7.11099217607981e-05,0.000161104541228874
"ENSG00000083844",0.305253385139356,5.43120025201406,16.314426976741,7.12303929184959e-05,0.000161357377805655
"ENSG00000100027",-0.469494578489943,2.32361252128039,16.308866849993,7.14269139871216e-05,0.000161782404931229
"ENSG00000175756",-0.498107268548513,6.01424052620931,16.3081491217757,7.14523218935537e-05,0.000161811035341218
"ENSG00000179941",0.33017093395168,4.25686860869054,16.3080071886903,7.14573474741951e-05,0.000161811035341218
"ENSG00000100462",0.325604955142151,4.70149876947939,16.3065434141734,7.15091978482474e-05,0.000161908289613335
"ENSG00000204789",-0.754255389894456,2.29769569467309,16.303040823612,7.16334227638982e-05,0.000162169366844633
"ENSG00000132967",-0.387589948104294,3.9623771276328,16.3020956126132,7.16669836245617e-05,0.000162225152229437
"ENSG00000170113",0.388580629750197,4.82766173436421,16.2985991505332,7.17912682981145e-05,0.000162486260304394
"ENSG00000083312",0.297925690653685,7.16902142920596,16.2884664288992,7.21526795222034e-05,0.000163283928723384
"ENSG00000163026",-0.276790192522147,3.83591835205766,16.284709667494,7.22871427531345e-05,0.000163567871658872
"ENSG00000105053",0.239394944489634,5.21627950286234,16.2753737708207,7.26223969975617e-05,0.000164306027688973
"ENSG00000273305",-0.555176162421537,0.103445307952163,16.2747560590894,7.26446346713291e-05,0.000164325609766389
"ENSG00000287110",0.625936358944039,-0.386820179915012,16.2746314388779,7.26491218458066e-05,0.000164325609766389
"ENSG00000182095",0.347672278542662,7.1634783745158,16.2646504580167,7.30094186724202e-05,0.000165120033177565
"ENSG00000223825",0.55132474868534,-0.871355406851464,16.2578876285796,7.32545742837659e-05,0.000165653885002255
"ENSG00000127947",-0.275503182766915,7.00637690027635,16.2396318310613,7.39205291879326e-05,0.00016713905828818
"ENSG00000197563",0.341268731944465,5.54088516586773,16.2360390882138,7.40523100409453e-05,0.000167399894626251
"ENSG00000042832",-0.862146959813594,0.502098313702798,16.2359849698321,7.40542969080059e-05,0.000167399894626251
"ENSG00000132680",-0.278585737472689,6.00926735939826,16.2280569583331,7.43459452234853e-05,0.000168038281561421
"ENSG00000253368",-0.69432502730668,3.06494650326845,16.2277624876854,7.43568003295963e-05,0.000168041933945663
"ENSG00000106511",-0.938673953926477,2.02069045233893,16.2270633059353,7.43825807838995e-05,0.000168079311628471
"ENSG00000124508",-0.39022569638193,4.27230953854819,16.2147023836389,7.48398554142945e-05,0.000169091588854061
"ENSG00000136143",0.295206281504596,5.17614016505037,16.2112129904622,7.49694554353378e-05,0.000169363365477323
"ENSG00000101745",0.33983401206691,5.91346443379005,16.2082022507909,7.5081460504403e-05,0.000169595330806518
"ENSG00000285077",-0.499364378552092,-0.766036195573394,16.2046387134331,7.52142498518852e-05,0.00016987418059184
"ENSG00000107338",-0.436109327175851,4.08716895598738,16.1944548871054,7.55950469154763e-05,0.000170713026235247
"ENSG00000144747",0.297417808417672,5.70795609101182,16.1887154424843,7.58105184797445e-05,0.000171178362521365
"ENSG00000271913",-0.481675567477162,0.746596279163189,16.1838648990733,7.5993103969653e-05,0.00017156933651937
"ENSG00000198513",-0.51272948617463,3.37283354208802,16.1824105313045,7.60479364839171e-05,0.000171671821865395
"ENSG00000120820",0.565538866233843,3.94037736850925,16.1769423002402,7.62544585658717e-05,0.000172116665723017
"ENSG00000184838",-0.621381382595273,1.46507889041948,16.1728872610996,7.64079747276314e-05,0.000172441772471294
"ENSG00000128944",-0.335160435332075,4.84227840142988,16.1648317821768,7.67138698669335e-05,0.00017311065324315
"ENSG00000084754",-0.22775572108681,7.93324226259831,16.1611314663294,7.685479973228e-05,0.000173407157614528
"ENSG00000147100",0.621330215411407,4.75906580417657,16.1603521965329,7.68845123580283e-05,0.000173452680571548
"ENSG00000188385",0.9472234107752,1.1519075799726,16.1555339845821,7.70684837301621e-05,0.00017384615925638
"ENSG00000196914",0.339345594757508,7.69386815757803,16.1531995714676,7.71577778413513e-05,0.000174025999922929
"ENSG00000177191",0.626435445063322,1.06591674119593,16.1495750454301,7.72966281683006e-05,0.000174317554014265
"ENSG00000186472",0.764501424101778,4.44137862761854,16.140562510747,7.76429840713975e-05,0.000175076939535157
"ENSG00000153446",1.48037460501701,2.98400151687379,16.1260732075914,7.82031152078456e-05,0.000176318118185236
"ENSG00000100445",0.369676369810653,1.20126621762596,16.1174788550822,7.85372912238159e-05,0.000177049609913084
"ENSG00000057935",0.284960320316504,6.06570637332284,16.1159992857334,7.85949674925464e-05,0.000177157673658995
"ENSG00000083782",1.18354111291748,2.29219015674925,16.1019995004942,7.91428336748567e-05,0.000178353015079505
"ENSG00000065154",-0.429259673486448,7.69057918230957,16.1019472443101,7.91448858976626e-05,0.000178353015079505
"ENSG00000279348",0.537240016154069,1.26948447766429,16.1008288575324,7.91888204994034e-05,0.000178429914177793
"ENSG00000131165",-0.330338882800789,6.89183537355231,16.0968352849302,7.93459054628096e-05,0.000178761715416522
"ENSG00000213839",-0.384764719747268,2.08031113521227,16.0945842362128,7.94345883620942e-05,0.000178939347675225
"ENSG00000182379",-1.10261413642042,3.66184821859811,16.0936023243856,7.94733034772966e-05,0.000179004389305891
"ENSG00000138757",0.306398848002924,7.53095282391523,16.0914417039978,7.9558560423829e-05,0.000179174231920332
"ENSG00000229950",-0.499821474614306,0.18681804155641,16.0868354064078,7.9740632129029e-05,0.000179562042486416
"ENSG00000225031",0.368893952259754,1.90435773379253,16.0816300651538,7.99468903966503e-05,0.000180004214228061
"ENSG00000103313",-0.576395257131176,-0.237936717060398,16.0810232082786,7.99709718758701e-05,0.000180036147602219
"ENSG00000164024",-0.271951667163319,5.95064348924266,16.0804452203192,7.99939146058329e-05,0.000180065509758773
"ENSG00000123989",-0.477409774872516,7.09638246758701,16.0747431954166,8.02206093890524e-05,0.000180553451747071
"ENSG00000228526",0.508521036848667,1.9786808265545,16.0717785728311,8.03387307389591e-05,0.000180796935743651
"ENSG00000148158",0.351156249863742,5.17006364600267,16.0557789667744,8.09792630587505e-05,0.000182215864965057
"ENSG00000185551",0.591000349323176,6.52097544742869,16.0516827059909,8.1144084475113e-05,0.000182564152453409
"ENSG00000121892",0.270973713700369,7.53908038589731,16.050023244783,8.12109530248592e-05,0.000182691999210407
"ENSG00000165410",-0.407879862129386,4.23172618057795,16.0436713921453,8.14674195322752e-05,0.000183246280788155
"ENSG00000177398",-1.17016295236964,1.35009416780305,16.0388988778717,8.16606576613322e-05,0.000183658222028479
"ENSG00000185495",-0.433565175213394,2.05740285363757,16.0375466837243,8.17154921423114e-05,0.000183758824318046
"ENSG00000164307",0.421404226288524,6.08996106131494,16.0333243208149,8.18869586943576e-05,0.00018412164726579
"ENSG00000149150",0.593163973214404,3.66083471438389,16.0324661952822,8.1921851004664e-05,0.000184177333259929
"ENSG00000081014",0.320568719226769,4.28230214210894,16.0316310561815,8.19558231315706e-05,0.000184230936981462
"ENSG00000198556",-0.334215134166585,3.06183121336963,16.0268961345459,8.2148702355803e-05,0.000184641695309855
"ENSG00000005812",0.32966713400157,5.55492796194217,16.0228304883632,8.2314685451898e-05,0.000184991906462266
"ENSG00000281468",-0.516553354347837,0.0978725912835936,16.0160602009391,8.25918423080181e-05,0.000185591849258492
"ENSG00000267374",-0.654069227119023,1.57931972017012,16.0127278977746,8.27286047583287e-05,0.000185876203007348
"ENSG00000147400",0.3123336935683,6.27470711243691,15.9979297288,8.33387211800668e-05,0.00018722389585265
"ENSG00000145623",-0.599328346809372,6.33737016472884,15.9928967657633,8.35472638741297e-05,0.000187669215183731
"ENSG00000156374",-0.309289180804143,3.42380614115881,15.991333012656,8.36121662102295e-05,0.000187788506483889
"ENSG00000225093",-0.552236610123714,-1.10501871069714,15.9911197823526,8.36210201238738e-05,0.000187788506483889
"ENSG00000164163",-0.282459482379172,6.48542074876088,15.9842599711327,8.39063661554693e-05,0.000188406047856256
"ENSG00000080546",0.405038026434193,4.45759098087854,15.9836640911689,8.39311993838024e-05,0.00018843854516635
"ENSG00000232573",-0.644400168467576,3.23454725120364,15.9811455819382,8.40362402751614e-05,0.000188651090857151
"ENSG00000143001",-1.04902830512738,-0.227401896400289,15.9782143958447,8.41586607198873e-05,0.00018890259424575
"ENSG00000176399",-1.29417796220711,1.41907783183122,15.9752833155528,8.42812575064953e-05,0.000189154431333679
"ENSG00000166924",-0.910447923823661,-0.529109958234042,15.9696554767549,8.45171579391173e-05,0.000189660464971828
"ENSG00000025772",-0.337744065116424,6.01916710321519,15.9611203105026,8.48762018316346e-05,0.000190442679362666
"ENSG00000259781",-0.428549307408381,3.66681685872363,15.960305924321,8.49105408394349e-05,0.000190496227554908
"ENSG00000173933",0.425350358255814,4.00835409957097,15.9569529250756,8.50520701708001e-05,0.000190790213649052
"ENSG00000104432",-0.603137081681836,0.588492790934891,15.9438413510028,8.56078063291343e-05,0.000192013168271586
"ENSG00000169330",-0.534676384148333,1.75270025283153,15.9333364625426,8.60557126219813e-05,0.000192993995211911
"ENSG00000105483",0.274308072780624,4.89544674032987,15.9321314964133,8.61072414743344e-05,0.000193085748728294
"ENSG00000162616",-0.388234522056166,4.38543959749126,15.9287323595894,8.62527698818047e-05,0.000193388237008169
"ENSG00000107625",-0.227138365364277,5.6964259424145,15.9267395618913,8.63382041138751e-05,0.000193555929548029
"ENSG00000117010",-0.282114079935053,1.72311256334612,15.9210717324097,8.65816617101505e-05,0.000194077799258592
"ENSG00000235084",-0.412062298824732,-0.990480103366653,15.9171502032572,8.67505154119765e-05,0.000194432332016393
"ENSG00000106524",0.346883386859532,3.99290108105416,15.9158716192829,8.68056409720359e-05,0.000194531912025553
"ENSG00000151729",0.426124135285121,4.85881062719546,15.9123271615751,8.69586443660901e-05,0.000194850785232284
"ENSG00000156504",0.342179246820355,5.56350908037236,15.9043977761992,8.73019222823201e-05,0.000195595881063173
"ENSG00000168487",-0.498412129310464,5.38217527704468,15.9004437499474,8.74736124229319e-05,0.000195956406299826
"ENSG00000178726",0.532053550526727,4.41851788149626,15.8984125595843,8.75619429874995e-05,0.000196130125499586
"ENSG00000166166",-0.426608295646516,4.51258902299947,15.8921708172555,8.78339444514856e-05,0.000196715155976311
"ENSG00000185485",-0.354255023939197,2.94749339525007,15.8877978247927,8.80250199866722e-05,0.000197114240170553
"ENSG00000185834",-0.800269491275041,-0.585599208228455,15.887596840355,8.80338120137125e-05,0.000197114240170553
"ENSG00000139899",0.508131413892288,2.00234517354328,15.8866121645769,8.80768993390785e-05,0.000197186440814766
"ENSG00000120526",-0.361964341376288,5.68722107000445,15.8847418573659,8.81587988927127e-05,0.000197345505755158
"ENSG00000147654",0.36033923815559,5.37345435572453,15.8826260982006,8.82515396941993e-05,0.000197528796942911
"ENSG00000053501",-0.402064180481138,4.26426644317609,15.8822827904297,8.82665973449621e-05,0.000197538190292872
"ENSG00000178033",0.48623968874817,3.2394182382259,15.8813895071329,8.83057894032178e-05,0.00019760158681911
"ENSG00000125779",0.278217087405543,4.87430156852395,15.872650604234,8.86901331322098e-05,0.000198437217543195
"ENSG00000156345",0.300838252149962,3.3093354366682,15.8608648771738,8.92111657270473e-05,0.000199578435700312
"ENSG00000127914",0.406452896701752,7.00100573637403,15.8563276683972,8.94125764233196e-05,0.000200004420118969
"ENSG00000162604",0.301962617848192,4.66947817020785,15.8501574003573,8.96872199619005e-05,0.00020059409206432
"ENSG00000197558",0.76299657068762,1.85561480726418,15.8489582439305,8.97406945368435e-05,0.000200689014168955
"ENSG00000165152",-0.62316505144347,1.12072761135045,15.8463297261741,8.98580224244749e-05,0.000200926691892839
"ENSG00000102241",-0.284499490664086,7.04488769005476,15.8451111749497,8.99124670530119e-05,0.000201023718593753
"ENSG00000160633",-0.240685606347102,6.65673604232509,15.8330032073528,9.04552689774769e-05,0.000202212442497831
"ENSG00000169981",-0.269764602317658,3.28989600312824,15.8309733593724,9.05465919488717e-05,0.000202391718614487
"ENSG00000184831",-0.398742516799886,4.47152471570215,15.8266639016933,9.07407846593927e-05,0.000202800859103592
"ENSG00000099953",0.855929930995683,8.68237868899639,15.8254302295125,9.07964540668785e-05,0.000202900344829633
"ENSG00000197111",0.227057102050404,7.33846684143718,15.8199042997187,9.10462366017668e-05,0.000203433532102326
"ENSG00000085491",0.380130891994026,6.14912412517439,15.8142048436443,9.13045926463593e-05,0.000203985742666992
"ENSG00000226742",-0.446669283676088,4.02541169758764,15.808826008476,9.15490966015466e-05,0.000204506874108196
"ENSG00000197928",-0.715924958567089,2.88463597735306,15.8049591394804,9.17252816186826e-05,0.000204875282092668
"ENSG00000122085",0.249438741345911,4.43148852099728,15.8027546346552,9.18258786213508e-05,0.000205074788846406
"ENSG00000108784",0.355769323561723,4.8410414570265,15.8012031405435,9.189674417985e-05,0.000205207855511739
"ENSG00000239569",-0.483420614776152,1.44171392693658,15.8001926250226,9.1942929981745e-05,0.000205285785724034
"ENSG00000275888",0.521650870099161,-0.968386571457375,15.7984379056223,9.20231856764129e-05,0.000205439757098637
"ENSG00000172409",-0.291026869173693,4.01775342865047,15.7822891015669,9.27651268412862e-05,0.000207070707779739
"ENSG00000226377",0.618995124866694,-1.61856471563899,15.7807722885771,9.28351261485893e-05,0.000207189639198562
"ENSG00000177082",0.34380952842133,2.09297148662128,15.7806409507912,9.28411897662348e-05,0.000207189639198562
"ENSG00000181827",0.338021929578978,5.03387750023719,15.7802054873642,9.28612971632492e-05,0.000207209087572712
"ENSG00000127511",-0.273545098451729,5.81829861528675,15.7771795490565,9.30011409600178e-05,0.000207495676126203
"ENSG00000168264",-0.283526638654298,7.69826960529041,15.7759159715568,9.30596003900156e-05,0.000207600639260837
"ENSG00000116030",-0.258017268195368,7.00936948733951,15.7571300561486,9.39331381739359e-05,0.000209523659198865
"ENSG00000227507",-1.0167323403803,3.46912246265223,15.7559834891662,9.39867214761732e-05,0.000209617472741709
"ENSG00000126804",0.251523372410031,5.23037556079408,15.7554637523933,9.40110208974545e-05,0.000209645959794373
"ENSG00000179168",-0.596349163429265,-1.10214122421365,15.7527299249299,9.41389413131901e-05,0.000209905487875972
"ENSG00000270091",0.479072448247181,-0.38083886289963,15.7507229908639,9.42329614622393e-05,0.000210089372772151
"ENSG00000214575",-0.825812234067777,0.260457840421268,15.7446427359953,9.45183886187801e-05,0.000210699896090008
"ENSG00000165617",0.585584984873095,3.72429262560414,15.7410834954266,9.46858776099578e-05,0.000211047394849254
"ENSG00000109854",-0.431137158019524,5.74913354777484,15.7399715030545,9.47382668616263e-05,0.000211138291591626
"ENSG00000132300",-0.231855589554029,6.13618761928498,15.7395778554214,9.47568198085061e-05,0.000211153766071687
"ENSG00000188672",-0.69811734694739,0.795153301718313,15.7388372817428,9.47917336578912e-05,0.000211205690526733
"ENSG00000272024",-0.617602175106774,-0.488745569489397,15.734474712806,9.49976689018793e-05,0.000211638608768665
"ENSG00000181652",-0.61569409025486,1.82066492766148,15.7308921032308,9.51671252723419e-05,0.000211990162211066
"ENSG00000172731",0.515231676224096,4.0524321051435,15.726707773273,9.53654308549819e-05,0.000212405884936372
"ENSG00000001460",-0.289754756870011,3.66888053894468,15.712406442809,9.60463739861617e-05,0.000213896345054526
"ENSG00000120725",0.452692216786106,5.35695388091359,15.7086378243571,9.62266320911354e-05,0.000214271545601563
"ENSG00000281641",0.680716802136228,-0.286521863712794,15.7070309674892,9.63035944813415e-05,0.000214416669901657
"ENSG00000103995",-0.323770829119952,2.97261118479509,15.7048528078427,9.64080197623353e-05,0.000214622896381561
"ENSG00000229852",-0.491248320479325,1.74733097468938,15.6926057215845,9.69973103195237e-05,0.000215908344155122
"ENSG00000142065",0.32626644669996,3.8830826670796,15.6901102311308,9.71178324710038e-05,0.000216150163605313
"ENSG00000137076",-0.27916436736789,8.67948198759182,15.6864066336124,9.72969812567136e-05,0.000216522390199083
"ENSG00000102096",-0.474539276009338,5.35879761863923,15.6841124891476,9.74081206066213e-05,0.00021674319765026
"ENSG00000154001",0.252830377196281,6.13147436024886,15.6832975577397,9.74476307608853e-05,0.000216804588168683
"ENSG00000206503",-0.587469846735577,10.0443726431422,15.6808313001159,9.7567300844863e-05,0.000217044284218
"ENSG00000179820",0.415543386772249,7.0502761075002,15.6804233230545,9.75871114505743e-05,0.000217061805437574
"ENSG00000267939",-0.521010274070271,-0.944200856006357,15.6758258504181,9.78106382660491e-05,0.000217532390411213
"ENSG00000182796",0.311787225055445,3.40009682121635,15.6707689892712,9.80570998498274e-05,0.000218053861360638
"ENSG00000270659",-0.62838230777957,-1.06490313672235,15.6681386007491,9.81855487072278e-05,0.000218311541162755
"ENSG00000215022",-0.490328048077829,-0.449120517754163,15.6679046269067,9.81969825298275e-05,0.000218311541162755
"ENSG00000171476",0.575872865587527,3.47214107647537,15.6634157389499,9.84166068664048e-05,0.000218773068404568
"ENSG00000111261",-0.513491130019395,5.90872149920601,15.6497923685839,9.90862009250377e-05,0.000220234611074739
"ENSG00000040933",-0.236190202505913,5.15174003587108,15.6490207864299,9.9124262406314e-05,0.000220292287957727
"ENSG00000005075",-0.378510427596912,5.11761012713567,15.6443510808128,9.93549314812432e-05,0.000220777946705052
"ENSG00000131591",-0.365334594217867,3.78567783600896,15.6438918066729,9.9377647583261e-05,0.000220801448111941
"ENSG00000125531",0.749428006997407,-0.175035950484626,15.6434297044965,9.94005088768022e-05,0.000220825266330924
"ENSG00000023608",-0.279638433150659,2.84126897664364,15.6389429026318,9.96227590448559e-05,0.000221291981131881
"ENSG00000269982",0.3352998169862,1.67708270019735,15.6338149868621,9.98773833041197e-05,0.000221830485716855
"ENSG00000168542",0.648273963997116,11.8001318960429,15.6297258696883,0.00010008089928674,0.000222255359734705
"ENSG00000178295",-0.309812435999233,4.81103766123086,15.6278227578273,0.000100175760776483,0.000222438864241568
"ENSG00000162426",0.55819982380969,1.08399235217554,15.6232792756871,0.000100402601520366,0.0002229080755616
"ENSG00000164032",-0.32271636663315,7.66810685674995,15.6230996057494,0.00010041158253113,0.0002229080755616
"ENSG00000135372",-0.312106200475821,6.72167683620027,15.6209301422783,0.000100520089999878,0.000223121722835951
"ENSG00000185305",0.433822191184616,4.34372183686541,15.6179384532307,0.000100669916778097,0.000223411906291814
"ENSG00000175591",0.834931696574513,3.68148607295253,15.6178292615795,0.000100675389485799,0.000223411906291814
"ENSG00000129911",-0.395532741573347,4.14313225473491,15.6172799304274,0.000100702926650793,0.000223445752095233
"ENSG00000124275",0.39690756902421,5.56556361547032,15.6119532917329,0.000100970339589959,0.000224011775611391
"ENSG00000236058",-0.489242251023238,-0.937029255796059,15.6107199119395,0.000101032361469404,0.000224122038102882
"ENSG00000126460",0.470736032445797,3.38661398364722,15.6076903384171,0.000101184870969025,0.000224432979656662
"ENSG00000128524",-0.385002173073202,6.08825887717895,15.6054813368665,0.000101296219789454,0.000224652560118351
"ENSG00000134717",-0.259662291183192,6.37459090519538,15.6046212447447,0.000101339607923253,0.000224721383675704
"ENSG00000143153",-0.654340438554254,7.72212772391395,15.6031740146212,0.0001014126573012,0.000224821595232389
"ENSG00000095585",0.513109273962259,3.97892304547927,15.603173450403,0.000101412685790691,0.000224821595232389
"ENSG00000174326",-0.969309811205077,-0.179030051813345,15.6029913341215,0.000101421881948634,0.000224821595232389
"ENSG00000131459",-0.462901854623689,4.39694018924841,15.5984911786637,0.000101649390918417,0.000225298455035848
"ENSG00000143387",0.593748664815698,7.50374157924881,15.596795034997,0.000101735275025713,0.000225461335709477
"ENSG00000107263",-0.248677764087409,6.52461593211978,15.5948831620583,0.00010183217077434,0.00022564857724704
"ENSG00000127022",0.288481933014231,9.98445204327376,15.5923384569314,0.000101961284295639,0.000225907155411021
"ENSG00000270344",0.513403405313391,0.977984753689627,15.5900437003589,0.000102077858218676,0.000226137891020863
"ENSG00000042493",-0.448419504408187,7.75871955797943,15.5858246672307,0.000102292538365863,0.000226585883302681
"ENSG00000176438",-0.537451581842603,3.72307309702548,15.5716021226379,0.000103019612919034,0.00022816862150163
"ENSG00000102996",-0.688031079801817,5.54441811012111,15.5692838547553,0.00010313862139593,0.000228404388889465
"ENSG00000138395",0.688212135767708,-0.137481165120858,15.5619386341459,0.000103516610187557,0.000229213550778097
"ENSG00000182866",-0.667619370123947,3.69867068368909,15.5613989778287,0.000103544436501031,0.000229247256370147
"ENSG00000197885",0.319129451472466,3.59264908901822,15.5606432413037,0.000103583417311521,0.000229305646794296
"ENSG00000114491",-0.24975770329382,5.61792810562593,15.5573645538506,0.000103752704038339,0.000229652449926896
"ENSG00000104611",0.596174156544059,4.27624536827845,15.5544226867015,0.00010390483865886,0.000229961207778942
"ENSG00000139291",0.30897615181591,4.92377568016172,15.5539728128858,0.000103928123195843,0.000229984755406495
"ENSG00000183624",-0.296806517812211,6.25377853934237,15.5527347782636,0.000103992228620321,0.000230098619725839
"ENSG00000076321",0.260126982646183,4.42982307664467,15.5504870225469,0.00010410871988732,0.000230328353887676
"ENSG00000178904",0.356945645770687,5.5492145134812,15.5461076730963,0.000104336062405756,0.000230803247754304
"ENSG00000118985",0.473600177337536,5.84344278792777,15.5435242484485,0.00010447041014941,0.000231072336105737
"ENSG00000089127",0.659359871031501,6.28655696014134,15.5426662450299,0.000104515068325269,0.000231143003732977
"ENSG00000167393",-0.432836313855334,3.81408651584345,15.5345005398647,0.000104941054585354,0.000232056887635067
"ENSG00000163485",-0.894781415567679,4.60985403021827,15.5216603307488,0.000105614462620325,0.000233517608331931
"ENSG00000182986",0.321231432066009,5.1267817116673,15.5213124658395,0.000105632767317715,0.000233529691500497
"ENSG00000129946",0.727633969864736,3.57264879876173,15.5202972208676,0.000105686208037323,0.000233619439934714
"ENSG00000171861",-0.343887683864437,3.39443380304461,15.5171330822929,0.000105852938675394,0.00023395956357128
"ENSG00000132436",-0.321108451932752,4.61738919990238,15.515805806716,0.000105922957310333,0.000234085874551682
"ENSG00000128710",-0.663014747599065,0.262644863517887,15.5154806307432,0.000105940118691393,0.000234095356428024
"ENSG00000161682",-0.717703998076722,2.4957240828317,15.5046040959153,0.000106515762242355,0.00023533876137803
"ENSG00000166452",0.306978395962005,3.98196813839137,15.5036916268028,0.000106564198874316,0.000235417180751373
"ENSG00000064545",-0.396461383030355,5.05629396468676,15.5027314468869,0.000106615192255946,0.000235501228655714
"ENSG00000042317",0.270984547543314,2.9482748316388,15.4988933581643,0.000106819273291599,0.000235923368867953
"ENSG00000096433",-0.488459147352533,6.91910761763973,15.4974397746021,0.000106896667435653,0.000236065637119919
"ENSG00000099899",-0.373443568054449,4.75468442478588,15.4934254042672,0.000107110702766148,0.000236509586246291
"ENSG00000158850",-0.38015738564885,6.51061693569047,15.4907855354046,0.00010725169018909,0.000236792151148236
"ENSG00000114446",-0.321759381170938,5.25103468591376,15.490208102317,0.000107282554218672,0.000236831544620609
"ENSG00000279968",-0.503601131905123,-0.378575689511685,15.4830550724249,0.000107665634125041,0.000237648368139108
"ENSG00000136802",-0.27419320795125,6.13212057983526,15.4822750392974,0.000107707492516035,0.00023771191286029
"ENSG00000139718",0.242163353559339,5.77183318330704,15.4745673969391,0.000108121990650515,0.000238597763401063
"ENSG00000147403",-0.328399648669753,9.95025919930019,15.4663216288639,0.000108567218855611,0.000239551204239457
"ENSG00000251602",0.442579888942048,1.6299594509817,15.4539625196483,0.000109238029814161,0.000241002096829205
"ENSG00000137575",-0.37956988697399,7.73411231100544,15.4478311040677,0.000109572380606758,0.000241710425527679
"ENSG00000101336",-0.51080140041614,4.65610736306741,15.4470522270223,0.000109614927584208,0.000241774957907056
"ENSG00000101447",-0.485402639398919,5.25716303325311,15.4430226675834,0.000109835314175225,0.000242231683547834
"ENSG00000230897",-0.533806497731616,-0.617096978099763,15.4353149839999,0.000110258118935061,0.000243134658970767
"ENSG00000155876",-0.285421664702359,6.49381020714567,15.4335888637147,0.000110353031170675,0.000243314453986209
"ENSG00000271452",0.415498404974805,-1.36860103282317,15.4300844837409,0.000110545977480892,0.000243710331929996
"ENSG00000092108",0.248226424675815,6.05567228630184,15.4106532785299,0.000111622056780409,0.000246052838288945
"ENSG00000168028",-0.381820398309658,9.21069940281332,15.4032846474275,0.000112032895922221,0.000246928539873165
"ENSG00000198182",-0.37855398464645,3.85348353249936,15.3932759479368,0.000112593389496477,0.000248123196104796
"ENSG00000065559",0.371951179434277,5.36504531195097,15.3931189768719,0.000112602202586815,0.000248123196104796
"ENSG00000171954",1.59811436371481,2.46196953143252,15.3923579243639,0.000112644941555111,0.000248187304300952
"ENSG00000162961",-0.255065355531224,5.61237018325788,15.3861812956613,0.000112992415949951,0.000248922730292842
"ENSG00000113319",0.485556360769896,3.38168928019828,15.3801157809406,0.000113334697225955,0.000249646539075412
"ENSG00000173258",0.599429184491421,3.13115749210487,15.3795835826564,0.000113364779677692,0.0002496825639111
"ENSG00000180581",0.449852404365932,-1.57384350378931,15.3773240571195,0.000113492589308536,0.000249933795174193
"ENSG00000179886",-0.470682304529399,4.14392777968921,15.3753147145929,0.000113606370125228,0.000250154075040877
"ENSG00000086015",-0.291863289856666,6.51600788830976,15.3724707971416,0.000113767607235024,0.000250478784698054
"ENSG00000130811",-0.360664837503026,6.61931953289834,15.360826520456,0.000114430208282972,0.000251907120340196
"ENSG00000228232",-0.98571596781102,3.41119394262568,15.3603619130881,0.000114456727141909,0.000251935005840136
"ENSG00000102870",0.283257593638664,5.70472267891377,15.3586912933658,0.000114552134275839,0.000252114498815218
"ENSG00000174292",0.386403067425021,4.32347528335369,15.3576726939985,0.000114610344862343,0.000252212093449038
"ENSG00000204138",-0.240057694628081,6.17315003684528,15.3486307290246,0.000115128388891052,0.000253321453804798
"ENSG00000259863",-0.588855528570773,-1.52143694511509,15.3398736294523,0.000115632375502195,0.000254387092347265
"ENSG00000106803",-0.280597820031565,6.34357968949737,15.3397298562303,0.000115640668546689,0.000254387092347265
"ENSG00000157168",-1.08620929730604,2.62510906575958,15.3376707867959,0.000115759504802233,0.000254617713549766
"ENSG00000255284",-0.426166003373916,1.588592504878,15.3349709804814,0.000115915507930019,0.000254930019133155
"ENSG00000148362",-0.460878910329073,4.83312251144897,15.3334971300309,0.000116000761492214,0.000255086670296263
"ENSG00000168004",1.22891619049596,3.09419971148301,15.3292913346972,0.000116244391735717,0.000255591513163591
"ENSG00000028310",-0.283240903863982,5.34918308168745,15.3233353821493,0.000116590291781243,0.000256321071789828
"ENSG00000169989",0.523797726823196,-0.380986767084829,15.3221169367513,0.000116661183159194,0.00025644592691557
"ENSG00000166681",-0.574089763616374,6.16742742965651,15.3200267909204,0.000116782893480119,0.000256682449137934
"ENSG00000100387",-0.303928532475459,5.95307736144057,15.3186928181875,0.000116860638739243,0.000256822293062996
"ENSG00000143376",0.272567817193006,6.51044944693764,15.3143414046993,0.000117114608479558,0.000257349341431219
"ENSG00000140323",0.95287096923027,2.01824985727618,15.3128024663471,0.000117204562354316,0.00025751589515587
"ENSG00000125912",-0.333157671402491,6.23799772160297,15.3116837429558,0.000117269997841345,0.000257628544599394
"ENSG00000085382",-0.373098182268337,4.03159489514623,15.3082310075662,0.00011747218622413,0.000258041560754163
"ENSG00000116922",-0.274217329997516,4.57312240312221,15.3075818204345,0.000117510241371291,0.000258093982618168
"ENSG00000109083",0.273766250263908,3.86647795274391,15.3037223802582,0.00011773673877606,0.000258560227585001
"ENSG00000068305",-0.426985681267693,6.05046214679777,15.3003518694885,0.000117934904694307,0.000258964149049868
"ENSG00000143515",0.45289503080009,5.22045685055813,15.2979388864755,0.000118076981414778,0.000259244825926121
"ENSG00000157510",-0.440066490802151,3.66294270049416,15.2954829449224,0.000118221765775831,0.000259531379110539
"ENSG00000134070",-0.57883789411436,2.81571664295061,15.2912194635896,0.000118473537151926,0.000260052702597058
"ENSG00000276107",1.08382234570154,1.09276282027929,15.2855228065364,0.000118810790714784,0.000260761513396946
"ENSG00000071994",-0.295700788748459,5.8094421898478,15.2836686486527,0.000118920770471757,0.000260969215861542
"ENSG00000112365",-0.283560961481997,4.53895991759843,15.2834436545838,0.000118934123063356,0.000260969215861542
"ENSG00000162769",0.35480155419407,5.15363111950485,15.2829603636859,0.000118962809786593,0.000261000673630706
"ENSG00000104689",-0.423692040934079,3.55408746148434,15.2693287282021,0.000119774840100213,0.000262750547791905
"ENSG00000138134",-0.437731407950262,2.51864344604052,15.2679500710321,0.000119857278443768,0.000262899684073234
"ENSG00000285872",-0.528613138102379,-0.189495272057714,15.2663460013277,0.000119953268006168,0.000263078504581718
"ENSG00000236432",-0.344578973564836,0.421289465265609,15.2624178894,0.000120188660538952,0.000263562980212499
"ENSG00000287855",0.559233279654757,-0.612088570029788,15.2598371426127,0.000120343566998546,0.000263870861551484
"ENSG00000196376",-0.805247275190571,-0.105285916792718,15.2570227716558,0.000120512727294048,0.000264209918517857
"ENSG00000112473",-0.332163849555196,7.89170949326074,15.2559827697525,0.000120575298542887,0.000264315238025554
"ENSG00000149380",0.625143562383043,2.97553266154827,15.2551237264005,0.000120627007346683,0.000264396723261204
"ENSG00000240395",-0.553901920003998,-1.52557146600242,15.2491314857883,0.000120988327221506,0.000265156729184812
"ENSG00000237214",-0.482196959095984,-0.577143995889492,15.2486959160145,0.000121014633940121,0.000265182429169026
"ENSG00000276085",0.814976095857568,1.3042034551828,15.2444784806837,0.000121269650804042,0.000265709240913614
"ENSG00000163762",-0.657707838411817,4.40202882992472,15.2320359244167,0.000122025198710917,0.000267332487852826
"ENSG00000197323",-0.352040514117936,6.40732405712336,15.2275812844877,0.000122296856297065,0.000267895365811276
"ENSG00000164185",0.82126374493332,-1.18766147625338,15.2243306290104,0.000122495478227603,0.000268298140414698
"ENSG00000105401",-0.348030454578813,7.04742529156278,15.2142370389497,0.000123114305411844,0.000269607572019995
"ENSG00000122642",-0.325728134414067,7.09321811277224,15.2140961539605,0.000123122965317686,0.000269607572019995
"ENSG00000267213",-0.55149438472214,-0.178657604217767,15.2101752690671,0.000123364221908422,0.000270103342731478
"ENSG00000155792",0.590973278942585,5.08733848730558,15.2091813152564,0.000123425457173743,0.000270204888670684
"ENSG00000171443",-0.441460316548408,3.43295986566857,15.2055330788917,0.000123650481170557,0.000270664935796135
"ENSG00000265241",-0.2705828289085,6.51087408799343,15.2045188050818,0.000123713115678609,0.000270769452221725
"ENSG00000167904",0.427595869591796,5.16736375574372,15.194815396449,0.000124313959612941,0.000272051774448343
"ENSG00000131023",0.359425886019036,5.68392089594893,15.1942244118108,0.000124350649390301,0.000272099327611981
"ENSG00000120256",-0.54016274460025,0.989361252132354,15.1935280639663,0.000124393894467624,0.000272161211665722
"ENSG00000109674",-0.423186731001159,2.67873668237448,15.1924849818702,0.000124458701212536,0.000272270249898197
"ENSG00000180817",-0.328857374830679,7.52076941214516,15.1840392796574,0.000124984695765516,0.000273388051302851
"ENSG00000275464",-0.591039486528833,2.47827408031087,15.1787901783035,0.00012531274290185,0.000274072651262487
"ENSG00000070404",0.542614693692271,4.07250195047102,15.1765449729032,0.000125453325461589,0.000274347130395021
"ENSG00000213860",-0.531861682858793,-0.971785694253646,15.1640725408305,0.000126237198739039,0.000276028152280073
"ENSG00000233695",-0.841503886371795,1.42084915755194,15.1634866703787,0.000126274141707981,0.000276075741000692
"ENSG00000170689",-1.12261864322193,2.00384083971035,15.1552006738963,0.000126797803733958,0.000277187314220339
"ENSG00000229422",0.702835657032283,-0.955293503471691,15.1511140430061,0.000127056882861058,0.000277720296295748
"ENSG00000076641",-0.528201176647726,4.42213434933232,15.1458200346942,0.000127393304208042,0.00027842218420282
"ENSG00000175287",0.952544551761268,3.11510685037257,15.1448268619647,0.000127456518487248,0.000278526872311194
"ENSG00000249859",0.619750696105737,4.93073798967765,15.1411352258248,0.000127691765817744,0.000279007428723345
"ENSG00000260588",0.738117378019388,0.602793301794809,15.1396854368482,0.000127784273147678,0.000279176019220416
"ENSG00000137818",-0.400291960322689,10.1951665081666,15.1377919916658,0.000127905191405358,0.000279406632390181
"ENSG00000119535",0.804011851593154,4.94078834319556,15.1310537423203,0.000128336448252066,0.000280315037925852
"ENSG00000247796",0.42641410008352,1.34734518966724,15.1266990127411,0.000128615940902019,0.000280891778713487
"ENSG00000132323",-0.228642405962443,4.62862456615208,15.1252173102712,0.000128711179335854,0.000281066025904732
"ENSG00000203497",0.545765367843592,1.0009826323781,15.123194342988,0.000128841323798905,0.000281316446249037
"ENSG00000117318",-0.497645884432638,5.03088313203696,15.1222733021182,0.000128900621742204,0.000281412136387853
"ENSG00000111011",0.172546514134244,6.40729701396546,15.1209675565485,0.000128984734968789,0.00028156197306917
"ENSG00000127125",0.286937076585428,6.09989605893901,15.1172389083934,0.000129225232766396,0.000282053106150871
"ENSG00000243566",-1.08413159047906,0.773704930793112,15.1063183066726,0.000129932231463407,0.000283562206126284
"ENSG00000270959",-0.376742893853216,1.39278123489476,15.1053865971672,0.000129992731576008,0.000283660204187695
"ENSG00000121797",0.404887104141569,1.86268637684587,15.1004271078035,0.000130315254800469,0.000284329876956686
"ENSG00000136514",-0.767919033626231,3.9280343065393,15.0910919282558,0.000130924539163707,0.000285624987202771
"ENSG00000188976",-0.356154443149973,6.75365568852244,15.0841174326092,0.000131381632468786,0.000286587806589383
"ENSG00000170579",-1.2797236368764,3.45009175736181,15.0829759712399,0.000131456595346495,0.000286716939220775
"ENSG00000152684",0.273498569311387,4.63032746639927,15.0675369915904,0.000132474787149284,0.00028890304900134
"ENSG00000227775",0.552428698784661,2.35598579313541,15.0634198117851,0.000132747661240259,0.000289463429161712
"ENSG00000229939",0.57061278750132,-0.675916839740195,15.0627505421467,0.000132792072222111,0.00028952555856818
"ENSG00000173406",1.28766262915536,0.711369470840896,15.058517061451,0.000133073344279917,0.000290104037607951
"ENSG00000207554",0.536339621296798,-1.17269684460962,15.0556928118784,0.000133261323106095,0.000290479020212568
"ENSG00000174953",-0.254110484603154,6.2425345306162,15.0524938381511,0.000133474568464972,0.000290908981574705
"ENSG00000228716",0.356673957448062,4.58985973107337,15.0516961600795,0.000133527796016191,0.000290990121488436
"ENSG00000224546",0.437170429928427,0.0783401247012503,15.0507694158357,0.000133589662945856,0.000291090067049147
"ENSG00000114354",-0.257399940242333,7.37184367695697,15.0451880263515,0.000133962876660332,0.000291868327826799
"ENSG00000204305",-0.462976286245301,1.46566414907772,15.0401190498695,0.000134302742888921,0.000292544109263896
"ENSG00000169715",-0.856098098250235,5.0709792124476,15.0400821762262,0.000134305218405187,0.000292544109263896
"ENSG00000166257",-0.967701509681788,0.113594256520466,15.0387940902785,0.000134391723254803,0.000292697480847605
"ENSG00000168386",0.469959500030827,5.16831836327405,15.029903031167,0.000134990369373339,0.000293966096523262
"ENSG00000182013",-0.868396129236717,4.78688927851767,15.0294967922306,0.000135017786471833,0.000293990602220722
"ENSG00000118922",-0.462221787467626,4.57231049517605,15.028084224644,0.00013511316474347,0.000294163064442691
"ENSG00000167601",0.38951230665723,5.72946909273259,15.0253427995101,0.000135298464139404,0.000294531234681925
"ENSG00000103319",0.308766969492003,5.99504187101282,15.0138444857518,0.000136078474338696,0.000296193787849712
"ENSG00000157350",-0.318768919335526,4.33598542165973,15.0133534192855,0.000136111888147863,0.000296231066367516
"ENSG00000172366",0.476622599902238,4.67235373681769,15.0112085021043,0.000136257933092085,0.0002965134346828
"ENSG00000272462",-0.502597491355816,2.01956719725111,15.0106835144266,0.000136293703104918,0.000296555792806824
"ENSG00000188153",0.907461654646682,5.36575381812557,15.0087986845182,0.000136422204409102,0.000296799886817315
"ENSG00000133104",-0.417184632333669,5.59659899465756,14.9953999151354,0.000137339235806041,0.000298759241817997
"ENSG00000110108",-0.298092877011177,7.18319072487884,14.9933807607119,0.000137477970788517,0.000299025272985116
"ENSG00000078549",-0.799701175157831,0.80639065178186,14.9918030680059,0.000137586472102305,0.000299225487814986
"ENSG00000147853",-0.338235679795093,5.93786658691253,14.9888702675383,0.000137788397940722,0.000299628811782143
"ENSG00000106603",0.233244358841205,5.43582843359492,14.9830714628823,0.000138188535822326,0.000300463011301431
"ENSG00000259994",-0.387827527474011,1.09817054663551,14.9810423395333,0.000138328830659549,0.000300732102801323
"ENSG00000274020",-0.734082988637769,2.52579467807836,14.9762342682457,0.000138661840693773,0.00030142005002251
"ENSG00000161179",-0.407831964955058,4.46775686796935,14.9727632349741,0.000138902751945689,0.000301907654444095
"ENSG00000132694",-0.298098975763507,6.81399693601898,14.9708856534216,0.00013903324465251,0.000302155174302767
"ENSG00000244363",-0.522317212482235,-0.325657616099078,14.9656477520562,0.000139397938692505,0.000302911554234083
"ENSG00000163170",-0.331659959725903,2.54501966052694,14.9622095210224,0.000139637856277941,0.000303396646754651
"ENSG00000168564",0.253272400461658,4.64941195725888,14.9604718361304,0.000139759270118366,0.00030359161139785
"ENSG00000148053",-1.06876141388799,5.4197295194737,14.9604474867922,0.000139760972192336,0.00030359161139785
"ENSG00000278662",-0.594126025519899,-0.925026287160085,14.9600574449263,0.000139788239869583,0.000303614581651298
"ENSG00000135341",-0.246180578336149,5.9174490254741,14.9581790859778,0.000139919630809657,0.000303863671064602
"ENSG00000140416",-0.454120049391369,7.91763510697626,14.953727100459,0.000140231547087978,0.00030450470134147
"ENSG00000277778",-0.65582055833589,-1.28612243563986,14.9529267237576,0.000140287698061394,0.000304584518407241
"ENSG00000196388",0.461856605520961,2.22810749447872,14.9527257994269,0.00014030179762568,0.000304584518407241
"ENSG00000160613",-0.299996541211037,4.28735492982494,14.949020196423,0.000140562090633537,0.000305113176326862
"ENSG00000214331",-0.453026308667453,0.925766483797114,14.945907361901,0.000140781124281729,0.000305552158524592
"ENSG00000182473",0.264768207780407,6.03123432583325,14.9400382795492,0.00014119504267053,0.000306413964454313
"ENSG00000130810",-0.463563794332967,2.02725033744035,14.9395758669741,0.00014122770683817,0.000306448285847368
"ENSG00000171135",-0.299386165022258,5.55703113157645,14.9380823104053,0.000141333261922706,0.000306640745300032
"ENSG00000204136",-0.501698395500332,2.7694805217037,14.9358629599087,0.000141490259332955,0.000306944756291483
"ENSG00000082497",-0.600360252838325,6.21535134106136,14.9343996996445,0.000141593867484872,0.000307132887515188
"ENSG00000260101",-0.502823897950683,-0.0937423844453781,14.9319950596642,0.000141764298495153,0.000307444780031965
"ENSG00000211967",-1.23795172775306,3.6554936021333,14.9318940378477,0.000141771463059605,0.000307444780031965
"ENSG00000189120",-0.694086149602224,4.00472677588515,14.9305489864265,0.000141866890408271,0.000307607314984579
"ENSG00000197181",-1.09831894322469,0.776764304158358,14.9303609274587,0.000141880237816452,0.000307607314984579
"ENSG00000173930",-1.25061184533239,1.26435303388602,14.9287847424514,0.000141992156991286,0.000307805342137435
"ENSG00000095951",-0.324195748708842,5.46673648493566,14.9285980034822,0.00014200542257946,0.000307805342137435
"ENSG00000137171",-0.479029412831742,4.65952784779865,14.9166459357901,0.000142857095608534,0.00030961449653575
"ENSG00000127666",-0.333725888771375,4.84693111918832,14.9160474167299,0.00014289988047931,0.000309670323621791
"ENSG00000271503",-0.748865342797152,6.05958735057833,14.9107994731248,0.000143275584485363,0.000310447501860828
"ENSG00000227110",0.483252676446644,-0.0962244466700937,14.907359000683,0.000143522433952409,0.000310945328019823
"ENSG00000159069",-0.368715551589441,6.34659286447313,14.9039527681002,0.000143767251747137,0.000311438634442225
"ENSG00000230102",0.66334984800936,-0.24331578401597,14.902815276367,0.000143849101553573,0.000311578832804143
"ENSG00000134668",0.738475045615187,2.12110576343725,14.9010225678439,0.00014397819436186,0.00031182131448601
"ENSG00000126107",-0.240692464965392,5.96290074765631,14.9003723603977,0.000144025044787064,0.000311885642884524
"ENSG00000165949",0.881563024002937,8.54198741249022,14.8954071154366,0.00014438332375053,0.000312624272901744
"ENSG00000074211",1.23427513671762,4.80948987317325,14.8891498679772,0.000144836118077624,0.00031356735098153
"ENSG00000137161",-0.325088364372558,6.2858382297388,14.8863397106735,0.000145039938446385,0.000313971244996769
"ENSG00000285928",-0.413805325540326,-0.710857173899052,14.8854327894667,0.000145105779413379,0.000314076391285319
"ENSG00000166398",-0.291662110410898,5.21771112715361,14.8823232874452,0.000145331754341302,0.000314528075673441
"ENSG00000183682",0.569643273146908,3.52129982327666,14.8818824572547,0.000145363819401137,0.000314560041316821
"ENSG00000084636",-0.609008594021781,6.47567077184958,14.8815705192254,0.000145386513452193,0.000314571723372411
"ENSG00000138735",0.728593540265141,4.6621123869371,14.8767547421508,0.000145737326253499,0.000315288500910719
"ENSG00000108651",-0.244141480440773,5.81987198989265,14.8765472787729,0.000145752458525254,0.000315288500910719
"ENSG00000126821",0.543189298192831,4.17084765078804,14.8758950260578,0.000145800043885,0.000315353930096372
"ENSG00000204179",-1.03137732903316,2.26267630661019,14.8745660742155,0.000145897046873433,0.000315526217423782
"ENSG00000078618",-0.216200379551726,7.45005544918555,14.8699401062189,0.00014623521685396,0.000316196033502576
"ENSG00000172007",0.322246948815492,3.97023249763837,14.8698537845422,0.000146241534738491,0.000316196033502576
"ENSG00000213753",0.259901253386692,4.38407593980833,14.8608238758392,0.00014690396562949,0.000317590553532528
"ENSG00000273218",-0.534610599554983,-0.435291408034442,14.8601368890777,0.000146954487157294,0.000317662017163878
"ENSG00000119965",0.247449067929397,3.48182009028354,14.85490570122,0.00014733977121739,0.000318457012347223
"ENSG00000144224",0.24390443135037,7.59676571262131,14.8542779470658,0.000147386074967798,0.000318519240911871
"ENSG00000159263",-1.14391986879158,3.00125642087854,14.8495128596187,0.000147738034030836,0.000319241934531645
"ENSG00000162461",-0.534668687434901,-0.415584507571979,14.8490456512546,0.000147772588855221,0.00031927867024219
"ENSG00000146856",-0.437506147126208,1.13567940626014,14.8476173461437,0.000147878277439668,0.000319469071157225
"ENSG00000272338",-0.501418809994094,-0.450758005790279,14.8389214066433,0.00014852339711125,0.00032082464924696
"ENSG00000004897",0.2551771899422,6.36966757621647,14.8360615921329,0.000148736179438888,0.000321246126544887
"ENSG00000182871",-0.520666731275125,6.99583406559805,14.8351393163348,0.000148804866593364,0.000321356318404192
"ENSG00000223573",-0.978457236900076,4.87000326342345,14.8347529888793,0.000148833648170405,0.000321380314961809
"ENSG00000183579",0.38725871632081,4.42291513682621,14.831992007903,0.000149039507013825,0.000321786627916365
"ENSG00000198746",-0.289916654957332,3.68279110288692,14.8271961681886,0.000149397771850095,0.000322521860464039
"ENSG00000104331",0.324266020260197,7.65926356319404,14.8253285303538,0.000149537526716366,0.000322785252304447
"ENSG00000152291",0.273197999858324,8.2763309072379,14.8186592659638,0.000150037669350051,0.000323826406804168
"ENSG00000167969",0.414366368593892,5.62559219841797,14.8141914917457,0.000150373666283646,0.000324513080489672
"ENSG00000258457",0.620116552378132,-0.505024164006725,14.8110612678605,0.000150609527992446,0.000324954082452071
"ENSG00000139826",-0.280076598149457,4.53623268581514,14.811005259143,0.000150613751653341,0.000324954082452071
"ENSG00000065911",-0.360366393520594,6.84025875800574,14.8098057120875,0.000150704239278534,0.000325110746530421
"ENSG00000122696",-0.305314340953295,3.61991749546337,14.8034685574679,0.000151183197529909,0.000326105312698528
"ENSG00000080819",-0.301528558180939,3.91305303125585,14.802966145689,0.000151221235504206,0.000326148681530949
"ENSG00000163584",-0.591725741642161,5.32841160538532,14.7981496782916,0.000151586386917393,0.000326897463274074
"ENSG00000037965",0.452795285131027,2.4001796070738,14.7948255882212,0.000151838918111307,0.000327403229710545
"ENSG00000118298",0.779749831698189,1.12792380030949,14.7927500895785,0.000151996810170746,0.000327704834445891
"ENSG00000163961",-0.298972955420778,5.20138860567717,14.7846722212049,0.000152612915451392,0.000328994157429171
"ENSG00000166261",-0.281444097215291,3.75965642198883,14.7801885518015,0.000152955981131607,0.000329694641481592
"ENSG00000165084",0.885310367820388,-0.626161586156325,14.778781572197,0.000153063796648001,0.00032988794092118
"ENSG00000174740",0.723024901644652,0.315091726189953,14.776489949794,0.000153239566578201,0.000330227634706673
"ENSG00000104427",0.506415337423462,3.65452383925022,14.7714387380616,0.000153627723459883,0.00033102488263101
"ENSG00000235217",0.503096504948976,3.67409519546273,14.7668302557954,0.000153982729188716,0.000331750518654864
"ENSG00000135506",0.331637915696629,7.71708842261761,14.7643905673758,0.000154171002766873,0.000332116806623699
"ENSG00000103222",-0.309210885440861,6.39172077171859,14.7579047592308,0.000154672656543615,0.000333158014828904
"ENSG00000136854",0.52156958889429,4.69641201605452,14.7495589715109,0.000155320610271801,0.000334514062714449
"ENSG00000268230",0.472163341948844,-0.463856711146289,14.748071665845,0.000155436371099318,0.000334692435334674
"ENSG00000185739",-0.754092500315572,-0.292193966069466,14.7480220364707,0.000155440235389927,0.000334692435334674
"ENSG00000152705",0.411111957184542,-0.910486172113059,14.7446827971324,0.000155700462503114,0.000335213069603059
"ENSG00000115840",-0.263028716915659,4.75744154553166,14.7417880766083,0.000155926405849641,0.000335659778623892
"ENSG00000235245",0.404233144074932,-0.480186339402257,14.7392093523367,0.000156127964684667,0.000336026022842585
"ENSG00000247626",-0.331639208211184,3.81873633308926,14.7391387075005,0.000156133490160693,0.000336026022842585
"ENSG00000236814",0.404285477234128,-1.51804720169418,14.7385486160547,0.000156179651830953,0.000336085601928701
"ENSG00000261505",0.480950534103267,-1.42685832043226,14.7355438567266,0.000156414922968215,0.000336552066597172
"ENSG00000095383",0.377762124141894,4.48328253521886,14.7328948495652,0.000156622637096015,0.000336946330732941
"ENSG00000205002",-1.17580213472484,6.56089086900978,14.732734601161,0.000156635211477183,0.000336946330732941
"ENSG00000269918",-0.796517490028087,0.068241774002183,14.7270719699394,0.000157080205295664,0.000337863620378137
"ENSG00000270503",-0.273183974291024,0.520930482302718,14.7128527689184,0.000158203273321688,0.000340238989615096
"ENSG00000250510",0.759837643320359,1.36713324774785,14.7122275391487,0.00015825284208184,0.000340305354904766
"ENSG00000186417",1.06672505137818,1.86481057538144,14.7000252864615,0.000159223408089567,0.000342351973795136
"ENSG00000108604",0.36431831373614,7.62504463441068,14.6986027137783,0.000159336951745372,0.000342555612097498
"ENSG00000184209",0.323886407089251,4.18680834116561,14.6953191950302,0.000159599341863124,0.00034305090078516
"ENSG00000277117",-0.688794406085825,0.597117331605839,14.6952477747529,0.000159605054016056,0.00034305090078516
"ENSG00000041357",-0.272163221541583,7.28786090172712,14.6949683546427,0.000159627403869796,0.000343058397918451
"ENSG00000181856",-0.780534437315607,0.47770501962488,14.6860716200906,0.000160340685550609,0.000344550613042826
"ENSG00000130021",0.30630441623497,4.27074199000575,14.6798729430261,0.000160839565271435,0.000345581808996676
"ENSG00000142235",0.770587968917949,3.35343459577501,14.6784176116327,0.000160956920822499,0.000345785521321468
"ENSG00000137960",-0.628461429286353,0.269219656202739,14.678225735511,0.000160972399880628,0.000345785521321468
"ENSG00000137210",-0.309759431180997,5.52967687903787,14.6751210867756,0.000161223068571452,0.00034628308587359
"ENSG00000038295",0.777139429290909,2.08597249270952,14.6745509889887,0.000161269141166651,0.000346341142937661
"ENSG00000137752",-0.50520556035445,4.54437517913475,14.6674522342946,0.000161843948757799,0.00034753456198428
"ENSG00000040275",-0.285694119310467,4.36923016963336,14.6407453566931,0.000164025169415814,0.000352176812812516
"ENSG00000148832",0.395030538715781,-1.27061620623658,14.6379991181918,0.000164251146383423,0.000352620378944959
"ENSG00000124549",-0.35008891646173,1.57517464163315,14.6371422306801,0.0001643217208592,0.000352730255988095
"ENSG00000251247",-0.337291874664133,2.27688623822964,14.6363237978149,0.000164389156881264,0.000352833370941282
"ENSG00000256092",-0.520796298182245,-0.417023832525703,14.6306273857737,0.000164859299904442,0.000353800701671031
"ENSG00000265590",-0.554527214342362,-0.110519507809319,14.6224604339829,0.00016553572549245,0.000355210450124668
"ENSG00000103966",0.21445979280057,5.88624941689686,14.6217944867962,0.000165591006403128,0.000355287156359572
"ENSG00000090989",0.242242641891306,5.10127001842661,14.620669581101,0.000165684428441971,0.000355445669320896
"ENSG00000157150",1.17691381336728,1.19502812080502,14.617819708963,0.000165921346247344,0.000355911952535286
"ENSG00000106682",-0.199060613586732,7.93037602436128,14.6165688258411,0.000166025444159163,0.000356091494153616
"ENSG00000170417",-0.369499794779301,2.75278256635015,14.6163434980349,0.000166044202876447,0.000356091494153616
"ENSG00000078399",-1.04861832309328,1.55440342040685,14.6148437086602,0.000166169116325877,0.000356317364741223
"ENSG00000134910",-0.281384283501263,7.90362570331177,14.6121592685054,0.000166392934271135,0.000356755238538654
"ENSG00000183208",0.409191268344248,2.37258324667289,14.6106159124433,0.000166521751612981,0.0003569893468101
"ENSG00000100258",-0.365179563538803,6.26779884127527,14.6017522685699,0.000167263523826975,0.000358537297744845
"ENSG00000197935",0.696767961901252,1.84536344724308,14.5982197293403,0.000167560085112853,0.000359130665570655
"ENSG00000166405",-1.28884843757054,2.2000686441756,14.5949277123972,0.000167836934466674,0.000359681650062433
"ENSG00000155330",-0.288772727118233,3.552467413659,14.5910480856777,0.000168163795975833,0.000360339670264898
"ENSG00000177352",0.261768554543854,4.36854928604621,14.585037115196,0.00016867150086699,0.00036138499914817
"ENSG00000254165",-0.644345033266443,-1.08290670070094,14.582636513359,0.000168874697342416,0.000361777737958053
"ENSG00000124782",0.253467099506052,6.12118779337763,14.5794435912664,0.000169145343863045,0.00036231486446603
"ENSG00000132823",0.270737458928255,5.780771289005,14.5761578828628,0.000169424314848121,0.00036286969364786
"ENSG00000113552",0.23748378805691,5.95787826894686,14.5748381931784,0.000169536493625885,0.000363067201938961
"ENSG00000151718",0.585174575495951,4.74250294376018,14.5678125034032,0.000170134974514653,0.000364305970858548
"ENSG00000257270",0.46203609531647,0.155171621396845,14.5657127473465,0.000170314257217948,0.000364646934700417
"ENSG00000004468",-0.834947531322971,3.47028565185178,14.5549437707864,0.000171236757886589,0.000366578878583013
"ENSG00000184786",-0.424629453122893,1.46570159380788,14.554541736902,0.000171271295234041,0.000366605029024887
"ENSG00000156970",-0.3855232466615,4.79071405939283,14.5543323451425,0.000171289286158648,0.000366605029024887
"ENSG00000166226",0.381295177431589,7.90313741418902,14.5492344200652,0.000171727891637832,0.000367500516897151
"ENSG00000275479",-0.600989781744172,-0.756149712338574,14.5453756140312,0.00017206064577106,0.000368169297092239
"ENSG00000100325",-0.2545361779743,6.19888623274374,14.5427818512391,0.000172284679769778,0.000368605311804813
"ENSG00000112139",0.613725631542716,2.74007710181459,14.5340078448259,0.000173044723331106,0.000370182063891498
"ENSG00000071282",0.465945398119314,5.60701470606214,14.5338047825963,0.000173062353709556,0.000370182063891498
"ENSG00000153975",-0.261904075494311,3.60316686466604,14.5330823276136,0.00017312509386424,0.000370272719567592
"ENSG00000120129",0.560727692924607,6.5091382779562,14.5286699438315,0.000173508779712973,0.000371049698462028
"ENSG00000148291",-0.407305838764223,3.66846170808463,14.5262109614493,0.000173722978718896,0.000371464088518609
"ENSG00000211941",-1.36092972212033,5.02960221689767,14.5215627597715,0.000174128611231531,0.00037228766675433
"ENSG00000133661",-1.06809829543844,0.784031368915279,14.5173844489875,0.00017449405814787,0.000373025144522033
"ENSG00000044459",-0.48982781929971,3.86820507594418,14.5159642100376,0.00017461845341448,0.000373247200693685
"ENSG00000101452",0.258581378405169,4.15284920577552,14.513480019488,0.000174836253990622,0.000373668835203459
"ENSG00000138138",0.359591470673381,5.98448438781919,14.5095561967769,0.000175180835529668,0.000374361301446786
"ENSG00000266835",0.543156630679177,-0.423671666039213,14.5062225540711,0.000175474130128193,0.000374944017712825
"ENSG00000185614",-0.589209707004239,0.708059614858913,14.5014374626435,0.000175895994614421,0.000375801286273592
"ENSG00000271119",0.586478024695748,-1.13863961593905,14.5001932428774,0.000176005856330303,0.000375991838728629
"ENSG00000250397",0.536791907013674,-0.697773095910102,14.4967105237498,0.000176313742689904,0.000376605326135522
"ENSG00000175928",-0.967128568334398,4.69746707892105,14.4959679080586,0.000176379463555495,0.000376701465846329
"ENSG00000232043",0.914437253212249,-0.182441102214147,14.4955315762608,0.000176418090146146,0.00037673972332724
"ENSG00000143164",0.32401242562531,7.09937139188377,14.4922400443508,0.000176709752144132,0.00037731826391142
"ENSG00000152520",0.322803441400953,5.833431945931,14.4913588573804,0.000176787916941425,0.000377440853777513
"ENSG00000166387",-0.41795501242446,5.40493210420351,14.4894543892729,0.000176956970724179,0.000377757439381616
"ENSG00000101213",0.728474393732824,4.3451287570741,14.4870905848546,0.000177167026548506,0.000378161469177823
"ENSG00000204220",-0.363707049583031,5.3902152358417,14.4853317872615,0.000177323483523023,0.00037845101130213
"ENSG00000178372",-1.65468285991039,6.8672579255773,14.4825535286725,0.000177570914165363,0.000378934622414597
"ENSG00000151135",0.323928894715771,6.37759195952652,14.476415851946,0.000178118775895261,0.00038005916189383
"ENSG00000280138",-0.68214394424753,1.6814140577637,14.4758017316999,0.000178173687847297,0.000380131734260016
"ENSG00000143842",0.410518846766066,6.07298533271018,14.4741861177487,0.000178318231047766,0.000380395494522257
"ENSG00000124479",1.55002650509214,2.2333173433099,14.463903496719,0.00017924097306909,0.000382286476730969
"ENSG00000007392",0.321567913767939,5.21857640154497,14.463839788825,0.000179246705166137,0.000382286476730969
"ENSG00000120860",0.261257916333972,4.43702336955802,14.4625609346458,0.000179361809006487,0.000382487112464532
"ENSG00000187800",0.430361714839379,2.34935180478436,14.4593407347002,0.000179651976853611,0.000383060979485754
"ENSG00000261578",0.954821955552978,2.72904779365656,14.4546845334914,0.000180072383369881,0.000383912379408205
"ENSG00000116774",0.530786765015501,5.70261659413492,14.4512136151594,0.000180386420504801,0.00038453682795843
"ENSG00000164920",0.85402454765549,3.76855937405624,14.4439279547099,0.000181047411567696,0.000385883190112997
"ENSG00000064270",0.735585185419492,4.01297210260802,14.4437847060968,0.000181060432396323,0.000385883190112997
"ENSG00000269001",0.476167850079551,3.43949582051094,14.4421801177416,0.000181206349162206,0.000386124014346809
"ENSG00000111790",-0.299453876845021,5.34225310793861,14.4420752592365,0.00018121588885333,0.000386124014346809
"ENSG00000156500",-0.369246570294034,1.6214612316002,14.4392016968596,0.000181477514795871,0.00038663617653828
"ENSG00000154920",0.476922288963938,2.41179215471481,14.438016703452,0.000181585515120383,0.000386820959125033
"ENSG00000164929",1.29433390538227,2.47485775432512,14.4376970038292,0.000181614663720604,0.000386837744905767
"ENSG00000272150",0.383475597238607,0.9133350528154,14.4354750390901,0.00018181738248268,0.000387224186486532
"ENSG00000160781",-0.667326179482455,2.77540377612799,14.4313638366628,0.000182193069632417,0.000387978872552909
"ENSG00000165633",0.4918515431065,3.73107951987792,14.4272681776014,0.000182568119683989,0.000388732025381923
"ENSG00000214870",0.636743870305014,1.57138270330034,14.4247603277221,0.000182798156585759,0.000389176269692354
"ENSG00000148153",0.269479046341448,5.31794713506531,14.4231015887703,0.000182950468890063,0.000389454954140036
"ENSG00000159082",0.304773557223449,4.21433987334167,14.4207194372375,0.000183169433250162,0.000389875442007484
"ENSG00000250999",0.447396014522445,-1.04490749026316,14.417365667728,0.000183478158341934,0.000390486864489011
"ENSG00000268903",-0.839196227622837,0.48621925522966,14.4152483517617,0.000183673335823473,0.000390856514795523
"ENSG00000173898",-0.625107268086867,6.89403128986448,14.4149311613487,0.000183702593069335,0.000390873041968305
"ENSG00000178035",0.373771289648255,7.49112190377519,14.41038559738,0.000184122390060744,0.000391720438697486
"ENSG00000203739",-0.368813463024522,0.689338891321623,14.4096581520612,0.000184189662205281,0.000391817728209315
"ENSG00000186153",0.494346457173587,4.15485450373623,14.4028623464159,0.000184819325777965,0.000393111203046384
"ENSG00000260000",-0.456389696803772,0.96119333476194,14.4011022223324,0.000184982765450362,0.000393412831853505
"ENSG00000134152",-0.261171502882679,4.47775806348991,14.3997042136375,0.000185112684712874,0.000393643108798988
"ENSG00000147155",-0.415065914859427,4.40692084784583,14.3978818183356,0.000185282181958535,0.000393957484856422
"ENSG00000048471",0.289806264618803,5.18524696697164,14.3911361036591,0.000185910958626211,0.000395248219227764
"ENSG00000073614",-0.331881956015699,6.78412834090709,14.3800652258125,0.000186947585964051,0.000397405644403244
"ENSG00000148300",-0.296318674207911,5.03371745966758,14.3737236319364,0.000187544024681452,0.000398626939453809
"ENSG00000108107",-0.420236646964105,9.329159674708,14.3699176556907,0.000187902910700175,0.000399343087148256
"ENSG00000164151",-0.315890392788839,6.30645894587387,14.3643226516656,0.00018843175952382,0.000400420240941611
"ENSG00000015676",0.21685498039234,6.91275185179396,14.3628368579362,0.00018857245279272,0.000400672403200232
"ENSG00000204560",-0.218726020438861,5.71824592404493,14.3610927089126,0.000188737746352887,0.000400976770314954
"ENSG00000180644",-0.72128894769746,3.22514372303115,14.3602479938442,0.00018881785311074,0.000401100106561334
"ENSG00000196867",-0.425890348170545,3.26134833117722,14.3518284905501,0.000189618187113783,0.000402753192482248
"ENSG00000072210",0.523990707517571,6.55911659138417,14.3396351573941,0.000190783357908205,0.000405180723217473
"ENSG00000151893",0.267010381435494,6.68948713809152,14.3314800193438,0.00019156669912604,0.000406796862078741
"ENSG00000160124",-0.326623677173385,4.20634220505308,14.3296210612115,0.000191745717562828,0.000407129478290067
"ENSG00000185567",-0.802615903361041,6.12379124662288,14.3288469129162,0.000191820318426127,0.000407240335185525
"ENSG00000110777",-0.961615735994259,3.7086023188063,14.3235250668117,0.000192333956410154,0.000408283146497184
"ENSG00000189159",-0.424740015919058,7.36356852469849,14.3198839297434,0.000192686184721746,0.00040891397589911
"ENSG00000100603",0.187447211958685,5.93956324361238,14.3197385683984,0.000192700259948424,0.00040891397589911
"ENSG00000167674",-0.40205215800416,5.73009857689607,14.3196880739131,0.000192705149534583,0.00040891397589911
"ENSG00000214114",0.295101441909033,4.90528170830409,14.3195237979184,0.000192721057917702,0.00040891397589911
"ENSG00000186395",-0.779982800925458,5.32423091536374,14.3129151975076,0.000193362137057329,0.000410226355861274
"ENSG00000133962",0.785890285741999,1.75191644220276,14.3071797586442,0.000193920267550908,0.000411362470983896
"ENSG00000133119",-0.38234650404056,4.9153620068557,14.3065089895851,0.000193985648530299,0.000411453174981816
"ENSG00000115523",-0.808794692618373,3.09081330585722,14.3028938882039,0.000194338403867872,0.000412153322008961
"ENSG00000247735",0.515546376925227,0.394130582808983,14.3021894641601,0.000194407216094559,0.000412251188798862
"ENSG00000162572",0.57734302737638,1.60528598038461,14.2988191698103,0.000194736788322323,0.000412901924225508
"ENSG00000150433",0.333707654839479,3.9327177085066,14.2951753156736,0.000195093749196941,0.000413610573539335
"ENSG00000178694",0.224837743134187,4.11698814025763,14.2877117672155,0.000195826971107439,0.00041511666089768
"ENSG00000132676",-0.271367113416793,7.62641200683323,14.2745145754128,0.000197130319978012,0.000417830819223876
"ENSG00000138381",-0.233146289139833,4.24865194528934,14.2727457787212,0.000197305673339197,0.000418153762140912
"ENSG00000137507",0.44303131002978,5.10468718163267,14.2723611486139,0.000197343825399156,0.000418185890290091
"ENSG00000170325",0.234220532334153,3.85930158857767,14.2715382124582,0.000197425478867122,0.000418310182855919
"ENSG00000010818",-0.318539965297063,5.44585427722407,14.2510240182201,0.000199472059121189,0.00042259135171486
"ENSG00000156535",-0.741292396717365,6.24716133663035,14.2508203390944,0.000199492486574873,0.00042259135171486
"ENSG00000114030",0.211970531146017,5.76219068178385,14.2499536648825,0.000199579431088802,0.000422697041599819
"ENSG00000261504",-0.544957078602347,-1.30705064365021,14.2498596951492,0.000199588860416717,0.000422697041599819
"ENSG00000010270",0.240724157469125,4.97108358530593,14.2479278186749,0.000199782813451739,0.000423058541280734
"ENSG00000235174",-0.583371677460704,1.86260675828623,14.2452037628584,0.000200056623341181,0.000423589041365472
"ENSG00000260805",-0.569202318470878,1.87478310000895,14.244785517113,0.000200098697244256,0.000423628809856655
"ENSG00000165704",-0.31498716880733,5.79919395274494,14.2442858583156,0.00020014897275794,0.000423685930693832
"ENSG00000073350",0.395265854065298,6.69746539942024,14.2386164166149,0.000200720329027053,0.00042484596117119
"ENSG00000060718",0.89772795564696,7.80957455289598,14.2292735580218,0.00020166549976257,0.000426796847763744
"ENSG00000164683",-0.630013258456874,3.61996597398469,14.2225895813812,0.000202344455198313,0.000428183938469681
"ENSG00000143819",0.4844766547297,7.41927410148802,14.2190395777738,0.00020270600585671,0.000428899119883881
"ENSG00000106636",-0.250931728002448,7.08124988715192,14.2169390472271,0.000202920243390249,0.000429302476070938
"ENSG00000107593",0.569342659728934,-0.818244726684703,14.2150629673123,0.000203111783007318,0.000429657723812177
"ENSG00000228172",-0.381264188169975,-1.3344980217411,14.2129642913895,0.000203326266164557,0.000430061417490517
"ENSG00000112425",-0.308065802706611,3.05454655241156,14.2068029360357,0.000203957281230045,0.00043134593383861
"ENSG00000273821",0.539375545373009,-0.892317207197296,14.2057247265935,0.000204067910193838,0.000431529723358391
"ENSG00000109101",1.09982886671817,0.115611831861233,14.2047423781014,0.000204168756428732,0.00043169278562262
"ENSG00000183914",-0.850380559511133,2.50631324105456,14.1960701859258,0.000205061226152631,0.000433529417791939
"ENSG00000075131",-0.314734409449057,3.27481130306727,14.1918656431565,0.000205495346817665,0.000434396718726139
"ENSG00000137267",-0.501247939367618,4.38261400930521,14.187814432629,0.000205914518240485,0.000435232220541307
"ENSG00000154102",0.685609581601017,2.09275685411125,14.182620532033,0.000206453191509056,0.000436320084495317
"ENSG00000167470",0.305167514483847,6.64986457735651,14.1795006514575,0.00020677744999731,0.00043695460213211
"ENSG00000152213",0.545262590297589,2.27364245339571,14.1728659727872,0.000207468731417328,0.000438364461781873
"ENSG00000051341",-0.363884902163528,3.88189353573417,14.1676617264692,0.00020801261423426,0.000439462588882881
"ENSG00000172824",0.709978283817792,1.53680735084004,14.1653148873863,0.00020825834974983,0.000439930646370489
"ENSG00000181222",0.24882272019948,8.07948736069209,14.1623991733872,0.000208564062148894,0.000440525277245857
"ENSG00000072415",0.338291687315818,5.31088208641719,14.1620365633083,0.000208602113620919,0.000440554487057277
"ENSG00000234742",-0.436859046903641,1.12026127444994,14.1588202626107,0.000208939933435612,0.000441216708385801
"ENSG00000122778",-0.465965480596008,4.77155493439571,14.1523545076307,0.000209620736430854,0.000442602966589781
"ENSG00000187840",-0.629319914691098,6.28017417312878,14.1519838251602,0.000209659835115271,0.000442634135934597
"ENSG00000205356",-0.286699241553562,4.50619920034838,14.1490320455772,0.000209971445908173,0.000443240559212843
"ENSG00000116117",0.417805994151745,4.135905173508,14.1356382985879,0.000211391301307575,0.000446186026248367
"ENSG00000237118",0.88814558790445,-0.745601525226122,14.1339829491627,0.000211567458282697,0.000446506025904582
"ENSG00000258634",-0.388122037696411,2.55591018948988,14.1301771178202,0.000211973027926506,0.000447310062875889
"ENSG00000106367",-0.310141074957548,5.95068342423693,14.1299045700018,0.000212002102334127,0.000447319517082726
"ENSG00000136866",-0.487330954929757,1.84663070544363,14.1282312801137,0.000212180691528916,0.000447644405234652
"ENSG00000176658",0.405004841303142,7.10761597225793,14.1269134416787,0.000212321451091763,0.000447889416893643
"ENSG00000107036",-0.31430022760823,5.1517408434618,14.123871370781,0.000212646739570289,0.000448523587997729
"ENSG00000150403",0.402891423471819,6.4616802682541,14.1214850912261,0.000212902258302644,0.000449010467765363
"ENSG00000111674",0.641033927573831,5.84068060853211,14.1154902893853,0.00021354554715348,0.000450314946275651
"ENSG00000245060",0.294002028365702,2.07133816275419,14.114861214236,0.000213613166082837,0.000450405317031606
"ENSG00000198056",0.357064412900372,2.95151685408009,14.1141814405188,0.000213686259003101,0.000450507207458954
"ENSG00000120699",-0.349554029583729,4.40921169229431,14.1111179365115,0.000214015978528607,0.000451150048386452
"ENSG00000215039",-0.373088557554204,4.03327897308295,14.1095441262908,0.000214185565681261,0.000451455217129537
"ENSG00000147121",-0.244109198237973,3.47239536110472,14.1063028124103,0.000214535265861476,0.000452139909094846
"ENSG00000274021",-0.607665303442674,-1.3218647454238,14.1039456442711,0.000214789940887119,0.000452624197063484
"ENSG00000196428",-0.277875615241526,5.48550305799335,14.0988677172582,0.000215339617378055,0.000453706972488725
"ENSG00000169957",0.326245646377113,5.75094182429993,14.0987382013632,0.000215353655899228,0.000453706972488725
"ENSG00000005339",0.247877851476923,7.11144613510157,14.09723213116,0.000215516970483327,0.000453998454847202
"ENSG00000273888",0.54935214393516,-0.340174156104607,14.0952193933028,0.000215735423153452,0.00045440600767979
"ENSG00000171530",0.290035097948067,6.41385840755878,14.0901886389492,0.000216282419954586,0.000455505402285087
"ENSG00000038002",0.305899798442163,4.80434474684208,14.0897766774574,0.000216327275074993,0.000455547120419588
"ENSG00000136925",0.357431862617088,3.64546438885213,14.0833806131096,0.000217024902862929,0.000456963293965148
"ENSG00000110076",-0.767728670779025,2.02676588311677,14.0817818623041,0.000217199637332737,0.000457278273389029
"ENSG00000129932",-0.466613414800642,3.49050433534226,14.0814414580953,0.000217236860033325,0.000457303704894227
"ENSG00000173418",0.314452970678809,6.44403136920599,14.0807905055783,0.000217308058766572,0.000457400644930728
"ENSG00000258376",-0.606268519410168,0.0930264836899182,14.0797958908131,0.000217416891728142,0.000457576767733332
"ENSG00000137033",-0.913814076951153,3.16338098604441,14.0732473349972,0.000218134831908735,0.000459034631812573
"ENSG00000026508",-0.575032419701371,9.13925814209014,14.0646422992044,0.000219081890961094,0.000460974251827901
"ENSG00000141570",0.411882928042817,3.74989875824326,14.0619715426313,0.000219376678851452,0.000461541126078683
"ENSG00000197565",1.30134961991508,2.41191822897102,14.0602846765758,0.000219563076098381,0.000461879855202101
"ENSG00000176946",-0.27703827247994,5.75029399038086,14.0570068366944,0.000219925734405936,0.000462589251460064
"ENSG00000130529",0.488762742142807,5.64483434020386,14.0497684163923,0.000220728744460101,0.000464224607335838
"ENSG00000199906",0.504835109326008,-1.82708642261959,14.047994847002,0.000220925952820458,0.000464585643415248
"ENSG00000119321",0.205604265376395,6.06727154148623,14.0441051010048,0.00022135909152722,0.000465442677074806
"ENSG00000161016",-0.47811436617296,10.9286078230968,14.0283374940134,0.000223123724951981,0.000469098868272644
"ENSG00000175792",-0.313823642926201,6.35647253728112,14.0280962487712,0.000223150834563254,0.00046910163881605
"ENSG00000166902",-0.281462892229471,5.21438267211595,14.0278580851297,0.000223177601163458,0.000469103687733846
"ENSG00000269981",-0.794322144271211,-0.239563281911007,14.0251427338338,0.000223483003017399,0.000469691340291247
"ENSG00000266718",-0.637232781228708,-1.32276540248295,14.0191872599341,0.000224154315385009,0.00047104779759937
"ENSG00000070031",0.759704757806141,-0.84559947739599,14.0159239778629,0.000224523026495744,0.000471768115284727
"ENSG00000133318",0.284281875372284,8.24415515680943,14.0097524949348,0.00022522201285687,0.000473182161238391
"ENSG00000137364",-0.291272748240557,5.3799284471707,14.0085144699171,0.00022536249820509,0.000473422628477036
"ENSG00000105825",1.29867691236894,3.46402291614988,14.0035527646921,0.000225926422762256,0.000474552463009575
"ENSG00000226752",0.359221894632727,4.6449739235824,14.0025845973699,0.000226036627111806,0.000474729119389091
"ENSG00000211943",-1.10064537233504,5.34970375104412,14.0003779193028,0.000226288012375822,0.000475158243687603
"ENSG00000100124",-0.293469067352251,4.79036866511079,14.0003324152999,0.000226293199187487,0.000475158243687603
"ENSG00000243725",-0.292126192169968,-0.214929471397243,13.9968556965038,0.000226689852954049,0.000475926291717312
"ENSG00000268858",0.38709029460917,2.82634101921365,13.9966677579736,0.000226711314682141,0.000475926291717312
"ENSG00000083307",0.314072400640623,6.85679428048784,13.9961131969791,0.000226774655056683,0.000476004319234962
"ENSG00000011258",0.376813082527593,5.3676883532801,13.9947251201839,0.000226933275994026,0.000476282301382338
"ENSG00000198034",-0.324732369193385,10.5583350147121,13.9921532284647,0.000227227473797158,0.000476844732135999
"ENSG00000228474",-0.28781974765296,6.21543339513121,13.9904430023993,0.000227423320260116,0.00047720066323154
"ENSG00000150768",-0.305772368498666,5.5596180504914,13.988176823599,0.000227683095610764,0.000477690638247615
"ENSG00000143933",-0.255937344784201,9.28818763256149,13.9851899795154,0.000228025942056993,0.000478354767489341
"ENSG00000182218",-0.513052852031303,2.8271064257024,13.9688810668918,0.000229907233684492,0.000482245734777251
"ENSG00000179271",-0.476889326421503,5.3390307122429,13.9664559077641,0.000230188327104272,0.000482779669438711
"ENSG00000135250",0.272093376010406,6.34787374215911,13.9634665544482,0.000230535294813508,0.000483451624820487
"ENSG00000171084",0.374072364893708,1.79172812226106,13.962121733349,0.000230691558358096,0.000483694706868167
"ENSG00000146802",-0.266210803295634,5.36771150879179,13.9620112792417,0.000230704397519318,0.000483694706868167
"ENSG00000101161",0.310744958415363,7.4601886212806,13.9608711969278,0.000230836962829432,0.00048391686029757
"ENSG00000088035",-0.30604825408665,4.73554263408169,13.9601508682028,0.000230920760326625,0.000484036739520648
"ENSG00000170464",0.338727409893273,2.89178516245344,13.9583847954659,0.000231126342322187,0.000484411836155328
"ENSG00000211938",-1.18863729088653,5.4077271413563,13.9561723826645,0.000231384143299225,0.000484896278180241
"ENSG00000181524",-0.418868676247934,0.95144112217901,13.9543958420526,0.000231591365649282,0.000485274626547137
"ENSG00000219481",0.434646280161334,4.40265763235442,13.9504964429243,0.000232046866992627,0.00048617306956133
"ENSG00000211662",-1.36817148946766,6.68460746954306,13.9466094779224,0.00023250182100813,0.000487070159006665
"ENSG00000130772",0.22835643779399,3.98759400984471,13.9424575224264,0.000232988791400328,0.000488034105492246
"ENSG00000148481",0.360854316654372,4.52987964470312,13.9421841917857,0.00023302088583199,0.000488045125692334
"ENSG00000178852",0.519249154075319,1.11221236382581,13.9410879948086,0.000233149646171253,0.000488258579684829
"ENSG00000076662",-0.648803004262949,0.515718996511774,13.9402584394782,0.000233247134538213,0.000488406502760882
"ENSG00000127418",-0.479142440219435,4.94139788123211,13.9391173251084,0.0002333813045734,0.000488631192308162
"ENSG00000228887",0.555811844170181,0.438668284056494,13.9356078613049,0.000233794431796329,0.000489439816472334
"ENSG00000228878",0.417299764550718,0.277585416437899,13.9347796656254,0.000233892033597334,0.000489587789972184
"ENSG00000232888",-0.405977602931085,-0.156793199285051,13.9324428684418,0.000234167645219213,0.000490108300488728
"ENSG00000080839",-0.35051543227559,4.88656029386181,13.9322028574695,0.000234195971779975,0.000490111187980001
"ENSG00000021355",0.347901297303855,6.0626418892554,13.9290815861672,0.000234564667202818,0.000490826296259187
"ENSG00000011007",-0.204943240563006,6.0772311281204,13.9221696974044,0.000235383222145009,0.000492482462253931
"ENSG00000213300",-0.347751801318882,0.604370861338294,13.917116765788,0.00023598346052789,0.000493681525199133
"ENSG00000181029",0.548698898678344,-0.0338634513667565,13.9127370909363,0.000236504979656011,0.000494715649221797
"ENSG00000232748",0.306108631270226,-1.3892549962295,13.9098373883339,0.000236850911563823,0.00049538228835359
"ENSG00000186566",0.212621371192456,6.02499993308964,13.9062801711225,0.00023727598605776,0.000496214284743997
"ENSG00000172809",-0.403022302164176,8.66642963469961,13.9058842909511,0.000237323340161303,0.000496256255559184
"ENSG00000168172",-0.371513358040064,6.03742802586176,13.9056295640955,0.000237353814963821,0.000496262925228413
"ENSG00000272744",0.508217716354737,-1.21091672238778,13.9053847268142,0.00023738311034992,0.000496267127706246
"ENSG00000257354",-0.428538707427858,1.46214597952283,13.9035949037892,0.000237597378627817,0.000496657984425092
"ENSG00000203705",0.292486622441705,4.17880470251987,13.9005371415385,0.000237963892329005,0.00049736695859342
"ENSG00000109606",0.218617722331306,7.43543236180377,13.9002107256964,0.000238003051523719,0.00049739164668659
"ENSG00000108018",1.80728775688304,2.49199602501673,13.8966726602458,0.00023842792331308,0.000498222319533353
"ENSG00000235437",-0.328714431975331,5.21040987420854,13.8936278591521,0.000238794177414837,0.000498930327262614
"ENSG00000099624",-0.498920314874501,5.32048883790068,13.8889520973773,0.000239357729444245,0.000500050354138747
"ENSG00000101997",0.254431907058875,4.63129431287967,13.8886750871159,0.000239391158786089,0.000500062753646651
"ENSG00000163644",0.596747819369325,5.06630777599506,13.8799872013421,0.000240442013772445,0.000502200200561924
"ENSG00000004142",0.292745083162395,7.14039058224989,13.8762326393414,0.000240897599995781,0.00050309398883032
"ENSG00000151611",0.261892110264956,3.63560280929963,13.8615659294302,0.000242685703006332,0.000506770099457999
"ENSG00000107829",0.246393768962111,5.70769113187271,13.8604815058529,0.000242818445095857,0.000506989080404484
"ENSG00000269934",0.528327471058835,1.35646383971151,13.8597817954609,0.000242904134347706,0.000507062629150827
"ENSG00000269399",-0.410586670773341,0.444865701160297,13.8597385723631,0.000242909428622782,0.000507062629150827
"ENSG00000110917",0.268028323754604,7.8757780764305,13.8591130851338,0.000242986055900854,0.000507164377407016
"ENSG00000167720",0.343471586040038,2.43963624754235,13.8553107805454,0.000243452397486708,0.000508079426906282
"ENSG00000185122",-0.387287362486911,6.95604680076715,13.8518609187772,0.000243876299169607,0.00050890570551822
"ENSG00000242715",-0.937338267987198,0.111541749143648,13.8429885157452,0.000244969940576352,0.000511129204910255
"ENSG00000275993",-0.701212181512588,3.13257524793609,13.8403028132253,0.000245301969769777,0.000511763274394667
"ENSG00000106348",-0.369392191290999,6.60238617761856,13.8374965846426,0.000245649387536076,0.000512429299289616
"ENSG00000135976",-0.523549263352702,2.35704113465728,13.8365523112323,0.000245766403121471,0.000512567235105419
"ENSG00000178821",-0.736472411025474,1.83908190829483,13.8365081686079,0.000245771874717086,0.000512567235105419
"ENSG00000180818",0.88229588879832,4.92589006292709,13.8355393578201,0.000245891992537189,0.000512758949812702
"ENSG00000161944",-0.497908285711669,-0.900134200610787,13.8262057896977,0.00024705227069447,0.000515119419854525
"ENSG00000105698",-0.304338985679733,6.887645506018,13.8203137637022,0.000247787583019841,0.000516593370009729
"ENSG00000148331",-0.235728132506717,4.76913405326301,13.8178022748773,0.000248101686531197,0.000517188936920277
"ENSG00000287356",0.614350460095919,0.366025603442921,13.8128688996359,0.000248719864736904,0.000518418164088335
"ENSG00000172890",0.378273454156332,5.86779917682889,13.8115663758121,0.000248883338700975,0.000518699457349986
"ENSG00000211934",-1.4459806917471,5.12521658824574,13.8060995586868,0.000249570645172693,0.000520072283959778
"ENSG00000241288",0.652892875361818,1.24306221348932,13.8005437598108,0.000250271113176942,0.000521472219780297
"ENSG00000278238",-0.483989973062295,-0.637350012613074,13.7987084659688,0.000250502943000457,0.000521895478498546
"ENSG00000164849",-0.433491906420655,-0.598835818544105,13.7939446639276,0.000251105712786672,0.000523091364581834
"ENSG00000265107",-0.554033468304955,3.81230973730044,13.7902112590639,0.000251579134247024,0.000524017555392221
"ENSG00000196159",-0.771657727628467,3.72243331769803,13.7891931876907,0.000251708389894174,0.000524226748585278
"ENSG00000263843",0.495017274075547,0.514012586669994,13.783789958081,0.00025239552023259,0.000525597632469699
"ENSG00000007264",-0.815047001355326,2.4814809775412,13.7805562127554,0.000252807667265082,0.000526395632766722
"ENSG00000126746",-0.322444208275415,4.6964952874384,13.7790078906902,0.000253005245720739,0.000526746727240018
"ENSG00000102317",0.260677733941421,8.02654026965763,13.7708211894249,0.000254052544267208,0.000528866621853265
"ENSG00000108561",-0.318765864788129,6.64145637105525,13.7686564723828,0.000254330204686318,0.000529384042439318
"ENSG00000248866",0.348830648899409,1.31681595452499,13.7653515560748,0.000254754708743553,0.000530206962195645
"ENSG00000146574",-0.292742690091977,3.34419204592683,13.7582637699052,0.000255667535644304,0.000532015484033135
"ENSG00000258920",-0.490112422711662,1.11145265408337,13.7581503323733,0.00025568217208784,0.000532015484033135
"ENSG00000261371",0.304425553134979,7.14759130170246,13.7530377208637,0.000256342718261577,0.000533328913262591
"ENSG00000110011",-0.333932032456216,4.72550431960246,13.7500496015613,0.000256729583385571,0.000534072705320459
"ENSG00000088356",0.381117031470632,5.12240332453839,13.7460799381863,0.000257244443863304,0.000535082564614109
"ENSG00000138399",-0.303521761457189,4.40236616996333,13.7448662432434,0.00025740206778104,0.000535349206266616
"ENSG00000154723",-0.306629297505902,5.87981155745889,13.7390673566637,0.00025815653031665,0.000536856960141692
"ENSG00000124615",0.495088099029619,3.65134842352364,13.738621243773,0.000258214664639147,0.000536916465125965
"ENSG00000119242",-0.269949677244342,5.51614591006187,13.7382547355917,0.000258262435376564,0.000536954409536916
"ENSG00000117862",-0.296528073940529,2.26157316458649,13.729450561701,0.00025941267362136,0.000539284227663196
"ENSG00000079257",-0.414083742502148,4.19084312566225,13.7278540028764,0.000259621815610146,0.000539657323693409
"ENSG00000155970",-0.551093816329293,0.645701128340723,13.7267113982474,0.000259771596748693,0.000539906959394953
"ENSG00000108691",-0.57212949974475,4.99377797107589,13.7252310158342,0.000259965786805626,0.000540248826602003
"ENSG00000149179",0.269128685838933,4.93832438649931,13.7202320612942,0.000260622617571287,0.000541551944291852
"ENSG00000227630",-0.656157878009648,1.17872457731446,13.7169999060247,0.000261048198888713,0.000542374302191903
"ENSG00000104886",-0.332012066811829,5.1587182130702,13.7145952499962,0.000261365280214668,0.000542971069850871
"ENSG00000171408",-0.576693145378007,1.50619204548754,13.7142735671465,0.000261407727413496,0.000542997230036166
"ENSG00000140009",-0.525640808264429,-0.490565207888108,13.7135305137503,0.000261505802717741,0.000543138921985872
"ENSG00000137124",-0.3979526033967,5.86174535942373,13.7105813770781,0.000261895426575418,0.000543886049161191
"ENSG00000238103",-0.446631423775681,-1.59929585080023,13.7078540930273,0.000262256265052284,0.000544573233105485
"ENSG00000225663",-0.419423418206274,6.46826708704541,13.7020443869303,0.0002630266131671,0.000546110506881646
"ENSG00000145945",-0.595006661609859,3.53545851661603,13.6984620116443,0.000263502769240881,0.000547036681537854
"ENSG00000267640",-0.901076814706762,2.39242498853078,13.6961762546628,0.000263807040901439,0.000547605850252839
"ENSG00000185668",-0.9309726372203,0.0584208047065455,13.6935537037043,0.000264156584857428,0.000548268853747221
"ENSG00000269473",0.536484159883419,-0.430015131614133,13.6827040595029,0.000265607672716004,0.000551217748899894
"ENSG00000117525",-0.695698342211391,4.15488277146296,13.6816366955438,0.000265750864116294,0.000551451992760658
"ENSG00000137103",0.409291961457032,5.10924598033082,13.6806530692568,0.000265882891153397,0.000551663018970795
"ENSG00000181322",-0.715893436203174,-0.985237869590092,13.6760836937143,0.000266497088533981,0.000552874306633517
"ENSG00000007080",-0.445040006115918,5.6157720519913,13.6737863017015,0.000266806438940782,0.000553452955229807
"ENSG00000129515",0.283219623922262,6.29723236464469,13.6723503712075,0.000266999976236814,0.000553791261009826
"ENSG00000170293",0.448211537800017,3.66170829471769,13.6666604186681,0.000267768280921749,0.000555321492976599
"ENSG00000008300",0.755481397300069,4.28678341655312,13.6532642099846,0.000269586025035747,0.000559027547982004
"ENSG00000164118",0.271721014995478,3.99882878997837,13.6484727515946,0.000270239220581515,0.000560318165063452
"ENSG00000105618",-0.344612592625691,5.08203052470119,13.6472813785028,0.000270401883840498,0.000560591526648921
"ENSG00000135451",-0.384895874410391,4.46634686256368,13.6426839204611,0.00027103052708984,0.000561830775781857
"ENSG00000286067",0.442132346142046,0.368399871492538,13.6405196651812,0.000271326974706396,0.000562381198399992
"ENSG00000141646",-0.232525224460457,6.1110558567528,13.6371417841273,0.000271790316126678,0.000563277378043759
"ENSG00000287562",-0.489352921733902,1.61966136438587,13.6363760501013,0.000271895462954981,0.000563431090375435
"ENSG00000148399",-0.289608892267753,4.21371220227824,13.6332561117685,0.000272324304719677,0.00056425546300313
"ENSG00000141741",0.714152158429286,5.92698049456941,13.6301072864053,0.000272757813476895,0.000565089316723747
"ENSG00000110048",0.223930695716061,6.76862316867181,13.6218822432203,0.000273893490064841,0.000567377539555731
"ENSG00000103035",-0.303209723981744,5.00502569689694,13.6205529159446,0.000274077487753933,0.000567642537938894
"ENSG00000182489",-0.653704314521729,0.196358101867237,13.6205070842493,0.000274083833746392,0.000567642537938894
"ENSG00000071205",-0.426748671708888,3.92280135142416,13.6156275854712,0.000274760317895422,0.000568978784228845
"ENSG00000231721",-0.573112013083517,1.64866537541029,13.5935335848878,0.000277844670292879,0.000575300417040856
"ENSG00000172936",-0.254312334896071,6.34529388567464,13.5836790311081,0.000279231695560192,0.000578106554222967
"ENSG00000279198",-0.567156120206494,-0.333020519517283,13.5830073883452,0.000279326484617893,0.000578236979539067
"ENSG00000056972",-0.341378300196599,5.42547003261377,13.5710225846913,0.000281023406515831,0.000581668055136922
"ENSG00000065970",-0.270851656524403,5.65990640894361,13.570850264087,0.000281047881490173,0.000581668055136922
"ENSG00000147274",-0.155672399558525,7.73528767174046,13.5670536416214,0.00028158767149431,0.00058271891786762
"ENSG00000165714",-0.324869789428099,3.72852197201065,13.5636532022123,0.000282072027342009,0.00058365483882781
"ENSG00000119929",-0.278457365112088,3.71428501537255,13.5553515191868,0.000283258069592417,0.000586042289813091
"ENSG00000140557",-1.01331040470991,0.962284680038593,13.5529370430289,0.000283603969963257,0.000586691197189685
"ENSG00000188611",0.625880833046073,-0.00327151609292992,13.5422866428901,0.00028513488402111,0.000589791114588416
"ENSG00000125818",0.241254663943388,7.23704037146508,13.5405642172846,0.000285383256813815,0.000590237738791184
"ENSG00000144118",0.287628485934035,6.02979909271223,13.5375178549564,0.000285823078592294,0.000591080176627248
"ENSG00000077152",-0.370549526785798,5.30368958377162,13.5329162436186,0.000286488746684323,0.000592389418450939
"ENSG00000133111",-0.373005574688815,2.45073526897656,13.5234034012202,0.000287869868410922,0.000595177579476851
"ENSG00000102871",-0.364295504243008,3.9608898276796,13.5185705559306,0.000288574113155454,0.000596541701172098
"ENSG00000198780",0.789981754046287,1.73189855760784,13.5184256824235,0.000288595251188327,0.000596541701172098
"ENSG00000119523",0.238352833315274,5.39092286920908,13.5167058426184,0.000288846307713662,0.000596992800533646
"ENSG00000113209",-0.960672309854033,1.57316997235732,13.5161308601935,0.00028893029120795,0.000597098527041268
"ENSG00000182872",-0.224189141770054,6.19622024516163,13.5151154696487,0.00028907866247714,0.000597337277111363
"ENSG00000187730",0.61839729369175,1.77617916279725,13.511906125927,0.000289548128351886,0.000598239390942191
"ENSG00000128606",0.872850241521307,3.27980454931282,13.5076153809772,0.000290176992464646,0.000599470597336096
"ENSG00000105707",0.864870826023741,4.85762759298779,13.5042810973568,0.000290666632420999,0.000600413936453507
"ENSG00000167460",-0.317973706241289,9.56994302772647,13.5015321455842,0.000291070947326042,0.000601141844070995
"ENSG00000170854",-0.353498740779499,4.79589771551154,13.5014358336906,0.000291085123198441,0.000601141844070995
"ENSG00000121454",0.54069004677486,0.987841395443168,13.4987612162511,0.000291479072717634,0.000601887077042271
"ENSG00000124302",1.36681958140481,2.8172173535878,13.4975626412773,0.000291655788768333,0.000602183617450158
"ENSG00000101146",0.274044718845101,5.98664508962374,13.4934871503954,0.000292257487280684,0.000603313608931992
"ENSG00000270681",0.489710063090676,-1.12357776309128,13.4934064135693,0.000292269419853738,0.000603313608931992
"ENSG00000107815",-0.332943391591187,4.58859367018332,13.4895178269352,0.000292844723259684,0.000604432572247746
"ENSG00000138802",0.265106665099658,5.91796997017986,13.4807935600011,0.000294139637649946,0.000607036392780803
"ENSG00000247077",-0.283592323793068,6.11611432441389,13.4788395403714,0.000294430462586207,0.000607567648459035
"ENSG00000260260",-0.671267132437955,3.85649924962184,13.4657613096497,0.000296384483381132,0.000611530457599096
"ENSG00000157680",-0.668126167031677,1.83072822353763,13.4649669991383,0.000296503584837423,0.000611706805923668
"ENSG00000203867",1.05701515081523,2.16646158427912,13.4646841618789,0.000296546006094455,0.000611724935788357
"ENSG00000269713",0.470582226147211,3.51979987540956,13.4581583727828,0.000297526488162801,0.000613677905047065
"ENSG00000141499",-0.277588461374537,3.62774394401628,13.4574574052848,0.00029763200225525,0.000613825927771685
"ENSG00000011347",0.526510607556738,6.78729539828067,13.4530698914746,0.000298293302718804,0.000615120021524899
"ENSG00000126814",0.211919412782601,4.61046703604934,13.4479567271619,0.000299065858789766,0.000616643219552008
"ENSG00000157212",0.331731056796229,4.63143006332416,13.4469808152105,0.000299213541650396,0.000616877793645138
"ENSG00000181381",0.515986215926071,5.38050842188758,13.4462717307807,0.000299320892477418,0.000617029172886691
"ENSG00000158062",0.376354617984,4.26738033792774,13.4403129672157,0.000300224557945911,0.000618821878957416
"ENSG00000136603",0.455097696314568,6.84194405523959,13.4393010088551,0.000300378299667931,0.000619068613525251
"ENSG00000151388",0.571251943615976,5.44598978999934,13.4375254756404,0.000300648240710285,0.000619554747568395
"ENSG00000269929",-0.385186848088066,1.68378198825476,13.4335112433746,0.000301259448214674,0.00062074394971434
"ENSG00000028277",-0.511917613897895,3.375701688527,13.4272268865853,0.000302218840545875,0.000622650234690573
"ENSG00000171456",-0.197292616844838,6.5634031791183,13.4254694433128,0.000302487692926663,0.00062313355521012
"ENSG00000176472",-0.338994397686113,1.12117501956411,13.4245584938116,0.000302627144885972,0.000623350227767391
"ENSG00000068001",-0.29328135738502,5.33925285009965,13.4205593188656,0.000303240128281086,0.000624542119032543
"ENSG00000259479",0.699104203939057,1.68098250070093,13.41463195822,0.000304150979576669,0.000626347148611918
"ENSG00000171316",-0.474915792618568,6.06196780319861,13.4127224618451,0.000304445001275669,0.000626881657783525
"ENSG00000138778",-0.355077232924383,5.22273217265232,13.4119006444726,0.00030457163245786,0.000627071411721027
"ENSG00000179603",0.631825485237558,-0.148911050638654,13.4096284332915,0.000304922028631491,0.00062772177212785
"ENSG00000120942",0.231117743896341,4.94052911947223,13.4058843406788,0.000305500296055702,0.000628841034932221
"ENSG00000174485",0.312441720926533,4.9538752278217,13.405652448021,0.000305536148008686,0.000628843664137375
"ENSG00000100664",0.266916502637383,7.74846309419139,13.4049898235973,0.000305638617149757,0.000628983386367932
"ENSG00000158104",-0.874939170690988,-0.895334518015141,13.3968298720193,0.000306903348378275,0.000631514662326514
"ENSG00000116120",-0.252619578959158,6.19885209782111,13.3965052326263,0.000306953774846454,0.000631546974763269
"ENSG00000262061",0.893874176809523,-0.997497811493081,13.3885903090654,0.00030818581268405,0.000633997238998763
"ENSG00000222041",-0.469003821779811,3.62522322173417,13.388407010416,0.000308214404399993,0.000633997238998763
"ENSG00000133243",-0.299954986718348,6.09440682945057,13.3858774791553,0.000308609246866404,0.000634737643560575
"ENSG00000084092",-0.257204537421521,4.89674903861383,13.3854729259826,0.000308672442475873,0.000634795837149613
"ENSG00000164181",-0.587139506517707,3.86455641208971,13.3836587553639,0.000308955997345174,0.000635307142986323
"ENSG00000133135",-0.935375984278835,2.83520373486273,13.383090596581,0.000309044854954891,0.000635418021921723
"ENSG00000102144",-0.315897948109346,9.18756681227472,13.3827917783352,0.000309091599269102,0.000635442297672253
"ENSG00000103160",0.258040944677111,5.28906169402195,13.3814876936268,0.000309295682077898,0.000635789993855426
"ENSG00000130303",0.68054471815897,7.85999690204176,13.3726656478069,0.000310679888016946,0.00063856320524943
"ENSG00000136840",0.507089604331777,4.51099135725735,13.3718019088321,0.000310815749027354,0.000638770264780737
"ENSG00000154319",0.863533314337063,2.8607059134961,13.3685227789796,0.000311332086330052,0.000639759121700484
"ENSG00000185453",-0.418810394170681,3.05738987265075,13.364803504494,0.00031191878413345,0.000640892323296339
"ENSG00000187105",0.534254916151094,0.394270558455785,13.3637457954413,0.000312085837690038,0.000641163132938711
"ENSG00000196943",0.290056674131377,4.99037045629555,13.3633350975911,0.000312150727406302,0.000641224015141836
"ENSG00000089123",0.252350537933697,3.52566762384156,13.3606015714906,0.00031258297019608,0.000642039419754523
"ENSG00000136273",-0.221376660359459,4.16198173858095,13.3474010078847,0.000314678900944913,0.000646271437487135
"ENSG00000134644",-0.189265023319492,7.04169948233778,13.3463226644777,0.000314850745236396,0.000646551355352781
"ENSG00000242802",-0.316114642004883,5.08483354964455,13.3452024873996,0.000315029357059955,0.000646845105690501
"ENSG00000162924",0.489178995354979,4.26229811208307,13.3409001463772,0.000315716321030028,0.000648182463810154
"ENSG00000168904",-0.342943983110193,3.80301262745147,13.3368895612522,0.000316358069986089,0.000649426701682504
"ENSG00000171067",-0.301293105462274,5.82290513170214,13.331847251316,0.000317166789649883,0.000651013381125389
"ENSG00000273891",-0.845367647814997,0.843930158120133,13.3220503109334,0.000318744097799086,0.00065417712150415
"ENSG00000280721",-0.486130650095031,-0.25277748756356,13.3215278365248,0.000318828439662759,0.000654276391807092
"ENSG00000149658",0.243006938891411,6.60310913280499,13.3205823495538,0.000318981125122006,0.000654515873614513
"ENSG00000117242",-0.331749530432485,2.00648171900568,13.3198373485927,0.000319101486673147,0.000654688983599683
"ENSG00000236364",-0.535668854329431,-0.382561207366422,13.3177475403506,0.000319439360092592,0.000655308265436957
"ENSG00000084623",-0.256068746616589,7.81122848562886,13.2978629270235,0.000322672475199176,0.000661829918812261
"ENSG00000010404",0.43553921530259,2.62530504610261,13.2977482956796,0.000322691209590231,0.000661829918812261
"ENSG00000253719",0.270038026373277,7.3806680564768,13.2871971977889,0.000324420332791809,0.000665301275545993
"ENSG00000182923",0.19975537967744,5.00491586752985,13.2835565428631,0.000325019148076652,0.000666454144894943
"ENSG00000114631",-0.598843036417174,6.03930334533361,13.2810317177566,0.000325435090758315,0.000667231814982779
"ENSG00000108953",-0.258405406008035,9.25541710952398,13.2737479210916,0.000326638064565956,0.000669622759053834
"ENSG00000089195",-0.270312020348581,4.97392923748796,13.2699778775149,0.000327262488687391,0.000670827244928015
"ENSG00000100129",-0.313610310934037,6.97552063109302,13.2681276835226,0.000327569375715967,0.000671380640694388
"ENSG00000168397",-0.236932923123772,5.56638776625829,13.2674686784432,0.000327678753822601,0.000671529146425404
"ENSG00000155827",0.2253839976473,6.2322193766748,13.266646357747,0.000327815290205139,0.000671733269293721
"ENSG00000182890",0.597226679040237,1.92904371291191,13.2597955811057,0.000328955027223258,0.000673992794315266
"ENSG00000204592",-0.38289883834532,9.27809673502115,13.2476475392208,0.000330985956564845,0.000678077560036202
"ENSG00000198142",-0.405898960731245,5.08169079927989,13.2421565405687,0.000331908125942252,0.000679890189732818
"ENSG00000092439",0.294841310423841,5.67108468579804,13.2381035008219,0.000332590475468653,0.000681211212592777
"ENSG00000091592",-0.478453156508574,3.81015718139695,13.227545397571,0.000334374683870054,0.000684788509202629
"ENSG00000221866",-0.788578530763074,3.23628643891203,13.2255443861904,0.00033471392820749,0.000685354510464921
"ENSG00000167632",0.35822851391158,6.27980112128943,13.2254707468749,0.000334726419422691,0.000685354510464921
"ENSG00000104228",-0.281412593717828,4.17487273264858,13.2206635529295,0.000335542874560364,0.000686948874662754
"ENSG00000113643",0.216331469316273,6.39694903231298,13.217815597045,0.00033602752615911,0.000687863663003027
"ENSG00000231327",-0.480580201082789,-0.41041106021701,13.2122966057204,0.000336968747146327,0.000689712758620008
"ENSG00000286449",1.12315328705066,0.888375090088651,13.201548180651,0.000338809501645015,0.000693402409803032
"ENSG00000096996",-0.574005967983517,2.37931470793449,13.198946804003,0.000339256541639849,0.000694239196596036
"ENSG00000253304",0.74428075627154,2.45375258313872,13.1860058214754,0.000341489337796447,0.000698729674411271
"ENSG00000143190",0.219030184947917,5.6262297305617,13.1782637201091,0.000342832266824176,0.000701398567941294
"ENSG00000196655",0.264268299668435,5.17498511879909,13.1666397686545,0.00034485861555796,0.000705464908308196
"ENSG00000159055",-0.300741260950314,4.55662195496281,13.1654585976094,0.000345065203382389,0.000705808133054306
"ENSG00000169302",-0.851437952082912,0.411645383824279,13.1641355878187,0.000345296748206886,0.00070620232276924
"ENSG00000267898",-0.439304977210959,-1.38901242207865,13.1622733662847,0.000345622929943032,0.000706789953879454
"ENSG00000140988",-0.377850438463419,10.0514179163131,13.1579293209441,0.000346385038616889,0.000708268811957727
"ENSG00000238186",-0.397228859526477,-1.18867844291026,13.1559541618062,0.000346732120072999,0.000708898808440614
"ENSG00000108829",0.315079543384684,7.65712148908234,13.1536684480068,0.000347134214253732,0.00070964112496874
"ENSG00000171016",-0.632208001379289,2.69038205493479,13.1509541573654,0.000347612317397781,0.000710538641136305
"ENSG00000139168",0.221836129891623,5.8542963847192,13.150410577855,0.000347708145464661,0.000710654652175666
"ENSG00000197448",-0.331159458236143,6.98368904054842,13.1443137909368,0.000348784793297538,0.000712775036010743
"ENSG00000177576",0.322377520053327,1.82862799680111,13.1356783739482,0.000350315543227072,0.000715822840154363
"ENSG00000033030",0.209122361223981,5.02137749017168,13.1342127829588,0.00035057601666037,0.000716274611437745
"ENSG00000060140",-0.645254482238831,2.9528793478158,13.1309389579037,0.000351158570952789,0.000717384262438428
"ENSG00000108479",-0.428427805287915,4.34431755142469,13.1279853496552,0.00035168498875399,0.000718378995446717
"ENSG00000157045",-0.264116738728637,4.45351562357289,13.1275865140576,0.000351756134123184,0.000718443634748172
"ENSG00000066084",0.296787512609315,6.50226894059097,13.1272464418029,0.000351816808677949,0.000718486875840393
"ENSG00000168952",-1.02333001985008,1.0402492150263,13.1078062336451,0.000355303001558422,0.000725524979493048
"ENSG00000242615",0.413905873805542,0.0634732022435528,13.1047489546315,0.000355854445419154,0.000726569449178668
"ENSG00000125741",-0.226721950769151,4.98546674192079,13.102819504637,0.000356202909320797,0.000727199294502935
"ENSG00000166860",-0.287133408439559,3.9146390614923,13.0967566240697,0.000357300139866365,0.000729357457226649
"ENSG00000138759",-0.890365008584214,3.55785440273431,13.0957791910175,0.000357477352080859,0.000729637311148766
"ENSG00000211896",-1.1418358874274,12.0632049546829,13.0924031203014,0.000358090133321752,0.0007308060306167
"ENSG00000136463",0.313958685297664,4.79851962665788,13.0911160870219,0.000358324020040481,0.000731201310052314
"ENSG00000139793",-0.425609260873467,6.29350935411893,13.0903629346721,0.000358460958979888,0.00073139868991768
"ENSG00000233621",0.430959768158383,2.58222468822897,13.0887943650863,0.000358746328629875,0.000731898847461601
"ENSG00000089163",-0.330905072888569,0.366749933860303,13.0871945820681,0.000359037614687801,0.000732410961859771
"ENSG00000134825",-0.299624195103228,5.62337841156169,13.0864493761245,0.000359173382676916,0.000732605751275962
"ENSG00000180336",-0.710595956860402,0.0818661631646298,13.0835872197741,0.000359695319859661,0.000733588077776129
"ENSG00000278921",0.537133200239882,-0.343616562111096,13.0785674017567,0.000360612585629657,0.000735376354684629
"ENSG00000101412",-0.397043654191871,5.18813631052034,13.0776665692409,0.000360777445092974,0.000735630064052804
"ENSG00000226976",0.474355105891899,0.39551028461971,13.076210763054,0.000361044031003489,0.000736091114885267
"ENSG00000039523",0.302776877977229,5.29246135563529,13.0757685457467,0.000361125049060045,0.000736173771834129
"ENSG00000185842",-0.338268398340004,3.99635766828261,13.0649814395814,0.000363107071856252,0.000740131281286733
"ENSG00000119138",0.360559011759138,5.2350232867299,13.0603208397563,0.000363966826249076,0.000741800609123509
"ENSG00000143793",-0.359550342097873,4.71002424120406,13.0576748884149,0.000364455852729189,0.000742647364649278
"ENSG00000101363",0.268801032825886,5.81921015911631,13.0576310911476,0.000364463952983256,0.000742647364649278
"ENSG00000101464",0.312829835841109,5.35437461038752,13.050933745132,0.000365704774519853,0.000745092241398801
"ENSG00000090006",-0.398933280409669,5.13660797635108,13.0487470092427,0.000366110841261723,0.000745836019362479
"ENSG00000276814",0.331343529901419,-0.934081791939669,13.0471764794806,0.000366402764009914,0.000746347124181019
"ENSG00000163794",0.632244804088821,-0.522773845307877,13.0457383840813,0.000366670277899617,0.000746808400273038
"ENSG00000243926",-0.488510265929463,0.205256586068744,13.0439753120498,0.000366998514599414,0.00074739323519585
"ENSG00000239467",0.639542822325239,1.26127832465386,13.0395384525506,0.000367825860395807,0.000748994262077803
"ENSG00000104901",-0.771616854684632,-0.249040313648038,13.0359868567179,0.000368489495595368,0.000750261608181859
"ENSG00000196081",-0.462373794964446,0.823804118330708,13.0177356410377,0.000371919074656668,0.000757159629489084
"ENSG00000174840",0.250235505890414,5.3689200537076,13.0153206331232,0.000372375301147239,0.000758003578876999
"ENSG00000110651",-0.306129774709995,9.01595571792689,13.0128952308775,0.000372834063584666,0.000758852500948735
"ENSG00000188368",-0.396460462814176,1.73435672172382,13.0081192618451,0.00037373911291511,0.000760609487042634
"ENSG00000231443",-0.565615942803591,-0.850278793214822,13.00384259862,0.000374551437800747,0.000762177394352203
"ENSG00000198910",-1.34200269791732,4.45239526720134,13.00270327408,0.000374768147692636,0.000762533065245963
"ENSG00000163576",0.628205011225331,-0.592573268707474,12.9977426906804,0.000375713181708069,0.000764370396969391
"ENSG00000249264",-0.324163052022581,1.79466775155136,12.9903449315554,0.000377127018926194,0.000767160968597429
"ENSG00000217027",-0.470025622949332,-1.83500355426143,12.984993398069,0.000378153156548849,0.000769162336312958
"ENSG00000196091",-2.20701042455069,5.0895327087588,12.9789235061862,0.000379320471213607,0.000771450377997661
"ENSG00000230658",-0.642603490764208,0.0644306314255149,12.9749522194383,0.000380086179123162,0.000772921223825142
"ENSG00000101335",-0.516049969099054,7.81816886755393,12.970512889223,0.000380943990327332,0.000774579015771215
"ENSG00000227210",-0.52711836110899,0.13438835793881,12.9628539795373,0.000382428547747983,0.00077751066693945
"ENSG00000279923",0.431772602875306,-1.67355124057731,12.9616354002371,0.000382665291393621,0.000777905031839408
"ENSG00000177599",0.405059715937994,1.24578207855997,12.9512558460432,0.000384687860837468,0.000781929237026361
"ENSG00000183891",-0.349286569322474,2.84389564114973,12.9495225581681,0.000385026667829344,0.000782530454182602
"ENSG00000103266",0.393146455094884,4.31110406203985,12.9477905725025,0.000385365523152054,0.000783131635205538
"ENSG00000170577",-0.945611146793921,3.48539023783897,12.9470710252591,0.00038550638846593,0.000783330375758948
"ENSG00000122970",0.295272729069418,4.3682483757314,12.9467546414112,0.000385568343293798,0.00078336874752319
"ENSG00000173638",-0.398104023643724,5.05228730565218,12.9229687308233,0.000390255233401329,0.000792802656662947
"ENSG00000261804",0.901895110596747,-0.101791199751689,12.9108401085321,0.000392667360745714,0.000797613799111353
"ENSG00000116574",-0.561193573924449,4.70291353964787,12.9091655105294,0.000393001591236227,0.000798203566879341
"ENSG00000137513",-0.342172626834958,4.50504441673166,12.9088676630516,0.000393061068440334,0.000798235229208664
"ENSG00000147526",0.512834617455663,6.40266710816705,12.9074675924554,0.000393340771308849,0.000798714072632057
"ENSG00000144036",-0.273761628794298,5.30588759328207,12.9055870999065,0.00039371677006397,0.000799388324840756
"ENSG00000143365",0.700952833426157,4.90786164990132,12.9037135513579,0.000394091743608833,0.000800060345212351
"ENSG00000269155",-0.557216792758639,-0.485567908779011,12.8951108758872,0.000395818154439484,0.000803475512605505
"ENSG00000259917",-0.318427557941934,-0.579793400998992,12.8939681113638,0.000396048065417835,0.000803852495683471
"ENSG00000241549",0.486439344570702,-0.0722441017703059,12.8926621333388,0.000396310979230885,0.000804296372489548
"ENSG00000080345",-0.289825610727304,6.6280946941533,12.8871311251476,0.000397426425388146,0.000806470135552784
"ENSG00000259856",-0.437315913449367,-0.817693558075877,12.8856599232882,0.000397723661533841,0.000806983261487895
"ENSG00000260526",0.381429194821788,0.224593801270124,12.8796113102258,0.000398948076370045,0.000809377313220121
"ENSG00000171631",-0.583306511734938,3.01283720619211,12.8756067666111,0.000399760819097394,0.000810935732516552
"ENSG00000286760",-0.481452855896638,0.95793665466766,12.8746768717724,0.000399949786635682,0.000811228584736231
"ENSG00000223668",-0.437412090706818,-1.62993677869348,12.8716001737393,0.000400575661655553,0.000812407463669848
"ENSG00000107643",-0.258211795906768,5.45236144067047,12.870436333865,0.000400812674300319,0.000812797515907482
"ENSG00000132356",-0.395858263782527,5.96789523743409,12.8677739784306,0.000401355391350733,0.000813807342016402
"ENSG00000180776",-0.319630259080271,6.68191691836638,12.8636219901755,0.000402203258608548,0.000815435611143939
"ENSG00000149782",-0.310598101190512,5.74752546037779,12.8587682445836,0.000403196738015823,0.000817358701630829
"ENSG00000115211",-0.207433339681974,5.21720711392176,12.8547643752855,0.000404018139011731,0.000818932565735581
"ENSG00000130227",-0.287564367562337,6.6950452500762,12.8520720125211,0.000404571438122388,0.000819962705211721
"ENSG00000162341",0.407655313959084,3.22475292564942,12.8500689721124,0.000404983576238791,0.000820706549819624
"ENSG00000082397",0.606365405209073,5.34522578757342,12.8424426976792,0.000406556638593512,0.000823802600572504
"ENSG00000254166",-0.830074894520224,-0.158109861284838,12.8399890838032,0.000407064061697631,0.00082473890544241
"ENSG00000100122",0.453882532612953,-1.33470777699315,12.8364981209564,0.000407787124743185,0.000826093003912287
"ENSG00000111799",0.636061504952978,9.13736923041394,12.8363239226127,0.000407823239615594,0.000826093003912287
"ENSG00000144357",0.287871527125206,6.0461601518499,12.8307583536719,0.000408978808196127,0.000828341488137099
"ENSG00000286787",0.474094119704572,-0.587835835763608,12.8203128147965,0.000411156586989103,0.000832659615205189
"ENSG00000100316",-0.321511657210789,10.8088157846671,12.8164598911571,0.000411962850838853,0.000834199546989207
"ENSG00000151025",-1.07312490146416,2.38227910939405,12.8147568665325,0.000412319738127414,0.000834829277197085
"ENSG00000230734",-0.546176838207214,-1.49671564405035,12.8109749133178,0.000413113411550068,0.000836343135493391
"ENSG00000105137",-0.38335607196858,3.64544360447784,12.8086741918267,0.000413596995919154,0.000837228955122713
"ENSG00000067221",-0.33615171187832,3.7413064392885,12.8075751916958,0.000413828195709547,0.000837570186765709
"ENSG00000232124",0.816982190467427,-0.58356989155268,12.807435140284,0.000413857668158315,0.000837570186765709
"ENSG00000187257",0.226519922583903,5.50379648519737,12.8042050279515,0.000414538005964297,0.00083885372190461
"ENSG00000146216",0.65506945825063,-0.309387382659277,12.8029566000494,0.000414801258759054,0.000839293057549191
"ENSG00000198420",0.275319175216684,5.01893580161754,12.8013553706443,0.000415139154629525,0.000839883308609766
"ENSG00000138160",-0.321551775451564,6.08465387992598,12.7963064937639,0.000416206415371502,0.000841948869177719
"ENSG00000125910",-0.655693755628289,1.23180024726755,12.7935214397474,0.00041679632908188,0.000843048446768375
"ENSG00000172116",-0.792120296040259,2.27573471927995,12.7910253733051,0.000417325753195444,0.000844025441912458
"ENSG00000105329",0.343201777307256,5.546566350745,12.7830972947005,0.000419011862717273,0.000847329113122647
"ENSG00000013441",0.273768879076774,6.05687482533831,12.7829070050687,0.000419052417667594,0.000847329113122647
"ENSG00000127184",0.317697563137173,7.4865311302688,12.782534802927,0.000419131753750309,0.000847395324278637
"ENSG00000162409",0.848218659895389,3.90740590298171,12.7807281085731,0.000419517073401641,0.00084808008569846
"ENSG00000144034",-0.277988873377334,4.67240854784535,12.7775734238183,0.000420190746758561,0.000849347555239465
"ENSG00000171227",0.447803178830256,3.07977605631775,12.7739823101061,0.000420958956471311,0.000850805811790221
"ENSG00000087303",0.493174455322494,4.94743888877837,12.7719216846574,0.000421400409072805,0.000851603404468464
"ENSG00000089009",-0.300240522562741,9.34064896950142,12.7680781267861,0.000422225081132986,0.000853175177829881
"ENSG00000117362",-0.27512154743362,8.40326234846934,12.7567803931297,0.000424658627008004,0.0008579972348391
"ENSG00000155975",0.304065614705032,5.00324738308346,12.7561454985848,0.000424795806389944,0.000858179065491536
"ENSG00000148120",-0.416872391537562,4.35576061355275,12.7528946437973,0.000425498912922882,0.000859428161105964
"ENSG00000254004",-0.288019630205944,5.52199323914555,12.7528498489755,0.000425508609564505,0.000859428161105964
"ENSG00000181392",0.522804682659,3.93835704122159,12.7499223209376,0.000426142812663449,0.0008606135328362
"ENSG00000158955",0.589323650739111,-1.27338986810072,12.7490310906695,0.000426336074432956,0.000860908240455935
"ENSG00000123689",-0.740455265513938,3.22709452040228,12.7484272786473,0.000426467060662583,0.000861077142465704
"ENSG00000156475",-0.584039926675587,0.2273280685885,12.7454831567566,0.000427106321472023,0.000862272147289727
"ENSG00000185808",0.307507252104917,4.37635754757616,12.7346478520122,0.000429467404170087,0.000866942635632136
"ENSG00000226808",-0.649354148852647,-1.4010661065873,12.7335762196352,0.000429701639492552,0.000867319211973204
"ENSG00000205758",0.21129776600028,4.25916789500925,12.7281302335393,0.000430894020757472,0.000869629432926864
"ENSG00000260231",-0.527705034173075,3.37881601552374,12.7244861755557,0.000431693753069403,0.000871146785845591
"ENSG00000157240",-0.419417811638125,6.13045808198841,12.7233056177263,0.000431953164078709,0.000871573568700196
"ENSG00000137198",-0.65570541398659,3.94135324372951,12.7223390986962,0.000432165661017341,0.000871905606498436
"ENSG00000100422",-0.34871721091456,5.71504675214998,12.7170789301105,0.000433324015226219,0.000874145650946591
"ENSG00000198231",0.216295056763667,7.48086932317754,12.7134515444234,0.000434124648390633,0.000875663646992218
"ENSG00000184986",0.667954421480391,1.96858638005656,12.7125316688208,0.000434327921353193,0.00087597651736215
"ENSG00000028137",-0.390629766699385,5.5318023253706,12.7103779465629,0.000434804226698996,0.000876839924071554
"ENSG00000005156",0.286019965803153,5.8257190313932,12.7029567126204,0.00043644953623737,0.000880060328723424
"ENSG00000171817",0.428918444755528,0.945239073418094,12.7005194293242,0.000436991268436105,0.000881055003914852
"ENSG00000230561",-0.507391049858671,-1.43756626806583,12.700008124103,0.000437105002368562,0.0008811866308002
"ENSG00000279789",0.421217496741062,1.10021837055854,12.69863332538,0.000437410959673719,0.000881705700381868
"ENSG00000168329",0.800602586894215,2.71747737876834,12.6936028440176,0.000438532334758355,0.000883868141022269
"ENSG00000185885",0.665386688504141,6.88073067270174,12.6920268102735,0.000438884258787959,0.000884479434774005
"ENSG00000180902",0.376557242663023,3.85983586733122,12.6806869430563,0.000441424898124913,0.000889501002337238
"ENSG00000232004",0.423183062561523,-1.36498671860418,12.6781592245362,0.00044199325509157,0.000890547615332389
"ENSG00000176046",0.443444713716505,3.22647307959812,12.6730915249672,0.000443134967775963,0.000892749091040011
"ENSG00000113205",-0.99290913021884,2.16108251373047,12.6671237164016,0.000444483312257026,0.00089536631779054
"ENSG00000101955",-0.583570867046166,3.88391192643757,12.6538184475646,0.000447504488311881,0.000901352340356201
"ENSG00000112305",-0.324991924974904,3.22740431756309,12.6506269656728,0.000448232264477022,0.000902634775337265
"ENSG00000089685",-0.423224395741643,6.4875461252737,12.6505911033667,0.000448240449243797,0.000902634775337265
"ENSG00000006015",-0.446467846780304,4.1360185523484,12.6408803626377,0.000450462307339514,0.000907008573662247
"ENSG00000129925",0.338043430439855,6.14617539007857,12.6337041723107,0.00045211144040656,0.0009102283460388
"ENSG00000168393",-0.307731716575351,5.08254485744188,12.6325630581586,0.000452374240474349,0.000910656633729658
"ENSG00000064933",-0.243218461793322,4.30939539138915,12.6177754606053,0.000455793921455316,0.000917439115032015
"ENSG00000269889",-0.517677911791906,-1.26587301479819,12.6154436400698,0.000456335556245304,0.00091842769691154
"ENSG00000198198",-0.277656845545041,5.30788608142229,12.60971706154,0.000457668502810459,0.000921008489612373
"ENSG00000170445",0.214680739204584,5.75723844858147,12.6074123533508,0.0004582060743523,0.000921988281924952
"ENSG00000203685",1.35345684912146,3.4596449193361,12.6062243375132,0.000458483428858744,0.000922444314610933
"ENSG00000127993",-0.216244473056096,3.93787174847228,12.6043277683136,0.000458926556161218,0.00092323373558901
"ENSG00000168917",-0.403372658600852,1.43426214804167,12.6002110064224,0.00045988992310697,0.000925069444975622
"ENSG00000169062",-0.290640102407194,5.06134407751957,12.5916889922798,0.000461890704436594,0.000928991278590377
"ENSG00000231074",-0.271547505134198,5.18098443656941,12.5873797525664,0.000462905785205713,0.000930929944860847
"ENSG00000186340",0.628581402505448,7.15902365490711,12.5869842931805,0.000462999052804398,0.000931014568535808
"ENSG00000141965",-0.435612073399035,0.886844027742321,12.5816577519815,0.000464257160455534,0.000933441215384176
"ENSG00000177150",-0.268977288725637,4.43807460161682,12.5790943480074,0.000464863864302609,0.000934557749965276
"ENSG00000165669",0.206425180125334,5.22274921589792,12.5719117135657,0.00046656813960933,0.000937825609789317
"ENSG00000242808",0.741602384990248,-0.693033869258281,12.5718093440141,0.00046659247542245,0.000937825609789317
"ENSG00000114019",-0.378870333176199,5.82914018623052,12.56702934359,0.000467730239541231,0.000940008574229383
"ENSG00000099875",0.334619743568762,7.22163643879663,12.5593207830612,0.000469571021822553,0.000943603772501226
"ENSG00000125245",-0.72870942403218,0.584931754827295,12.5565623815767,0.000470231507954745,0.000944826631316936
"ENSG00000230937",-1.16529395501408,3.92018707195677,12.5508057065496,0.000471612960276785,0.000947497682703431
"ENSG00000018699",-0.208328895951735,4.95649576632066,12.5505693331011,0.000471669771858182,0.000947507158223616
"ENSG00000123179",-0.347335950439382,4.91578734591198,12.5449757152671,0.000473016211756608,0.000950106997176057
"ENSG00000134986",-0.460595949751233,2.17897092502536,12.5425556509625,0.000473599955828596,0.000951174469590383
"ENSG00000047648",0.542302568490953,1.72089420474581,12.5390986133577,0.000474435098923341,0.000952746558376696
"ENSG00000178917",0.336959996613154,1.35143018240266,12.530145294057,0.000476604987571316,0.000956998400744876
"ENSG00000225921",-0.248651941632457,5.91321938085707,12.5297671467869,0.000476696855485155,0.000957077205824484
"ENSG00000064932",-0.27805902642905,6.37803766176205,12.5246055124338,0.000477952635504838,0.000959492553483663
"ENSG00000197841",0.28526166305401,3.79105469185753,12.5237887911905,0.000478151644514347,0.000959786128509761
"ENSG00000135436",-0.447376517979585,-1.0149552322979,12.5234341399988,0.000478238087968367,0.000959853712642756
"ENSG00000132622",0.414491389641547,2.70253877460453,12.5224011621255,0.00047848995878533,0.000960253268276242
"ENSG00000118276",-0.497689957222663,2.30752269060564,12.5184617097504,0.000479451753254844,0.000962077282457978
"ENSG00000089916",0.260833713345257,5.32165887094503,12.5177342179087,0.000479629581044031,0.000962327944845983
"ENSG00000205978",-0.553926850088721,5.19882670902429,12.5162342545516,0.000479996443113966,0.000962957788148777
"ENSG00000127989",-0.230286792215992,3.68943101744862,12.5138223063523,0.00048058695733936,0.00096403612882853
"ENSG00000006744",-0.209700779422542,6.19288844791446,12.5107331856538,0.000481344341700822,0.000965448928854715
"ENSG00000109016",0.4056677886841,4.79625955498646,12.4987702395251,0.000484288859590522,0.00097124774266539
"ENSG00000151914",-0.515874400365484,7.51129649478175,12.4906781089163,0.000486291005404993,0.000975155546450497
"ENSG00000059573",-0.243648906373176,7.31449075184798,12.4878789642273,0.000486985523815187,0.000976440602706496
"ENSG00000196511",0.372880646756532,1.98547345847655,12.480929666913,0.000488714132973437,0.000979798572588279
"ENSG00000185112",-0.411686712840495,2.95500645889901,12.4723284218564,0.0004908622991257,0.000983996858425904
"ENSG00000227097",-0.878818846874688,5.94882963020084,12.4674743822208,0.000492078833448054,0.000986326848440953
"ENSG00000165525",0.262694902602286,5.21914498662885,12.4619959554125,0.000493455536275892,0.000988977332648587
"ENSG00000003249",-0.466951330588126,5.87443404561672,12.461384425595,0.000493609453592935,0.000989176811585313
"ENSG00000248994",-0.830823789162233,0.032235493621192,12.4587101906881,0.000494283111448404,0.000990417674454507
"ENSG00000165476",0.315076684825184,6.32323798984845,12.4428448526767,0.000498298964835942,0.00099828444969095
"ENSG00000232386",-0.570961799597232,-0.677744934923976,12.4425619881964,0.000498370864037091,0.00099828444969095
"ENSG00000179262",-0.281439854091155,6.52393905443905,12.4425504106116,0.000498373807081253,0.00099828444969095
"ENSG00000183309",0.314413343441359,6.34963326372644,12.439009440699,0.000499274758058905,0.000999979000063359
"ENSG00000205981",0.290531702173606,5.14132998745699,12.4307382666885,0.000501385701448502,0.0010040963596064
"ENSG00000174007",0.341020649845585,2.07006478282467,12.4266847559881,0.000502423536953506,0.00100606399759004
"ENSG00000166741",-0.475019469178939,6.3985480140226,12.4214260751762,0.000503773192297421,0.00100865552856732
"ENSG00000261655",-0.601163265968635,-1.4065348893472,12.4207558531901,0.000503945471315178,0.00100888940366323
"ENSG00000280287",-0.533469204911598,0.446473905027396,12.4186524565134,0.000504486533677621,0.00100986144337757
"ENSG00000237991",-0.408618884517271,-0.0650400653689875,12.4177638628245,0.000504715286443025,0.00101020816879341
"ENSG00000267571",0.379727443717259,-0.00187253689258718,12.4164340882991,0.00050505781044808,0.00101078251061066
"ENSG00000141956",-0.18459725325287,3.91423258196238,12.4160219505767,0.000505164017063658,0.00101088383126348
"ENSG00000131378",-0.369264262957446,5.07163603614842,12.4156429345346,0.000505261708368348,0.00101096809150754
"ENSG00000118707",-0.359885174247286,5.88073360671675,12.4150722051082,0.000505408849998314,0.00101107934582227
"ENSG00000253293",-0.813753897977479,1.77008892716765,12.4149960310242,0.000505428491984609,0.00101107934582227
"ENSG00000184787",-0.226861157255772,6.67489010180155,12.4113440042421,0.000506371102178881,0.00101285358038375
"ENSG00000269940",0.395245107154828,-1.4403316548408,12.4102381333947,0.000506656886550002,0.0010133137731
"ENSG00000171823",-0.371832204491992,3.9844723704779,12.4077912472603,0.000507289805431643,0.00101446805730519
"ENSG00000196116",0.331890365179303,4.88418857153863,12.4032107101537,0.000508476782701999,0.00101672996083817
"ENSG00000188897",-0.51090021967669,0.206822621106959,12.398457959448,0.000509711371878252,0.00101908655949452
"ENSG00000121774",-0.142277874041836,7.85198736277339,12.3955014187102,0.000510480909296077,0.00102051294551297
"ENSG00000176022",-0.304625778066811,4.94255236983536,12.3917162616369,0.000511467846091076,0.00102226953141064
"ENSG00000271869",-0.533574170822096,-0.456193711287451,12.3917003460586,0.00051147199999103,0.00102226953141064
"ENSG00000164880",-0.322212279942842,7.06396765926011,12.3901083608441,0.000511887674898855,0.00102298791682896
"ENSG00000088367",0.33607936137874,6.64793693291664,12.3881705781083,0.00051239410272271,0.00102388749069662
"ENSG00000063322",0.243466253975195,6.39322537990641,12.3830398668113,0.000513737444673461,0.00102645904028572
"ENSG00000114867",-0.231715109591644,9.10526865256255,12.3799088667403,0.00051455897364189,0.0010279875453206
"ENSG00000147601",0.271717149862191,5.40886254137591,12.37107994507,0.000516882756026638,0.00103251659161038
"ENSG00000124532",-0.225295209123551,5.52447932101103,12.3705885250786,0.000517012411393967,0.00103266217202212
"ENSG00000147443",-0.502786328163179,3.04099110035308,12.3633510504275,0.000518925768223704,0.0010363700310149
"ENSG00000008128",-0.38319214676888,-0.160653227865557,12.3622011585366,0.000519230425033845,0.00103686462126873
"ENSG00000183955",-0.249774660567154,5.31777733418101,12.3539259155317,0.000521428270655948,0.00104113924543752
"ENSG00000153767",0.233665536679322,4.501384786756,12.3513080474723,0.000522125525587109,0.00104241702078796
"ENSG00000104979",-0.359189555552557,6.34381653550238,12.3482485569466,0.000522941605828368,0.00104393172284122
"ENSG00000101138",0.246438740859127,5.69670679512601,12.3411124786318,0.000524850108430308,0.00104762662117323
"ENSG00000141577",-0.446451254295484,4.52303825028899,12.3408926046455,0.000524909024790287,0.00104762924864323
"ENSG00000162819",0.285317395297719,6.79610740828881,12.3403594632714,0.000525051910674395,0.00104777955874991
"ENSG00000173480",0.286826219657079,3.43884037523775,12.3401817295175,0.000525099553442129,0.00104777955874991
"ENSG00000182774",-0.339027104522716,1.89633964254223,12.3396520549025,0.000525241562475559,0.0010479479528637
"ENSG00000175395",0.298075293361735,3.98937034656269,12.3307165990951,0.000527643108314147,0.00105262398311042
"ENSG00000150457",-0.319208770813268,4.6528812769717,12.3301563775639,0.000527794048202856,0.00105280962367992
"ENSG00000270049",-0.319554085387785,1.11433644196192,12.3279914935851,0.000528377743359972,0.00105385836124917
"ENSG00000124164",0.286343944776768,6.8048910146112,12.3203629942847,0.000530439773092601,0.00105785510888248
"ENSG00000150753",-0.326217020376003,8.1674287801332,12.3187330965755,0.000530881404248736,0.0010586197763925
"ENSG00000279838",-0.490333039614491,-0.951510888537331,12.316599863763,0.000531459982226873,0.00105965732917588
"ENSG00000144579",0.243648501869832,6.75729891411003,12.3160566761864,0.000531607408610856,0.00105983509238345
"ENSG00000118596",-0.575477805360499,2.94788923693669,12.3084969493343,0.000533663514066982,0.00106371165776972
"ENSG00000231584",-0.410568499569725,1.87226930042718,12.3084774027729,0.000533668840837296,0.00106371165776972
"ENSG00000077147",0.223756022801269,8.28147220129817,12.3025120307976,0.00053529703489615,0.00106684006910927
"ENSG00000278730",0.314952822969541,4.59606147275041,12.2949372219445,0.000537371792087277,0.00107085769195611
"ENSG00000138185",0.240971989561865,5.07292362581908,12.2931736501483,0.000537856010807371,0.00107170520645974
"ENSG00000128699",-0.232102189299012,5.23222281357166,12.2920919314077,0.0005381532346545,0.0010721799793949
"ENSG00000101109",0.222036829166384,6.10287825942888,12.2885892248332,0.000539116819865842,0.00107398211607009
"ENSG00000068137",0.37739358596349,5.03951124915092,12.2838694941578,0.000540417980642662,0.0010764562733467
"ENSG00000115364",-0.213172825296945,6.05181174194361,12.2799842737851,0.000541491475271681,0.00107847645118718
"ENSG00000177875",0.591470482136259,-0.0105104551171292,12.2775301223451,0.000542170679754035,0.00107971097376179
"ENSG00000221818",0.520240693223054,1.47728167760477,12.2756275298131,0.00054269783237045,0.00108064245403479
"ENSG00000170482",0.856372504409936,1.04158403142118,12.271550668258,0.000543829166942035,0.0010827042881501
"ENSG00000279837",0.526928370463015,-1.44393130183785,12.2714672490254,0.000543852340913751,0.0010827042881501
"ENSG00000167766",0.322399316805673,5.52726962161255,12.2673883791861,0.000544986682144605,0.00108480837364097
"ENSG00000005884",0.533663123093439,6.20633976867579,12.2672380647339,0.000545028530807742,0.00108480837364097
"ENSG00000204599",-0.204273412686659,3.82754191800085,12.2664858736603,0.00054523799550308,0.00108510653925047
"ENSG00000126088",-0.263804076093286,5.73381268691346,12.2660285312304,0.000545365392911333,0.00108524133110189
"ENSG00000144741",-0.230883225243192,4.01048696721189,12.2577327749728,0.000547681522392916,0.00108973105013482
"ENSG00000272669",-0.486827880198641,-0.622924804789178,12.2553138984341,0.000548358741160724,0.00109095917569801
"ENSG00000278129",-0.28163565373931,3.74524285564875,12.253339556315,0.000548912133716229,0.00109194070742981
"ENSG00000236456",0.36963076256636,-0.229746326452714,12.251124233245,0.000549533747522457,0.00109305772090315
"ENSG00000089157",-0.315771789118871,10.5671748591872,12.2503717775797,0.000549745047428777,0.00109335843877907
"ENSG00000276791",0.549961060168137,0.675277836512111,12.2484741565901,0.00055027829252158,0.00109429932040045
"ENSG00000185989",-0.356465541189718,5.02261804698677,12.2455340226209,0.00055110553029265,0.00109577881057097
"ENSG00000197122",-0.322483904319841,6.38439863410654,12.2454018000547,0.000551142762211527,0.00109577881057097
"ENSG00000076067",-0.272011549422797,5.30449302328346,12.2405776408774,0.000552502924745156,0.00109836301183352
"ENSG00000276710",-0.452854875889158,1.16402833720744,12.2398794695621,0.000552700055399448,0.0010986348205033
"ENSG00000286830",0.716204674640326,-0.865510095773785,12.2385652421722,0.000553071325306715,0.00109925267890706
"ENSG00000162066",0.398600126961443,3.41888425348839,12.2349237616222,0.000554101370953321,0.00110117960390068
"ENSG00000104093",0.417769413822233,4.82011331895617,12.2294339994936,0.000555657918740081,0.00110415232448865
"ENSG00000099251",0.490065446311733,0.610201724627224,12.2233500888621,0.000557388124820277,0.0011074694356818
"ENSG00000123268",0.227380741449732,4.53644382180043,12.218493308478,0.000558773278909954,0.00111010031641881
"ENSG00000183715",0.964830975383359,-0.327006260097844,12.2163891723891,0.000559374465026392,0.00111117330383355
"ENSG00000019102",1.14093484858048,1.71396116900472,12.2157224223291,0.000559565103645357,0.00111143061101908
"ENSG00000198075",-0.761387885318285,2.29334513575769,12.2097485986325,0.000561276103092797,0.00111470733381216
"ENSG00000211663",-1.23671318220135,6.02166413677743,12.2090177667011,0.000561485790107767,0.00111500202538269
"ENSG00000185798",-0.225817687446877,3.69863057323167,12.2055113412836,0.000562492946571553,0.00111688009958989
"ENSG00000138964",-0.459772973070008,3.52063357098623,12.2048594499141,0.000562680392869444,0.00111713033353449
"ENSG00000255435",0.483731559551206,-0.957154164752412,12.2035252022811,0.000563064243507039,0.00111777040612377
"ENSG00000166169",0.246702755389067,4.25976404522591,12.1979073715055,0.000564683364671045,0.00112086227617996
"ENSG00000225439",-0.526986845432357,2.60994043350651,12.1940877400106,0.000565786928314637,0.00112293023266986
"ENSG00000114166",0.37813324624593,4.12181325713744,12.1901876771854,0.00056691599336945,0.00112504834559777
"ENSG00000197744",-0.411959918609355,0.35611828864521,12.1884302966308,0.000567425502279775,0.00112593661744104
"ENSG00000173473",-0.303072929036891,7.86741472782587,12.1874287343845,0.00056771608873236,0.00112639033728201
"ENSG00000127578",0.68188017521309,-0.0724243003573989,12.1866885084655,0.00056793095010142,0.00112669373041499
"ENSG00000162627",-0.422572154558975,4.76100717945249,12.1790247440658,0.000570160336053422,0.00113099314997706
"ENSG00000095787",-0.214595499118273,7.71833189718966,12.1744168128992,0.000571505063916808,0.00113353697955495
"ENSG00000262712",-0.509808248103983,-0.521557215732171,12.1721053334401,0.000572180835039048,0.00113475357405847
"ENSG00000113312",0.224555902713238,5.68504900001683,12.1686122264505,0.000573203602520171,0.00113665799418195
"ENSG00000158163",-0.496125755986654,1.93241213597403,12.1668357589437,0.000573724458018552,0.00113756682028142
"ENSG00000084093",0.242922889055094,6.05488698480344,12.1649026633986,0.000574291783352134,0.00113856757745897
"ENSG00000224470",-0.294786739940205,5.89322938525172,12.1575359900322,0.000576458991630599,0.0011427396337632
"ENSG00000163531",-0.911818372115399,5.31720955270506,12.1567687518724,0.000576685183861366,0.00114306343985076
"ENSG00000167220",-0.420341058352963,-0.326696379429393,12.1556631136428,0.000577011299809717,0.00114358521531428
"ENSG00000179388",0.765692138871824,3.92215083084878,12.1551938120298,0.000577149780394424,0.00114373504094724
"ENSG00000203930",-1.04687218137051,1.8740839640209,12.1528836908365,0.000577831939233758,0.00114488882934437
"ENSG00000164342",0.526981093873907,3.40921663985839,12.15279583579,0.000577857898250565,0.00114488882934437
"ENSG00000188511",-0.478818962187878,0.0628818140724213,12.151156658465,0.000578342452621216,0.00114572405274749
"ENSG00000123700",-0.657006152104181,3.33437573540641,12.1434834170235,0.000580616227288793,0.0011501032391558
"ENSG00000227963",-0.374628666261551,-1.29644557706848,12.1380110098524,0.000582243391981201,0.00115320078551172
"ENSG00000141564",0.295200195160209,5.55971791131854,12.1351731433251,0.000583089028232714,0.00115474991784588
"ENSG00000163126",-0.408778049369841,-0.227332970346777,12.1298004482702,0.000584693423328429,0.00115780119580811
"ENSG00000107957",-0.34217376053863,6.76488136714019,12.1201415701252,0.00058758906018431,0.00116340842876467
"ENSG00000248278",0.518786191920213,-0.845547427970662,12.1158064675722,0.000588893419591304,0.00116586410313776
"ENSG00000186462",0.844987901352065,1.1002438248919,12.112435114007,0.000589909838621007,0.00116774925390062
"ENSG00000163682",-0.313510605610757,8.68544850947011,12.1095328050287,0.000590786276015921,0.00116935692547367
"ENSG00000254363",0.686214918126923,0.0717399482314298,12.1068553809759,0.000591595977267794,0.00117083216915633
"ENSG00000072832",-0.651104221324583,3.98512453268764,12.1064503577581,0.000591718561835435,0.00117094736183907
"ENSG00000086300",0.459334395609507,4.79329934066883,12.1057973555152,0.000591916254290403,0.00117104621948055
"ENSG00000262877",0.840599442136014,0.739862467180355,12.105720241844,0.000591939604419764,0.00117104621948055
"ENSG00000022277",0.22824958169678,6.43718364055703,12.1056473572648,0.000591961674835288,0.00117104621948055
"ENSG00000255624",-0.559365806578274,0.584296981385994,12.1047983595841,0.000592218824241526,0.00117142751226807
"ENSG00000153066",0.215623679242349,6.10536702942557,12.0985257383684,0.000594122236811429,0.00117506472848263
"ENSG00000234616",-0.412430665556923,4.89013058758209,12.0938556391677,0.000595543407814495,0.00117774747214636
"ENSG00000077782",0.6029198239924,7.10188836605,12.0890086990438,0.000597022050733146,0.00118054327666172
"ENSG00000253704",-0.52855024137719,0.0267707074872668,12.0864529564257,0.000597803227308845,0.00118195946279957
"ENSG00000183576",0.195791497007865,6.17058988896976,12.0838460031346,0.000598601127867622,0.0011834084036583
"ENSG00000104518",0.465534806645518,6.30212090364185,12.0834117274685,0.000598734150233773,0.0011835427371429
"ENSG00000149260",-0.437779316439877,3.3970255026989,12.0795552684657,0.000599916736600159,0.00118575153284978
"ENSG00000116874",-0.346029406598192,4.41420356962357,12.0792104278703,0.000600022597910841,0.00118583190381423
"ENSG00000270933",-0.63779836858037,0.355206081003175,12.0779639093611,0.000600405420421729,0.00118645955960782
"ENSG00000228409",-0.267439645626113,1.97388533050469,12.0768852024313,0.000600736906269511,0.00118698564380553
"ENSG00000166747",0.257106154449257,7.16072798630464,12.0756814417764,0.000601107040821583,0.00118758797072159
"ENSG00000124098",-0.317905695785868,7.32543393183792,12.0747040884775,0.00060140772984365,0.00118805298038409
"ENSG00000224080",-0.51845113055836,-0.593239053063486,12.0738354307845,0.000601675106381455,0.00118845208892983
"ENSG00000185728",0.269863877437572,6.9576129561245,12.0677617018858,0.000603548007535709,0.0011920220611423
"ENSG00000204147",0.376374707856927,2.53896681020601,12.0671635038927,0.000603732788968027,0.00119225754242676
"ENSG00000223496",-0.239018581981236,5.20928338284742,12.0588630287926,0.000606302726094233,0.0011972026905007
"ENSG00000256616",0.56061837878336,-0.358514998919855,12.0534601961754,0.000607981490880067,0.00120038725099073
"ENSG00000119574",0.258075230339426,4.06926282467929,12.0495560881916,0.000609197514986488,0.0012026575928117
"ENSG00000009954",-0.205488573659461,7.57942625591116,12.0480425426371,0.000609669608737693,0.00120345895851109
"ENSG00000270587",0.384471258378604,-0.774089030020022,12.0404398907498,0.000612046606357756,0.00120796967607669
"ENSG00000141527",0.488543741329952,3.625992383708,12.0403091680401,0.000612087559639477,0.00120796967607669
"ENSG00000176531",0.446612323038026,3.70406018767504,12.0374949154464,0.000612969895116229,0.0012095797387842
"ENSG00000249471",0.283297657212767,2.54192326881848,12.0343698558523,0.000613951192170742,0.00121138471286629
"ENSG00000162676",-0.55907359954266,1.50676973432847,12.0267696473528,0.00061634440112532,0.00121597483107358
"ENSG00000105968",0.201381852095065,7.69366292861836,12.0235503331194,0.000617360981332779,0.00121784832196102
"ENSG00000106077",0.386854184302278,5.76285074430482,12.020645820733,0.000618279618425635,0.00121952821818951
"ENSG00000150967",0.426370575055686,3.79030680705885,12.020229259224,0.000618411482166685,0.00121965604398695
"ENSG00000280303",0.431765204955349,0.58264313033822,12.0188265906206,0.000618855711327196,0.00122039983493647
"ENSG00000198546",-0.341970168150711,2.45296535338379,12.0123245882976,0.000620919157831053,0.00122433435089487
"ENSG00000127957",-0.293968084322179,1.29240876705585,12.012115886811,0.000620985506213172,0.00122433435089487
"ENSG00000163328",0.512772479421364,3.62599445795685,12.0097067198677,0.000621751927891026,0.00122571255847409
"ENSG00000225210",-0.627811689993946,-0.123767989597854,12.0072686015183,0.000622528539485511,0.00122711055339357
"ENSG00000173039",-0.206270029988892,6.77657072122543,12.0051468183981,0.000623205192128507,0.00122831123043274
"ENSG00000108846",0.667994598057999,4.51521250960905,11.9852120930523,0.000629599178637365,0.00124077905093254
"ENSG00000226084",-0.35243918159592,4.5741693037693,11.9725760535884,0.000633686658895716,0.00124869912806016
"ENSG00000188820",-0.814724054452906,0.153673611801446,11.9685172413335,0.000635005315483843,0.00125116202773482
"ENSG00000107242",-0.837764149051226,2.34024580802484,11.9671344091054,0.000635455217396508,0.00125191285680326
"ENSG00000147082",-0.732991643457327,1.30083031941232,11.9655434862779,0.000635973222364169,0.0012527976787999
"ENSG00000099958",-0.576298217316655,2.20877802362183,11.9526552995215,0.000640185487914895,0.00126095881028764
"ENSG00000112592",-0.217800096126499,4.09960007680588,11.9511829799346,0.000640668491306895,0.00126177352678829
"ENSG00000197081",-0.303196346357083,7.67760864826805,11.9483787394632,0.000641589465196268,0.00126345054060088
"ENSG00000122223",-0.593046701261227,0.270408004399095,11.9445308495432,0.000642855388894925,0.00126580343783591
"ENSG00000196562",0.58295040293368,7.75908479315151,11.944324114921,0.000642923474748634,0.00126580343783591
"ENSG00000132781",-0.362803745166152,-0.571623153268073,11.9432563013925,0.000643275264625296,0.00126635896882832
"ENSG00000064205",0.893809089439152,4.66767258701643,11.9393664522326,0.000644558427593904,0.00126874769275735
"ENSG00000255389",-0.452711396655896,-0.376726101687025,11.9341995067425,0.000646266900145642,0.00127197298775554
"ENSG00000141504",-0.333716204947338,4.73598386776238,11.9313882944197,0.000647198373967884,0.00127366847281193
"ENSG00000272913",0.334093483162984,1.5247625421111,11.9292819647986,0.000647897185259764,0.00127490576712156
"ENSG00000145216",-0.198494936957543,4.28329069276451,11.9290663458282,0.000647968763882583,0.00127490868428131
"ENSG00000154845",-0.244727519802079,6.48735892203253,11.9265084150706,0.000648818529431277,0.0012764425541694
"ENSG00000226791",-0.621014862933345,1.02972703634208,11.9111995286806,0.000653928018759828,0.00128635548401511
"ENSG00000211895",-0.872865556593201,9.05673559810055,11.9054761245192,0.000655848757378601,0.00128999428995371
"ENSG00000074755",0.254356466923422,5.97074233191511,11.9034180830386,0.000656540825429585,0.00129114093400745
"ENSG00000260495",-0.441742346006909,-1.15869190067624,11.9033203699771,0.000656573702366115,0.00129114093400745
"ENSG00000154262",0.524566648320175,2.17462086011834,11.9015399040104,0.000657173058643794,0.00129217984763387
"ENSG00000272468",-0.665396740119954,0.378993369162038,11.8887117727141,0.00066150786409003,0.00130056264534315
"ENSG00000255310",-0.730581269440259,0.383302592838634,11.8878929673297,0.000661785535608036,0.00130096793359695
"ENSG00000181315",0.296323190029549,3.13885464773092,11.8867925709057,0.000662158886453422,0.00130156120467036
"ENSG00000163161",-0.190443457969451,5.91239149053173,11.8826597966723,0.000663563000292419,0.00130418023009709
"ENSG00000100836",0.360346177334298,3.17839778225711,11.8752620781948,0.000666083951071179,0.00130899350643788
"ENSG00000133740",-0.394727090779835,4.20994637309994,11.8718429973182,0.000667252375726802,0.00131114803475789
"ENSG00000184307",-0.356034653886862,3.86646501417051,11.871175993394,0.000667480558278763,0.00131145472550223
"ENSG00000147251",-0.436875914477279,4.46707122825563,11.8619538047888,0.000670643625997346,0.00131752714081224
"ENSG00000171574",0.244728400350615,3.15609406080105,11.860670875036,0.000671084857782482,0.00131817909514295
"ENSG00000071894",-0.338666272844192,6.91895920028287,11.8605674758827,0.000671120432209355,0.00131817909514295
"ENSG00000212127",-0.438931956923107,0.254843728320917,11.8548933066306,0.000673075571909579,0.0013218765254175
"ENSG00000054611",-0.234095441386265,5.00143042589262,11.8534961112551,0.000673557889927568,0.0013226809438569
"ENSG00000261594",-0.741816453634974,0.39677306181624,11.8495697048853,0.000674915186323884,0.00132520321805666
"ENSG00000198331",-0.321436329943114,3.7919856709165,11.8484308982433,0.000675309374100629,0.00132583407773556
"ENSG00000170677",0.392493716844709,5.82861754654819,11.8441724408781,0.000676785478120826,0.00132858869682262
"ENSG00000161509",0.856426482259659,1.4489913809124,11.8430387402403,0.00067717900447091,0.00132921775667137
"ENSG00000274750",0.641798652987874,2.97962831936532,11.8366952685544,0.000679385229001293,0.00133340439679244
"ENSG00000180777",2.03628069022275,3.31711941435178,11.8302201759399,0.000681644773893716,0.00133769477207368
"ENSG00000118523",-0.567938095801766,8.29506333293323,11.8288540524794,0.00068212247159898,0.00133848781027535
"ENSG00000131788",0.316677401704478,5.88491555727206,11.8241076499149,0.000683784813910532,0.00134160498332306
"ENSG00000287126",-0.382237991922375,1.34999253800461,11.8226849471716,0.000684283892533058,0.00134243937411188
"ENSG00000014123",0.276234336733067,5.75111348169937,11.8170071698818,0.000686279328872701,0.00134620884744787
"ENSG00000277449",0.497506912252496,0.308175629390839,11.8162907057887,0.000686531548202142,0.00134655837363319
"ENSG00000213939",-0.458521682882665,-0.919601912868531,11.8157208658209,0.000686732218273465,0.0013468067269741
"ENSG00000271966",0.404940621230294,-0.639297709267851,11.808362858043,0.000689328719941911,0.00135175318148825
"ENSG00000123358",-0.568437390790947,5.28278777112859,11.8063786024472,0.000690030634823801,0.0013529837415023
"ENSG00000130699",0.228387907669966,5.08156528864562,11.8032472442304,0.000691139808041316,0.00135501248557243
"ENSG00000157077",-0.338529309205268,5.01158389386095,11.8012200701617,0.000691858830194368,0.00135627596503289
"ENSG00000198496",0.469178043329228,2.67574679779412,11.800502297359,0.000692113600794869,0.0013566291810817
"ENSG00000126464",0.275476363545823,5.74910337686584,11.796952642837,0.000693374940658613,0.0013589551099891
"ENSG00000213638",-0.50336785774731,0.109261092079488,11.7935477862065,0.000694587025705369,0.00136118401287892
"ENSG00000241484",0.551949884109401,1.56711801945732,11.7923996091572,0.000694996247858629,0.00136183923249868
"ENSG00000156860",0.227749426606346,6.61530516310607,11.7897457307894,0.000695943056624681,0.00136354759386941
"ENSG00000165490",-0.420372332327705,3.9418279902062,11.7865277040285,0.000697092894220319,0.00136565333477802
"ENSG00000105974",-0.447995491520101,6.00331732181095,11.7853788548138,0.000697503859221776,0.00136631127533933
"ENSG00000143429",-0.572682797060094,0.481183567561432,11.7809912276898,0.000699075666160979,0.00136910388769915
"ENSG00000116209",0.261543650283804,8.25718258941187,11.780979026574,0.000699080042064107,0.00136910388769915
"ENSG00000228653",0.438371667228993,-0.458746090416182,11.7757004054899,0.000700975824769408,0.00137266885238006
"ENSG00000117640",-0.19806669331208,4.7483964096705,11.7752438537291,0.000701140037990364,0.00137283162135919
"ENSG00000122958",-0.230741774734812,6.49028480616634,11.7750496382685,0.000701209905565586,0.00137283162135919
"ENSG00000215769",-0.403090610280073,-0.686232267949636,11.7731780198331,0.000701883569663227,0.00137400262243405
"ENSG00000176681",0.41868349974314,-0.76177558350179,11.7677274061493,0.000703849199549992,0.00137770224294181
"ENSG00000185033",0.475360945763633,6.67603998191121,11.7666502091931,0.000704238326585851,0.00137831557989276
"ENSG00000173540",0.266515932300226,4.63390149639002,11.7659084807994,0.000704506396091693,0.00137869187993498
"ENSG00000124067",-0.305754655134282,5.11321629449067,11.7656696682589,0.000704592727893899,0.00137871248358625
"ENSG00000167005",-0.257465756182926,7.08034975757606,11.7652410575806,0.000704747699572486,0.00137886737949918
"ENSG00000183160",0.471253009966119,5.10266502200763,11.7650041747693,0.000704833363572835,0.00137888665340031
"ENSG00000140948",-0.238585317105749,5.75154421008361,11.7626257494306,0.000705694061736469,0.0013804219826697
"ENSG00000227615",-0.570177445228549,2.75192036045874,11.7584526216966,0.000707206807415097,0.00138323232748315
"ENSG00000240854",-0.272987690605844,-0.555981243329294,11.751850572545,0.000709606772356267,0.00138777720167912
"ENSG00000130997",0.63238258550253,-0.259517362045715,11.7479610622164,0.000711024558106273,0.00139040045832028
"ENSG00000151062",0.480495001736812,1.9800441475885,11.7471626922607,0.000711315932502956,0.00139082070311371
"ENSG00000240849",-0.358293525204129,5.65651233692082,11.7396626706372,0.000714059091950573,0.00139589994070619
"ENSG00000109794",-0.542534567210855,1.43654743358423,11.7396407238785,0.00071406713483233,0.00139589994070619
"ENSG00000163527",0.258110406966737,7.99533199766859,11.7372598424389,0.000714940209920873,0.00139745647910165
"ENSG00000151176",0.225507435488134,6.83222717138593,11.7366896093771,0.000715149476986032,0.00139771531134988
"ENSG00000249087",-0.36123741952151,0.575882628291393,11.7353610583753,0.000715637277298741,0.00139851840544853
"ENSG00000051180",-0.338692377862245,4.01431868014218,11.7282661176331,0.000718248044911025,0.00140346964340801
"ENSG00000224905",-0.537049051534118,-0.808029127000431,11.7260942988504,0.00071904915802932,0.00140488409992881
"ENSG00000197646",-0.471695802462018,2.71986982009277,11.7186705982273,0.000721794391899121,0.00141009628355115
"ENSG00000236675",-0.414720392698853,2.27570992268948,11.7161482306468,0.00072272957195112,0.00141177160934883
"ENSG00000277007",-0.537889454644609,-0.869934832833773,11.7140140213528,0.000723521803407758,0.00141316737117486
"ENSG00000138193",-0.530927920874718,4.25512651183967,11.7086320940385,0.000725523534150518,0.0014169249478288
"ENSG00000168528",0.451113901408177,7.49260013834013,11.7079025150525,0.000725795324054206,0.00141730355957676
"ENSG00000168734",0.328360386652858,5.02028987137563,11.6985206195022,0.000729299607080767,0.00142399369335319
"ENSG00000122674",-0.318585047540772,3.20125243418402,11.6982743879445,0.00072939180990192,0.00142402084998885
"ENSG00000176153",1.2247109312334,2.07454970982778,11.6895357925576,0.000732671719964815,0.00143027082137169
"ENSG00000124299",-0.296260921356725,5.86266543462455,11.6831886851115,0.000735063425514924,0.00143478574621866
"ENSG00000141551",0.233505768611436,7.09550926313067,11.6757056445812,0.000737893379869267,0.00144015503734974
"ENSG00000270164",0.635427498003199,0.0232682439554373,11.6692889699632,0.000740328882917808,0.00144475340370269
"ENSG00000260589",-0.464295166175056,-0.87383233066324,11.665086452071,0.000741928416283581,0.00144771956178154
"ENSG00000136213",-0.280514300520911,4.30008242086271,11.6640836443288,0.000742310617542385,0.00144830996694496
"ENSG00000100196",-0.502286665332219,5.664902252463,11.6623676240841,0.000742965111189724,0.00144933441029164
"ENSG00000267565",0.366040450175026,0.553212561017472,11.6622891537689,0.000742995053967408,0.00144933441029164
"ENSG00000160271",-0.289438992015653,3.19473349482926,11.6610281076262,0.000743476413649118,0.00145011785645578
"ENSG00000279865",-0.41019199825115,-0.118265314820616,11.6597017711134,0.000743983038085361,0.00145095040710879
"ENSG00000179950",-0.3634329860248,7.96010198155545,11.6561975854113,0.000745323232675046,0.00145340827231626
"ENSG00000160796",0.274811380052945,6.24294773990808,11.6549473223602,0.000745801996970429,0.0014541859692215
"ENSG00000227543",0.422846418853203,-0.81787210988101,11.6515972361345,0.000747086391887962,0.00145653417254349
"ENSG00000132275",0.227280429836607,4.43579191667513,11.6470197965238,0.000748844984118346,0.00145980627772181
"ENSG00000235505",-0.522042505709315,1.08022701214598,11.6457534020518,0.000749332259887358,0.00146058503294199
"ENSG00000233225",-0.335560299372525,-0.636294822367258,11.6455642294951,0.000749405076281868,0.00146058503294199
"ENSG00000130312",-0.332520506741725,5.05951902122657,11.6428323677878,0.000750457429142899,0.00146247934439634
"ENSG00000112214",0.555253019322998,0.130245958732247,11.6418996288098,0.000750817078084139,0.0014630234643448
"ENSG00000103671",0.189168456167681,4.89267945153613,11.6387551364909,0.000752030836110894,0.00146523158512961
"ENSG00000198668",0.225132754559191,8.30688098973053,11.6310348854118,0.000755019291171603,0.00147089662251811
"ENSG00000154309",0.291791866682112,4.04533281882104,11.6274398308778,0.00075641503352223,0.00147345792328396
"ENSG00000123965",0.463343307295454,0.0243006833703589,11.6264133654385,0.000756814029741301,0.00147407727274949
"ENSG00000241962",-0.343994073663011,-1.4531706726178,11.6226279408712,0.000758287310360355,0.00147678869266882
"ENSG00000096006",2.49397576187109,6.45138235913421,11.6187076796179,0.00075981614622367,0.00147960771600815
"ENSG00000140307",-0.238096529189768,5.31025758149436,11.6168944743255,0.000760524326483344,0.0014808282250379
"ENSG00000160131",-0.227899680417073,5.9842437042958,11.6158816932344,0.000760920178914067,0.00148144039970981
"ENSG00000141698",-0.317909878092546,5.24954486259993,11.6145261178641,0.000761450343051973,0.00148231390767733
"ENSG00000204186",-0.691337897294339,2.9356400397972,11.6129501244938,0.000762067185099728,0.00148322095842945
"ENSG00000188112",-0.388702969716781,5.66954166859556,11.6129189672957,0.000762079385117837,0.00148322095842945
"ENSG00000141027",0.255278125364119,7.11509960409179,11.6099366998583,0.000763248052482986,0.00148533656950145
"ENSG00000196227",0.342000734589596,4.88248775363093,11.6097206239685,0.000763332797429007,0.00148534256121095
"ENSG00000112029",-0.359505020290399,4.27535253853457,11.6054946521758,0.000764992149882852,0.00148841219748281
"ENSG00000165458",0.259492399863737,6.93969220328917,11.5948663179922,0.000769181674465439,0.00149640349718445
"ENSG00000108551",-0.766493768055866,3.98479255111124,11.5944741817464,0.000769336694434704,0.00149654500517416
"ENSG00000099985",-0.604099536899955,1.81215132242493,11.5887753547906,0.000771593156965371,0.00150077385722235
"ENSG00000196876",0.712372064959404,2.47676896442496,11.5866992893092,0.000772416852466957,0.00150221532428026
"ENSG00000235530",-0.56059509020064,-0.867474838633614,11.585272418087,0.000772983493886467,0.00150315661144093
"ENSG00000135338",0.391849506893864,2.74930889457094,11.5841199834823,0.000773441459442649,0.00150383102285355
"ENSG00000165526",-0.257526152706222,4.47429142768359,11.5838739857672,0.000773539252144674,0.00150383102285355
"ENSG00000007545",0.244439585435472,4.51955653091385,11.5837756411322,0.000773578351100606,0.00150383102285355
"ENSG00000152056",-0.445625914643974,2.99155712160203,11.5805429572666,0.000774864692262645,0.00150617067680592
"ENSG00000072506",-0.321462217624292,6.56521027042533,11.5791270803035,0.000775428779758053,0.00150710607461418
"ENSG00000261094",0.325747288118681,0.842196604684983,11.5761568955558,0.000776613464283043,0.0015092473221904
"ENSG00000104812",-0.256752554864479,6.07480879677376,11.5736980561385,0.000777595587918338,0.00151099450353192
"ENSG00000182795",-0.854912146374574,5.65484623749957,11.5729807665167,0.000777882329940812,0.00151139021653279
"ENSG00000111452",-0.699804695838007,1.50190438732853,11.5698604463284,0.000779130954836611,0.00151365454032987
"ENSG00000172458",-0.405387152935456,0.180761588722678,11.5616555234839,0.000782423974454854,0.00151988969853518
"ENSG00000078668",-0.378662135659863,7.23881810425756,11.5606747483155,0.000782818552226472,0.00152049378768636
"ENSG00000213513",0.664347620108442,-1.25145949662894,11.5592825049914,0.000783379016497663,0.00152141992013449
"ENSG00000008083",-0.29680096815906,5.78707533139546,11.5546225052373,0.000785257928627716,0.00152490617188564
"ENSG00000139546",0.254320208472877,4.44047073869325,11.5419275685611,0.000790399831918766,0.0015347274626816
"ENSG00000106258",0.328144423711149,2.25020565615869,11.5371334193815,0.000792350537479954,0.00153835093677257
"ENSG00000261534",-0.390194994207817,1.53149550478661,11.5281302881425,0.000796027101624025,0.00154519161384906
"ENSG00000090372",-0.209594299263275,6.43782823592978,11.5280893882104,0.000796043843290394,0.00154519161384906
"ENSG00000079332",0.209152977090388,7.29271555057508,11.5270276680479,0.000796478565163357,0.00154587046667284
"ENSG00000120925",0.346760729575859,4.82526939967632,11.5252873925952,0.000797191644605758,0.00154708937602321
"ENSG00000077380",0.218472400093513,6.83047328065625,11.5223139709983,0.000798411510893616,0.00154929142858563
"ENSG00000266028",-0.287120409703922,5.82957002962287,11.5218469706676,0.000798603273511279,0.00154949822259688
"ENSG00000135740",0.459651995508675,1.00523404592599,11.5158809829998,0.000801057194289785,0.00155399702875276
"ENSG00000117407",-0.746945858300081,2.45044262920832,11.5157945157698,0.000801092816229707,0.00155399702875276
"ENSG00000140280",-0.374710536867536,3.45173733935551,11.5129631932852,0.000802260128596953,0.00155609546965142
"ENSG00000055118",-1.05684333272873,3.10020237283458,11.5104127693528,0.00080331311294374,0.00155797173152279
"ENSG00000198939",0.455074617101356,1.19122702917537,11.5093902288894,0.000803735680549587,0.00155862507280477
"ENSG00000108592",0.338949718076012,6.41158345565525,11.50821025608,0.000804223588721529,0.00155940497139309
"ENSG00000169962",0.726230163987487,1.24766083731747,11.5062809098411,0.000805022005701189,0.00156078672206516
"ENSG00000147576",-0.657528005882277,0.589992325013283,11.5039969075536,0.000805968232281827,0.00156245472273949
"ENSG00000188994",-0.299140539676145,5.93522105727819,11.5024758928841,0.000806598992934388,0.00156351086896415
"ENSG00000259956",-0.18592181669679,6.43850598894009,11.5000107724351,0.000807622339065824,0.00156532769639058
"ENSG00000072042",0.276299921091078,6.2433269858675,11.4991490906306,0.000807980360927308,0.00156585474742098
"ENSG00000271327",0.522612927972279,-0.70988862355002,11.4910406955176,0.000811357257420241,0.00157223160003828
"ENSG00000274602",-0.511650568106945,1.34616195750223,11.4905680806621,0.000811554529482447,0.00157244633879054
"ENSG00000278899",-0.444875634092992,-0.865846881665652,11.4898739168891,0.000811844365820562,0.00157284036275505
"ENSG00000273027",-0.571145690913615,-1.31933638022125,11.4851489883222,0.000813819981437084,0.00157649992782806
"ENSG00000143569",-0.207943551115325,8.17941197334456,11.4834678139982,0.00081452410408362,0.00157769588978412
"ENSG00000087087",-0.205454781896519,6.89227400502274,11.4809452415063,0.00081558179134372,0.00157957636257689
"ENSG00000102057",-0.418911567770799,1.86584222241447,11.478496153868,0.000816610004878226,0.00158139935782849
"ENSG00000008018",-0.267053380386481,7.40748070941936,11.4781321021182,0.000816762959286482,0.00158152716954142
"ENSG00000198797",1.30068559464475,2.99691557664267,11.4744400495417,0.000818315804245581,0.00158436532335732
"ENSG00000162909",-0.403840935514108,8.28834688475574,11.4686612450694,0.000820752354769868,0.00158891365923942
"ENSG00000263345",0.468686024586672,-0.0348330494418794,11.4615903618829,0.000823743741923471,0.00159453503385527
"ENSG00000137135",-0.381964699519008,3.11337801517742,11.4596279485185,0.00082457592078714,0.00159597603993578
"ENSG00000164171",0.555831435794283,5.75510535532731,11.4576110480842,0.000825432097236392,0.00159746318201059
"ENSG00000245556",0.270900981801979,2.66904487719307,11.4512662907278,0.000828131359923661,0.00160251656285685
"ENSG00000276517",-0.411494343503499,-0.266228418762788,11.4473137137351,0.000829817453676406,0.00160560849441133
"ENSG00000093217",-0.331206461799817,3.81486545300649,11.443315452794,0.000831526591196908,0.00160874435067433
"ENSG00000156587",0.464798138841503,7.26700008817973,11.4426708960507,0.000831802455266352,0.00160910689814767
"ENSG00000163950",-0.230928966559858,6.12748217846867,11.4380890369684,0.000833766133879113,0.00161273406816902
"ENSG00000161681",0.670678896180167,0.355652067838869,11.4347371907585,0.000835205646063614,0.0016153466918976
"ENSG00000204438",-0.255962465112347,4.35136316242157,11.4263756793726,0.000838807690446687,0.00162214080529977
"ENSG00000166920",0.706567080175992,2.8400666424944,11.4213512772532,0.00084097974913453,0.00162616836883466
"ENSG00000227456",-0.590856228697126,-0.329156493777102,11.4211252300948,0.000841077604251969,0.00162618469928084
"ENSG00000100490",-0.2877752884477,2.17665806861199,11.4203724314995,0.00084140357203495,0.00162664202467811
"ENSG00000278922",0.469562530897841,0.346524495984762,11.420045873074,0.000841545014427324,0.00162674255738167
"ENSG00000115137",0.236252055452752,2.82698388913819,11.4148500069461,0.000843798761708059,0.00163092581062127
"ENSG00000156515",0.232139838564713,7.70075670745506,11.409288756126,0.000846217806609651,0.00163542763432327
"ENSG00000182405",0.27507777465536,1.73921388076449,11.4090413414105,0.000846325591497682,0.00163546216087546
"ENSG00000187554",-0.429128601544304,4.52118437271683,11.4085377977726,0.000846545000744749,0.00163571236306656
"ENSG00000148384",-0.270529186937306,3.99773114223042,11.4074321226797,0.000847026980156961,0.00163646980190087
"ENSG00000231084",0.366548800212981,-0.821509741401191,11.4057850428278,0.000847745483698624,0.00163768399973559
"ENSG00000138785",0.213640458302649,3.82206705466412,11.4033991872036,0.000848787363043449,0.00163952257423898
"ENSG00000197283",0.28494420727688,4.26855022650171,11.4023527050033,0.000849244762599806,0.00164023189361424
"ENSG00000260804",0.423371226384208,2.92281349729708,11.3983179061616,0.000851010654813836,0.00164346801759971
"ENSG00000148339",0.343897437208923,4.45429886671435,11.3979209568651,0.00085118458768989,0.00164362939599785
"ENSG00000279089",0.380727394244723,1.04785326730474,11.3934371417618,0.000853151794316015,0.00164725316719954
"ENSG00000103245",0.332548641763083,4.6709175188033,11.3928206353649,0.000853422639000346,0.00164760120561918
"ENSG00000265808",-0.32518659149538,6.37692733735284,11.3910679266381,0.000854193120427453,0.00164874702794383
"ENSG00000109944",0.528578057958235,3.10390786244666,11.3910580792115,0.000854197451303864,0.00164874702794383
"ENSG00000279878",0.70902539271067,-0.70415728542704,11.3884525374616,0.000855344148686545,0.0016507851630211
"ENSG00000160813",-0.386796837875048,2.49311001625925,11.3861726266569,0.000856348821747724,0.00165254879256738
"ENSG00000116793",-0.358529639624181,4.5102649070436,11.3849950033728,0.000856868227619072,0.00165337569742581
"ENSG00000111266",0.373721057949016,6.67835014379396,11.3767002581314,0.000860535829541737,0.00166027640476346
"ENSG00000197119",0.363239114413372,5.06885967088514,11.3745319359565,0.000861497206695491,0.00166182814651387
"ENSG00000270629",-0.309418076699741,3.14836399701162,11.3744741332167,0.000861522849872405,0.00166182814651387
"ENSG00000171033",0.947524403315815,3.30593110534393,11.3736334127516,0.000861895908703287,0.00166237145148413
"ENSG00000184047",-0.297874492420133,0.234791120728453,11.3696482368893,0.000863666517884143,0.00166548772836767
"ENSG00000091513",-1.33558590000497,5.25288247231762,11.3695847437888,0.00086369475775038,0.00166548772836767
"ENSG00000185507",0.485488742041903,5.37903551996471,11.3634029681269,0.000866448736646397,0.00167062118330591
"ENSG00000168918",-0.421796878863492,4.89550701534873,11.3573190411335,0.000869167854134043,0.00167568633993958
"ENSG00000108669",-0.268004825464095,6.09981421917251,11.3480240483827,0.00087333889568935,0.00168337913131945
"ENSG00000247572",0.282390481992654,2.35771960146083,11.3480145578067,0.000873343164896101,0.00168337913131945
"ENSG00000110455",-0.413310300431153,3.41545361101448,11.3450990221268,0.000874655685506239,0.0016857303812639
"ENSG00000165006",-0.227964115236515,6.07792139795517,11.3422870817727,0.000875923472095497,0.00168799492588185
"ENSG00000266910",-0.489451131764399,-0.150244934069344,11.3322045237304,0.000880484679675538,0.00169660508040456
"ENSG00000186777",-0.740841095804699,0.346729702056263,11.330306084303,0.000881346208844675,0.00169808525915963
"ENSG00000181649",-0.617323097733627,3.4116200586828,11.3272732750421,0.000882724306713976,0.00170050425537326
"ENSG00000134042",0.49184460691578,0.891764629546366,11.3271316445852,0.000882788716694213,0.00170050425537326
"ENSG00000101439",0.60635987145709,7.85355918080471,11.3216266440674,0.000885295964368017,0.00170515334109134
"ENSG00000254505",0.356690921963676,-0.241114908854831,11.3186228772289,0.000886667083707497,0.00170761339670393
"ENSG00000188522",-0.387699567510301,4.46738475737725,11.3178412563162,0.000887024221978467,0.00170812033344038
"ENSG00000147604",-0.364506307293393,9.84203614788193,11.3136935199382,0.000888921858409632,0.00171159334752852
"ENSG00000116903",0.262654622740951,4.87117943680215,11.3112811282455,0.000890027455765082,0.00171354073943636
"ENSG00000188107",0.528194837895426,-1.0379011470457,11.3061766118913,0.000892371470105885,0.00171787175045362
"ENSG00000156017",0.268642641205667,4.63712970562573,11.3015502602857,0.000894501339433206,0.00172178964563564
"ENSG00000173805",-0.938664782258061,0.516780816039189,11.2959408062497,0.000897090751950323,0.00172659117422989
"ENSG00000113448",-0.685125498946799,3.97253844082374,11.2947220483127,0.000897654358461258,0.00172749311942581
"ENSG00000108785",0.487748845819302,-0.567745771212195,11.2904862062095,0.000899616001322314,0.00173108504359397
"ENSG00000103449",0.707831388527851,0.715863028251632,11.2887085968628,0.000900440522249051,0.00173248833372112
"ENSG00000197054",0.422649403575262,0.893568962829353,11.2870734798266,0.000901199629431439,0.00173376548128824
"ENSG00000147676",0.448334249723554,8.24586808390382,11.2856035595608,0.000901882599824339,0.00173489589905924
"ENSG00000182195",-0.476863608691808,5.9623781502271,11.2842215109997,0.000902525223042496,0.00173594847257793
"ENSG00000211668",-1.16150284101756,5.38722067951348,11.2804631641621,0.000904275133561368,0.00173913039327632
"ENSG00000273619",-0.50385566344341,0.900514112293767,11.2797702005811,0.000904598158924756,0.00173956770083775
"ENSG00000108556",-0.480361685985006,-0.143620561617794,11.2775211614309,0.000905647359563199,0.00174140122378005
"ENSG00000272842",0.399589830603234,-1.43720401888274,11.2749371655995,0.000906854350950414,0.00174353773098162
"ENSG00000182670",0.282247578264852,8.3982960213659,11.2743324680813,0.000907137043225785,0.0017438968969655
"ENSG00000137225",0.468003164449569,-0.37258257817734,11.2734618385346,0.000907544214666438,0.00174449526277248
"ENSG00000164070",-0.588950010878324,4.53818446119588,11.2690892717102,0.000909591969959703,0.00174824672404386
"ENSG00000189366",0.856706414522752,1.0409081129282,11.2653364961797,0.000911353217083887,0.00175144677856316
"ENSG00000169682",0.364906635862752,-0.983006836749543,11.2648659742268,0.000911574286630231,0.00175168654254946
"ENSG00000151320",-0.526291840797009,2.03050034867852,11.2587049268932,0.000914474030813743,0.00175707306913589
"ENSG00000105298",-0.275085334089281,3.68883587442991,11.2572586874451,0.000915156074722531,0.00175819781208972
"ENSG00000136527",-0.149037931457669,7.31117238181089,11.2567419772064,0.000915399879918236,0.00175848046218345
"ENSG00000117477",-0.544942485918758,-0.221762146912769,11.2559260254119,0.000915785014318959,0.00175903451689019
"ENSG00000232284",-0.663522200794666,-0.900577951062285,11.2531439136657,0.000917099429566147,0.00176137322333148
"ENSG00000104835",-0.314696103853411,0.643129691016473,11.2524368239708,0.000917433801840533,0.001761829372598
"ENSG00000137492",-0.316747310122407,6.02976224657508,11.2498577963815,0.000918654438463168,0.00176398721777535
"ENSG00000183077",0.365635651785455,5.08762325098146,11.2476356011647,0.00091970751508251,0.00176582289499849
"ENSG00000106153",-0.316070066833968,7.9086502817448,11.2391022908276,0.000923762804748124,0.00177342177462095
"ENSG00000085511",-0.247136142383589,5.20537017230493,11.2317374164182,0.000927277456285341,0.00177985528507522
"ENSG00000257511",-0.292218376486735,0.426928478820828,11.231669998458,0.000927309692180164,0.00177985528507522
"ENSG00000242498",0.372461954391324,5.4488765805755,11.2309163828573,0.00092767011113752,0.00178035918343033
"ENSG00000157315",-0.276318740235298,-0.992172110468741,11.229586797691,0.000928306337203876,0.00178139224109138
"ENSG00000115282",0.181748319319138,4.71398768434763,11.2270558722495,0.000929518650558918,0.00178353045852575
"ENSG00000078295",-0.945773555486394,3.58799691260515,11.2243000317146,0.000930840531976108,0.00178587843835247
"ENSG00000179104",0.507448057816703,4.52134748159429,11.2229247568588,0.000931500919691756,0.00178695693780758
"ENSG00000172534",-0.185223662105218,7.01183555669451,11.2138747477158,0.000935858524298219,0.00179512706601308
"ENSG00000152767",-0.419475646996543,7.15496224255083,11.2101541854769,0.0009376560019344,0.00179838525394737
"ENSG00000198829",0.661535989307633,2.04398842772106,11.2090349950853,0.000938197392675479,0.00179923388633294
"ENSG00000239779",0.367993240028339,2.00155915713585,11.2044485020205,0.000940419364096089,0.00180330494403581
"ENSG00000100109",0.21879491531522,4.90395393354047,11.2011605822358,0.00094201552642868,0.00180617524717319
"ENSG00000198482",0.307733837838861,2.89711900260981,11.1986688199509,0.000943227021618443,0.00180830748067843
"ENSG00000250182",-0.313686778229961,1.94982234585931,11.1967040405555,0.000944183416456362,0.0018099111291763
"ENSG00000055950",0.270148592933955,5.32134403328262,11.1965416251727,0.000944262519504834,0.0018099111291763
"ENSG00000054267",0.256549133499289,6.5098556188882,11.187563933111,0.000948645543344568,0.00181810223751271
"ENSG00000167775",-0.474910974917189,5.17915695881266,11.187379325371,0.000948735888290801,0.00181810223751271
"ENSG00000142961",-0.252803233415227,4.13998316767397,11.1868102152387,0.000949014459522464,0.00181844447848658
"ENSG00000108381",0.724101380060657,0.00845270589078495,11.1846340373168,0.000950080435861177,0.00182029526676952
"ENSG00000080031",0.886929799678463,0.883655420160437,11.1844067193027,0.000950191855360045,0.00182031698602154
"ENSG00000250451",-0.571613009059144,-0.0519816245597586,11.1834627264175,0.000950654694102482,0.00182101185638083
"ENSG00000111358",0.224769134920073,5.15741000707364,11.1828945731389,0.000950933369748477,0.00182135384677604
"ENSG00000271737",-0.489374278827752,-0.479769758869247,11.1816991639366,0.000951519982235931,0.00182228550457061
"ENSG00000177383",-0.310660880350219,6.13846012034603,11.1806037250335,0.000952057860795067,0.00182312364415042
"ENSG00000152683",-0.203031765021163,5.68684006888995,11.1781803488424,0.000953248879011476,0.00182521219196344
"ENSG00000186871",-0.354243436199623,3.54465364091409,11.1764636352963,0.000954093511437184,0.00182663713537047
"ENSG00000165916",-0.271579019557141,7.04960887759455,11.1749064433516,0.00095486031761993,0.00182791279411339
"ENSG00000166073",-0.446586274044944,3.79127026682212,11.1727202047064,0.000955937943866167,0.00182978313229192
"ENSG00000287265",-0.506072848179105,-1.01199130132697,11.167906860185,0.000958314873410667,0.00183413984190184
"ENSG00000236137",-0.433235941364781,-0.953164424862451,11.1592389081836,0.000962610479682138,0.00184216744575534
"ENSG00000164104",-0.343058248974991,7.58204281368102,11.155031344185,0.000964702701533559,0.00184587002147324
"ENSG00000171827",-0.317427537683896,3.64163187251454,11.1549399298049,0.000964748208935814,0.00184587002147324
"ENSG00000260853",0.341701591697367,1.13147759958039,11.1525518789165,0.000965937790165003,0.00184795167008742
"ENSG00000242861",-0.428030666988398,2.63369819667192,11.1505542329665,0.000966934042988003,0.0018496630599354
"ENSG00000225465",-0.787518898860556,-0.0493680522359562,11.1456591768269,0.000969379699702749,0.00185414638533953
"ENSG00000197077",-0.358583172400014,6.70506929471326,11.1413210457108,0.000971552372415493,0.00185810668238622
"ENSG00000061676",-0.256574789803475,7.98471127379158,11.1397767469734,0.000972327002385321,0.00185939265265316
"ENSG00000168067",-0.262932121535306,4.81145839077781,11.1352753507723,0.000974588522192294,0.00186352145097071
"ENSG00000165124",0.566783027033411,4.18144320404011,11.1316008015089,0.000976438602049707,0.00186685021496765
"ENSG00000168785",0.616333732061144,5.13691469256298,11.1314101491261,0.00097653469019146,0.00186685021496765
"ENSG00000176659",-0.533389047855861,-1.26290516889698,11.1253693233865,0.00097958423777812,0.00187248324925995
"ENSG00000170624",0.576598315732839,3.89608876379432,11.124377543103,0.000980085837449171,0.00187324518826456
"ENSG00000186300",0.265568467905724,2.9095990683454,11.1230085767624,0.000980778631355124,0.00187437235968131
"ENSG00000179583",-0.566517222057224,5.19026167852959,11.1189477358959,0.000982836640189059,0.00187810809117027
"ENSG00000156482",-0.341669928931563,8.38548038852952,11.1164578106438,0.000984100693590379,0.00188032602321902
"ENSG00000158109",-0.259787776281398,6.12660906735049,11.1134997278281,0.000985604567667081,0.00188300166772362
"ENSG00000240065",-0.548064776938509,5.73866905380572,11.1086414592023,0.000988079567651119,0.0018875318954352
"ENSG00000086598",0.251340138860655,8.82026202473346,11.1066252457189,0.000989108566853209,0.00188912333279593
"ENSG00000106628",-0.283642030497051,6.92051193294918,11.1066021086494,0.000989120381472159,0.00188912333279593
"ENSG00000172348",-0.400405693230453,3.59665995934751,11.1026847358665,0.00099112280667939,0.00189274901384762
"ENSG00000249740",-0.639675502333216,-0.556104507670705,11.1019338530499,0.000991507103296575,0.00189328411493523
"ENSG00000160199",0.148369671710228,4.69308557799829,11.0946015605832,0.000995267706394143,0.00190026548854679
"ENSG00000182179",0.399103490688001,5.27863277854572,11.0943033470652,0.000995420961929701,0.00190035860770205
"ENSG00000168488",-0.183542590771873,7.11817613816016,11.091475447578,0.000996875448997551,0.00190293562829213
"ENSG00000078043",-0.249618759622112,5.09370551213651,11.0878137436181,0.000998762007610977,0.00190633680285743
"ENSG00000120868",0.335068885736808,4.54552808103129,11.0815580603036,0.00100199343673574,0.00191230394830531
"ENSG00000120948",-0.148638328229395,6.61618618715342,11.0787948268198,0.0010034241987993,0.0019148336300243
"ENSG00000079313",-0.233003699639176,4.45954187283392,11.0745274315694,0.00100563788374349,0.00191885667535949
"ENSG00000197016",-0.375928712614926,3.26735913003803,11.0584343301743,0.00101403093202556,0.00193466847704614
"ENSG00000196748",0.833737281841997,0.0394875731165401,11.0511897775177,0.0010178324469717,0.00194171769934144
"ENSG00000173208",-0.602643317426509,0.75963568658814,11.0503492081041,0.00101827446727035,0.00194216294589517
"ENSG00000101052",0.246233569111861,5.38923431658373,11.0503398168076,0.00101827940686477,0.00194216294589517
"ENSG00000081189",-0.351334183886153,4.68430348232045,11.0390068284951,0.0010242581079694,0.00195336127374933
"ENSG00000197859",0.478333224977827,2.92522350740197,11.0386236003685,0.00102446090328788,0.0019535431860977
"ENSG00000183248",0.591506975628666,4.78343202180469,11.0365715388011,0.00102554750215122,0.00195541020747734
"ENSG00000113638",-0.262503383463169,3.99396963707817,11.0363193297567,0.0010256811317968,0.00195546000263314
"ENSG00000196664",0.499140413663868,3.45662242568669,11.0352527565083,0.00102624643774869,0.00195633269151799
"ENSG00000270605",0.53215919119338,0.6937294824249,11.0311000848741,0.00102845046517098,0.00196032876341751
"ENSG00000178028",-0.26252347781332,5.01215908692697,11.0299929693503,0.00102903887966255,0.00196124480177119
"ENSG00000091972",-0.36791684879141,3.66214116846834,11.0274714164019,0.00103038032580237,0.00196359570051274
"ENSG00000114988",0.217341408161012,5.1656468129573,11.0252544927327,0.00103156118313312,0.00196564010464381
"ENSG00000225963",0.618195440105717,-1.09608337592366,11.0248103737915,0.00103179791138554,0.00196588523070188
"ENSG00000213949",0.339040496426498,5.75602342187418,11.0189385780024,0.00103493295638673,0.00197165189177352
"ENSG00000261051",-0.563414008406039,-0.601419298890006,11.014519653915,0.00103729868820863,0.00197595187904677
"ENSG00000163995",-0.515016328140369,2.33232295921652,11.0134489544407,0.00103787273057818,0.00197683833110859
"ENSG00000281912",-0.447858003614399,0.729553113726013,11.0087568530705,0.00104039216222649,0.00198142959650005
"ENSG00000273893",0.343423122193925,0.0512923439813212,11.0083137517613,0.00104063040795521,0.00198167583079147
"ENSG00000214867",0.427095822978894,-1.34915985321276,10.9984446008644,0.00104595126054861,0.00199159982483859
"ENSG00000213445",-0.307828606412418,5.30821869447198,10.9935314865433,0.00104861044152085,0.00199645417255115
"ENSG00000101882",0.196948882443452,4.41933280179299,10.9861662423651,0.00105260972457007,0.00200385866343734
"ENSG00000147548",0.472225454595252,7.23861436687656,10.9856513033602,0.00105288991385126,0.0020041822870881
"ENSG00000230555",0.356854618269685,0.168916133645401,10.982471405624,0.00105462184813454,0.00200726895917445
"ENSG00000155256",0.214031221058178,4.83000930042843,10.9789266895476,0.00105655590240248,0.00201073964140382
"ENSG00000278396",-0.382374054227247,-1.53986194391889,10.9762953000206,0.00105799396752285,0.00201326577540339
"ENSG00000182134",-0.31629490446149,5.09159493613703,10.9735348071983,0.00105950473149623,0.00201592970566517
"ENSG00000177606",-0.382701634635349,7.28208415623925,10.9687248833717,0.00106214236235196,0.00202073695465035
"ENSG00000163053",0.625073720530219,3.93625496789455,10.9684150751986,0.00106231248184228,0.00202084922285821
"ENSG00000262097",0.495911584716589,-1.18465664648357,10.9671715907335,0.00106299557386719,0.00202193719906886
"ENSG00000254614",-0.502527009899237,0.879967433181808,10.9668992363881,0.00106314524791777,0.0020220104328274
"ENSG00000068078",0.895831807756446,4.94298883227263,10.966203131152,0.00106352789452306,0.00202252669861829
"ENSG00000260007",-0.342004500632375,-0.118294752020933,10.9622224329324,0.00106571876737884,0.00202648122750511
"ENSG00000270060",0.376993546101593,-1.04672804021708,10.9491003376391,0.00107297344376003,0.00203992961469353
"ENSG00000180573",0.541081784374279,6.54676200783521,10.9490244607327,0.00107301553902425,0.00203992961469353
"ENSG00000254682",-0.525732436073644,1.90907648503233,10.9477672358503,0.00107371327174965,0.00204104274525319
"ENSG00000180385",-0.370119566308355,1.36170530567382,10.940881559805,0.00107754288075847,0.00204810846642648
"ENSG00000092201",0.216958283725463,7.69510836768821,10.9365184653771,0.00107997670474111,0.00205251999016002
"ENSG00000178053",-0.36394171816449,5.15700473432605,10.9273339720251,0.0010851183254421,0.00206207628284827
"ENSG00000096746",-0.190427492055255,6.7253502797402,10.9189317523343,0.00108984386082572,0.00207083996455266
"ENSG00000211445",-0.516748133506498,5.82738467301182,10.9133308331322,0.00109300554467044,0.00207663061176914
"ENSG00000101460",-0.502157581524245,4.08523435662452,10.9068225297299,0.00109669118298046,0.00208341542051897
"ENSG00000151575",0.483637962484107,2.55682999445298,10.89803998835,0.00110168480044625,0.00209268335775628
"ENSG00000196345",-0.417238649530735,1.47582802548692,10.892717977251,0.00110472208110965,0.00209823362690291
"ENSG00000144810",0.562697194664512,6.66994055514359,10.8909893642697,0.0011057104380499,0.00209989155761215
"ENSG00000120658",0.510229398992708,2.02869059694441,10.888803395051,0.00110696158459696,0.00210204816252343
"ENSG00000163626",0.233129329759953,4.4406715675684,10.8865223576614,0.00110826868177064,0.00210431055267193
"ENSG00000140564",-0.41046527091836,7.31835758647369,10.8773231055327,0.00111355608691099,0.00211412923890784
"ENSG00000253320",0.452285311865336,2.38885166179101,10.8710568286255,0.00111717243264998,0.00212077363584573
"ENSG00000165502",0.281669248644566,6.99771401240531,10.8675070756515,0.00111922634638367,0.00212445092757527
"ENSG00000124587",-0.384805311072187,5.55932586894794,10.8663448444579,0.00111989965789087,0.00212550714574968
"ENSG00000276293",0.364828646822035,6.87733107336291,10.8642810267596,0.0011210962998657,0.00212755629194045
"ENSG00000100097",-0.44363690717332,8.49690262723679,10.8631511919269,0.00112175195205845,0.00212857845634211
"ENSG00000178977",0.401494192574858,1.56073760108373,10.8539805770438,0.00112708821089831,0.00213848115791972
"ENSG00000156735",0.471817575771562,5.61028959911355,10.8532551756136,0.00112751141475143,0.00213888738580675
"ENSG00000130479",-0.270282056577462,4.96167521304662,10.8532104533986,0.0011275375112775,0.00213888738580675
"ENSG00000092096",0.526204077389914,4.42016265115407,10.8506873296803,0.00112901081413449,0.00214145882651769
"ENSG00000101337",0.201370393958701,7.15670503929167,10.8427997193482,0.00113362921320163,0.00214999459121076
"ENSG00000136810",-0.308174569980651,7.74396971730027,10.8367575077807,0.00113718010272549,0.00215650419230229
"ENSG00000234814",-0.415982833421847,-0.403834624151336,10.8349402502725,0.00113825028491727,0.00215830860947407
"ENSG00000138722",0.826663551234206,1.76986670891057,10.8314672310211,0.00114029840034921,0.00216196677843755
"ENSG00000120833",0.596479636011894,3.43242165020612,10.8300676571937,0.00114112482092368,0.00216330813455908
"ENSG00000119943",-0.46573748694033,3.04031000433506,10.8295749169172,0.0011414159195244,0.00216363447048566
"ENSG00000225377",0.321535273226418,2.5495178745335,10.827309771908,0.00114275508423581,0.0021659472146812
"ENSG00000152952",-0.452372323294714,6.89395243844047,10.8236089491455,0.00114494647444435,0.0021698745938516
"ENSG00000112282",0.320647043917144,5.73013348954215,10.8161677644,0.00114936563832627,0.00217802273701586
"ENSG00000188177",0.295059425417248,4.07380565134588,10.8149643707413,0.00115008193972638,0.00217915307008474
"ENSG00000117595",-0.436942930942336,7.69068909712157,10.8112067155143,0.00115232155513026,0.00218316921299054
"ENSG00000108797",0.38727165215868,2.77764817256916,10.8093366490076,0.00115343779692677,0.00218505641605084
"ENSG00000065548",-0.205474264418246,6.53138008810904,10.8076060276687,0.00115447178569487,0.00218678742326789
"ENSG00000255823",-0.705978118096275,-0.0145920806469239,10.8072581344618,0.00115467975433206,0.00218695359489654
"ENSG00000231856",-0.372153182302231,1.03744515873394,10.8064244413674,0.00115517828684354,0.00218767000011561
"ENSG00000013725",-0.538076791820128,3.71857228299819,10.8031487297236,0.00115713922475734,0.00219115546276798
"ENSG00000243927",-0.280437589790869,4.96445261866837,10.7973183627036,0.00116063785129351,0.00219755165930943
"ENSG00000094975",0.36230770961717,7.14098363419672,10.7971099267658,0.00116076312677652,0.00219756008637569
"ENSG00000083642",0.254474244805522,5.86003516560757,10.7968392554502,0.00116092582792536,0.00219763935869134
"ENSG00000135486",-0.21882128494102,9.25509800687337,10.7952138302257,0.00116190336371735,0.00219926094071091
"ENSG00000065308",-0.270920261508875,5.96764718394296,10.7947168466218,0.00116220241862309,0.00219959808427853
"ENSG00000274460",0.423757761309134,-0.101475880578242,10.7935834117314,0.00116288474519829,0.00220066046672214
"ENSG00000082898",-0.178670620813803,7.84565211469446,10.7896426791563,0.00116526024073906,0.00220492647300896
"ENSG00000214535",-0.36488977745494,0.43453372627126,10.7878367668241,0.00116635050659729,0.00220657156996981
"ENSG00000188282",-0.892778706269199,1.05170932227048,10.7878007148638,0.0011663722824769,0.00220657156996981
"ENSG00000135596",-0.363222424968111,5.22822598335165,10.7826983835834,0.00116945834332443,0.00221217975542223
"ENSG00000184634",-0.20966417949441,6.25675552611929,10.7728059341312,0.00117546535661161,0.00222331155428993
"ENSG00000101901",0.232001290979353,4.71933456352325,10.7482710119131,0.00119049983351031,0.00225151408670953
"ENSG00000168003",-0.318706528056973,7.88126161171781,10.747181447302,0.00119117202232972,0.0022525511272752
"ENSG00000116544",-0.833022645845253,0.708687796928033,10.745868949406,0.00119198225980161,0.00225384898027568
"ENSG00000269696",-0.405446309943462,-0.578641057655603,10.7400335437303,0.00119559140621167,0.00226043830521599
"ENSG00000083093",0.19718033767371,4.46982982735084,10.7351677475999,0.00119860937229445,0.00226590866472211
"ENSG00000173391",0.534615920525799,4.60167130511609,10.7347898157968,0.00119884410578875,0.00226611687758114
"ENSG00000197483",-0.298160767968085,2.51750154486104,10.7333965920816,0.00119970984202372,0.00226751767709938
"ENSG00000159352",-0.265159264612713,7.75464009398348,10.7326764050131,0.00120015760935183,0.00226812828334281
"ENSG00000104129",0.313733577339245,3.42706616880143,10.727880834411,0.00120314354205535,0.00227353503822367
"ENSG00000227232",-0.462681300935887,-0.518686034721808,10.7253307821593,0.0012047343989792,0.00227630472144543
"ENSG00000244437",-0.954963522422869,5.52142752456773,10.7238466013123,0.00120566129604675,0.00227781942998839
"ENSG00000125534",0.382269536763714,7.98835337136193,10.7115727091821,0.00121335447216741,0.00229211582257798
"ENSG00000249592",0.351317442735846,1.90551928612401,10.7113457765531,0.00121349718182924,0.0022921473406491
"ENSG00000004700",-0.356638572488298,5.06040772465509,10.7108556330167,0.00121380547362317,0.00229249158403512
"ENSG00000134569",-0.53070806716895,2.47992796006013,10.7076857086804,0.00121580122970275,0.00229602250709518
"ENSG00000223959",-0.258323048964324,3.74114700592294,10.7016693252112,0.0012195982941376,0.00230295408780884
"ENSG00000266601",0.35133124858416,-1.45229202324593,10.6975033719618,0.00122223459414409,0.00230769259818257
"ENSG00000287737",0.469196074380827,0.0953597268151307,10.6815147569792,0.00123240655718837,0.00232665668072889
"ENSG00000196873",0.437209218323606,0.693003422117714,10.6812368899119,0.0012325840971331,0.00232675034339978
"ENSG00000152117",0.303938055398331,4.45730225763544,10.6806256725147,0.00123297471915995,0.00232724618016617
"ENSG00000215277",0.553227946977789,-1.44801152966933,10.6793417414602,0.00123379567574596,0.00232855408845778
"ENSG00000103194",-0.207062690295173,6.63596461910903,10.6785726639089,0.0012342876973736,0.00232924098773926
"ENSG00000166133",-0.233492925542616,3.37939649208578,10.6761217149001,0.00123585704030437,0.00233196056116359
"ENSG00000125355",0.542268184997995,1.16811529951664,10.6604922320398,0.00124591255373868,0.00235069061487542
"ENSG00000102383",-0.658068358019015,1.75393862601571,10.6601784935057,0.00124611525478999,0.00235082919345714
"ENSG00000109736",-0.322238528022996,6.33128367435746,10.6575661124896,0.0012478043749019,0.00235377162110721
"ENSG00000177485",-0.287076335876251,5.93312290781334,10.6570554709692,0.00124813481941959,0.00235415079286566
"ENSG00000090659",-0.612644872859059,1.90504008663408,10.6496468725107,0.00125293909300196,0.00236296725669013
"ENSG00000115806",-0.185681676515342,7.18919475911421,10.636587774707,0.0012614535098908,0.00237877827246178
"ENSG00000171291",-0.462700159202212,3.24642855547735,10.6361566149081,0.00126173562594646,0.00237906360820176
"ENSG00000137496",-0.438728234799131,4.1981520923974,10.6342817347812,0.00126296314378514,0.00238113130083592
"ENSG00000177707",-0.573015402707352,2.27624849791782,10.6333521499399,0.00126357221110756,0.00238203268818661
"ENSG00000165072",-0.701558632024676,1.75673262671276,10.6326729042502,0.00126401744463815,0.00238262506820174
"ENSG00000255240",-0.748002849392893,1.41326521619339,10.6269144858025,0.00126779841681596,0.00238950441503095
"ENSG00000114686",-0.23035483191973,6.89694278451684,10.6238407397592,0.00126982135309494,0.002393069191803
"ENSG00000163312",0.184043185149077,3.40497341752068,10.6229400933876,0.00127041472205515,0.0023939393871466
"ENSG00000116459",-0.195372228521896,7.19289732775168,10.6225053424297,0.00127070124829419,0.00239423125494403
"ENSG00000162191",-0.318263084268726,6.13293867805531,10.6203848792139,0.00127209970175466,0.00239661791749676
"ENSG00000137145",0.327482464837122,5.87830334444345,10.6170381127968,0.00127431009985305,0.00240035563795059
"ENSG00000187630",0.324316336302878,3.45984740742529,10.6169813938892,0.00127434759402083,0.00240035563795059
"ENSG00000112110",-0.261222086151755,5.81689082440094,10.6143657192762,0.00127607791426993,0.00240336596300523
"ENSG00000136738",-0.229996758156355,5.18518964099475,10.6117334379804,0.00127782163816799,0.00240640090650232
"ENSG00000134207",-0.739876003349577,-0.693418086176231,10.6115156735539,0.00127796600240329,0.00240642361028171
"ENSG00000156521",0.304764821824272,5.06647053815522,10.6087893566991,0.00127977478821533,0.00240955553612731
"ENSG00000184060",0.30975413359913,3.90283725063981,10.6086094830149,0.00127989421786485,0.00240955553612731
"ENSG00000147649",0.275803516587442,8.29241155741488,10.6060415305501,0.00128160048533872,0.00241251807362251
"ENSG00000104047",0.24515988747228,4.36702857054221,10.6044990854165,0.0012826264724306,0.00241419955299262
"ENSG00000102359",0.474428707855699,4.49282763693134,10.6039984437336,0.001282959663852,0.00241457681768834
"ENSG00000163075",0.779956787127466,-0.0190334382642661,10.5975727504501,0.00128724398982213,0.00242238941405948
"ENSG00000265354",-0.234541047361169,6.13813926611595,10.5892749595128,0.00129279812265812,0.00243258972221248
"ENSG00000272040",0.357675522440551,-0.659642079236405,10.588487036534,0.00129332678798972,0.00243333274231479
"ENSG00000278765",0.40299704193125,-0.904317657646739,10.5808912691418,0.00129843456669391,0.00244269010126488
"ENSG00000005102",-0.767607860231397,1.97063651879567,10.579567694888,0.00129932670682837,0.00244411564213408
"ENSG00000150394",-0.751259375185204,-0.35765280749412,10.5780279618551,0.00130036533271025,0.00244581640861779
"ENSG00000060656",-0.580367948302719,5.95830376184194,10.5776822609657,0.00130059864134114,0.00244600228401538
"ENSG00000122126",0.24860475996521,6.17976526446358,10.5763617869297,0.00130149020344835,0.0024474259533001
"ENSG00000196118",0.465726177086766,-1.48252211485159,10.5760288017982,0.00130171512782677,0.00244759585908335
"ENSG00000178445",-1.17767000456268,3.79570295693392,10.5753573514678,0.00130216879878402,0.00244819579411657
"ENSG00000198960",-0.302355382187366,3.84499666888865,10.5683227948572,0.00130693145698179,0.00245689605577103
"ENSG00000138028",-0.602230089621797,4.21817404433843,10.5670137286184,0.00130781970185172,0.00245786024731177
"ENSG00000133773",-0.263220253726657,4.8261431217987,10.5669929344121,0.00130783381637535,0.00245786024731177
"ENSG00000150760",0.2891769154422,6.16581433561678,10.5669694426331,0.00130784976212246,0.00245786024731177
"ENSG00000005844",0.498568523498466,4.97637573445501,10.5667178506744,0.0013080205501129,0.00245792724098082
"ENSG00000149823",-0.319624320543047,5.61849233408773,10.5622044621857,0.00131108823606415,0.00246343727660484
"ENSG00000134419",-0.294487893934812,6.26464417883733,10.5591911976335,0.00131314039143981,0.00246703826459118
"ENSG00000100266",-0.297948194241718,6.61609488384928,10.5580340899084,0.00131392929868752,0.00246826544975507
"ENSG00000184203",0.231099651754127,6.14799730544706,10.5574217916901,0.00131434695444157,0.00246879504362111
"ENSG00000128245",-0.235258514008149,7.63228913707012,10.5554840573388,0.00131566959781837,0.00247102423018593
"ENSG00000170525",0.42938511110829,6.83192226858013,10.5551042675908,0.00131592899070351,0.00247125621919622
"ENSG00000234432",0.533152874738474,0.43717778676985,10.5508978938707,0.00131880539413348,0.00247640228252114
"ENSG00000100197",-0.51638281014458,-0.000767956098100901,10.5506616326878,0.00131896714431401,0.00247645033764667
"ENSG00000073803",-0.314834350253646,5.6471877507527,10.5488746881544,0.00132019118541407,0.00247849270027985
"ENSG00000170191",-0.237994787429744,3.74052939767968,10.5481483477591,0.00132068905311164,0.0024791714829182
"ENSG00000113231",0.630318326518901,1.80697405213538,10.5447565277268,0.00132301650061663,0.00248328422221003
"ENSG00000130396",-0.36435583596296,7.37051356802412,10.5426475925242,0.00132446574789382,0.002485747912774
"ENSG00000103254",0.478028916834564,3.40633871595494,10.5346321151709,0.00132998871692658,0.00249585583816144
"ENSG00000273369",0.393071668672634,-1.75237919768885,10.5307805134786,0.00133265096402492,0.00250059380312444
"ENSG00000122203",0.209266546349146,6.62523372577224,10.5282291001467,0.00133441750530474,0.00250365025649707
"ENSG00000146872",0.255834268523683,5.66463001377158,10.5258243845727,0.00133608466193135,0.00250651963189349
"ENSG00000064703",-0.198792840741118,4.81910417616125,10.5255354087278,0.00133628514784037,0.00250663719770222
"ENSG00000197150",0.265701774373862,5.21181339870739,10.5207513471515,0.0013396086990725,0.00251261245939266
"ENSG00000100036",-0.361927536116404,2.29804139970721,10.5200378177896,0.00134010511917816,0.00251328437900726
"ENSG00000280063",0.482125156942307,0.667469962273125,10.5196403687366,0.00134038171569115,0.00251354393700285
"ENSG00000175170",0.540978678357956,-0.20079441864725,10.5160194262957,0.00134290431864696,0.00251801481933515
"ENSG00000154175",0.813321788272933,4.71250327019982,10.5154879928061,0.00134327495970285,0.00251845015638341
"ENSG00000148334",-0.294790895847666,5.39652752392101,10.5140695404715,0.00134426475079405,0.00251979949040188
"ENSG00000115365",0.26454132800118,6.37840424077061,10.514059524349,0.00134427174265281,0.00251979949040188
"ENSG00000261068",-0.570157460782426,1.59866308109529,10.5105728183393,0.00134670792864345,0.00252410591572209
"ENSG00000176390",-0.239079239593342,4.25135617519937,10.5098646522612,0.00134720327900125,0.00252477416161512
"ENSG00000259291",-0.456466684642243,2.77803464801839,10.5084956857068,0.00134816137501161,0.00252630940538956
"ENSG00000279631",0.502412737526783,-0.33039218315196,10.5035899344513,0.00135160046316213,0.00253249296631223
"ENSG00000163703",0.282221843202519,1.26424970819094,10.5033607385793,0.00135176135532645,0.00253253353220823
"ENSG00000211959",-0.944800070109537,5.46797087109216,10.4991187488562,0.00135474269831871,0.00253785767813582
"ENSG00000100644",-0.365890389271032,7.25089966515034,10.4984200932045,0.00135523436813797,0.00253851726958737
"ENSG00000129559",0.261402836590799,4.85765824173925,10.4923321490121,0.00135952638734716,0.00254629450448667
"ENSG00000280670",-0.37210912108392,2.14107944379066,10.4915978665825,0.00136004499449819,0.00254700353788438
"ENSG00000113734",0.230812063361166,3.39382739547525,10.4904850295087,0.00136083135081398,0.00254821379682947
"ENSG00000160695",0.174373759991012,5.64979084092645,10.4883473306782,0.00136234319891766,0.00255078218055533
"ENSG00000185404",0.440712020560429,4.06766558824051,10.4834254398072,0.00136583063003066,0.00255704863602652
"ENSG00000128881",0.284775396090127,3.55935830559906,10.4805473170667,0.00136787415522684,0.00256061086200759
"ENSG00000133250",-0.306246576445222,3.23935718358561,10.4793606908969,0.00136871759114581,0.00256192606234023
"ENSG00000164176",0.657898296503216,5.13724646048925,10.4754613705378,0.00137149290530493,0.00256685665380593
"ENSG00000133433",0.705042198374942,0.465421339171722,10.4742015012734,0.00137239083447364,0.00256827291875776
"ENSG00000103495",0.265124674533716,4.33323657877969,10.4716388977637,0.0013742190935258,0.0025713202954836
"ENSG00000131446",-0.210733155856865,7.18974931906263,10.4715227873566,0.00137430198990521,0.0025713202954836
"ENSG00000130024",-0.263841586569423,6.23069157218306,10.4708514574273,0.00137478138215315,0.00257195266185985
"ENSG00000211460",-0.186543193089423,6.93959745115805,10.4649084703618,0.00137903267317129,0.00257964067259482
"ENSG00000077458",-0.265552037865417,4.24954035335603,10.454585801081,0.0013864488430089,0.00259324676641771
"ENSG00000101150",-0.222679223562471,7.36426683119772,10.4519985491417,0.00138831398186369,0.00259646834983412
"ENSG00000141298",0.274860170500746,5.16648577872227,10.4508315617042,0.00138915609522181,0.00259777617313327
"ENSG00000122033",0.2518278084112,4.80482942336467,10.4496489455054,0.00139001001789416,0.0025991058091353
"ENSG00000177025",0.529041599112403,-0.138299995554978,10.4489928684887,0.00139048397725272,0.00259972477161519
"ENSG00000280213",0.486457094850036,-0.106037571264724,10.4456189056685,0.00139292398013296,0.00260401905135762
"ENSG00000115339",-0.577414022241734,5.8593495442948,10.4408861823568,0.00139635397947765,0.0026101630193977
"ENSG00000092529",-0.527688290770961,0.524305026673196,10.4399632532094,0.00139702386714447,0.00261114686009902
"ENSG00000175137",-0.232265217459746,5.93719146925973,10.4395807996726,0.00139730155859882,0.00261139752854452
"ENSG00000177096",-0.367255085758021,4.47179001312025,10.4391284986937,0.00139763003745628,0.00261174305160329
"ENSG00000167380",0.237751351678278,3.95459150355641,10.4371603045429,0.00139906033499953,0.00261414725426048
"ENSG00000102181",0.292570663021412,5.45065231438727,10.4344460899375,0.0014010352186102,0.00261756841870388
"ENSG00000204406",0.246874010581474,4.35168058120141,10.4329561092519,0.00140212054849992,0.00261932708875478
"ENSG00000223459",0.444016728117995,0.132405314471135,10.4300560233632,0.00140423548459768,0.00262300862625682
"ENSG00000214425",-0.634818008322589,1.77643674053142,10.4279736023622,0.00140575613133249,0.00262557943280707
"ENSG00000261485",-0.368506905377362,-0.111091547296953,10.4243057893927,0.00140843856404416,0.00263031939653304
"ENSG00000112977",-0.259905633283821,7.69537511160261,10.4219091734049,0.00141019413368445,0.00263332760815736
"ENSG00000138095",-0.245218544866748,8.12013367992019,10.4205782503827,0.00141117002525397,0.00263482499415536
"ENSG00000176933",0.624189014233351,-0.45899208307749,10.4204204965686,0.00141128574296578,0.00263482499415536
"ENSG00000213339",-0.337751235007946,4.81629694400318,10.4199090390265,0.00141166098076959,0.00263525504651928
"ENSG00000253930",-0.384139599472449,-0.381894474199182,10.4170699626036,0.00141374575860795,0.00263887601165449
"ENSG00000188215",0.212225750487853,3.81580434513573,10.4136749618365,0.00141624288302586,0.00264326583442528
"ENSG00000122484",-0.231616554184038,5.09338366239124,10.4132247215203,0.00141657438586748,0.0026436132700757
"ENSG00000265972",0.361330917325002,8.87565252323825,10.4111906362613,0.0014180730283035,0.00264613852865334
"ENSG00000283297",0.575187584796299,-1.22779160397376,10.4072488664682,0.00142098178975899,0.00265107969077721
"ENSG00000166435",0.365892387593707,3.53240258703428,10.4072072524641,0.0014210125305359,0.00265107969077721
"ENSG00000087460",-0.348709859431831,10.9045618449024,10.396797993219,0.00142872332052794,0.00266519176961663
"ENSG00000168395",-0.229002790733755,4.81166450455874,10.3904563753572,0.00143344185748955,0.00267371967018971
"ENSG00000119778",-0.228216437548035,4.77024138174164,10.387005436751,0.00143601623318781,0.00267824684672067
"ENSG00000170468",0.212069188945774,3.93035726399809,10.3852118768897,0.00143735607776258,0.00268030922654021
"ENSG00000125656",-0.292620852894447,5.46129520761432,10.3851306739008,0.00143741676906055,0.00268030922654021
"ENSG00000177034",0.378157172301076,5.07188430202522,10.3824354004429,0.00143943270627422,0.00268379313805387
"ENSG00000265778",0.597944403210935,-0.410386555546547,10.3811376094926,0.00144040442081567,0.00268532960289006
"ENSG00000165195",-0.298818555056934,3.9659197511577,10.377831372688,0.00144288297350934,0.00268967464611948
"ENSG00000128656",-0.439998296309623,4.29044279835593,10.3769177179272,0.00144356867049069,0.00269067708330443
"ENSG00000172757",-0.231262057846554,9.5322138824896,10.3750941628609,0.00144493824050469,0.00269295385985237
"ENSG00000134242",-0.457698642909758,2.74318114800772,10.3617289541689,0.00145501663387059,0.0027114592763154
"ENSG00000163389",-0.213028943003819,4.58790699954362,10.3586837408399,0.0014573229698437,0.00271547896481069
"ENSG00000133961",0.20579115812315,6.10020739636417,10.3573260917146,0.0014583524062324,0.00271711878350286
"ENSG00000155657",-0.539242311721771,3.21364105643369,10.3569298689206,0.00145865298164267,0.00271740043328044
"ENSG00000130635",0.489842447620742,8.63444429024305,10.3516749719216,0.0014626453381405,0.00272455893180043
"ENSG00000112799",0.366348965478737,2.84564466261183,10.3494965584895,0.00146430363239474,0.00272736860890891
"ENSG00000163749",0.687350102287616,0.312885564034453,10.3480199209258,0.00146542879750583,0.00272918482173213
"ENSG00000196652",0.171746230524702,4.43824112254617,10.3470756141416,0.00146614880057986,0.00273024617435716
"ENSG00000127554",0.395986615698615,2.74959381358333,10.3454626496136,0.00146737946792961,0.00273225816571497
"ENSG00000088280",-0.323414396349419,5.72348203462761,10.3415284952064,0.00147038558857465,0.00273757529788062
"ENSG00000267060",-0.456379317108672,-0.120230254677941,10.3404632342205,0.00147120064363196,0.00273881241621065
"ENSG00000167077",-0.479553462102709,1.88829472933362,10.3386839058834,0.00147256307542743,0.00274106818297759
"ENSG00000149547",-0.262248603030338,7.34700982605567,10.3322266877556,0.00147751818588651,0.00275001031159474
"ENSG00000010361",0.382342482361334,3.6798803316579,10.3223928383154,0.00148509713353203,0.00276383369125965
"ENSG00000170373",1.1725312949987,3.63787095061822,10.3204877063806,0.00148656999769886,0.0027662917043326
"ENSG00000131471",0.458795459379506,4.49024205516804,10.3174398240896,0.00148892942533754,0.00277039881207562
"ENSG00000158528",-0.519784717783903,4.75295985231233,10.3149248884736,0.00149087916410676,0.00277374286382711
"ENSG00000149922",0.420495623199378,1.09597598071294,10.3110841501848,0.00149386177648609,0.00277892686959049
"ENSG00000176268",0.419044901190472,-1.50297648267648,10.3109434820068,0.00149397113101253,0.00277892686959049
"ENSG00000125898",0.380550347429994,5.1153979398178,10.3103813476069,0.00149440821215455,0.00277945562559229
"ENSG00000141480",-0.224744107304016,5.53889949603112,10.3057711614765,0.00149799773425392,0.00278584691110536
"ENSG00000250012",-0.376013548592845,0.849154939750523,10.3045706260457,0.00149893392169369,0.00278730295141241
"ENSG00000137965",-0.586946186188284,6.0658405028305,10.3007151460377,0.00150194449456726,0.0027926156682876
"ENSG00000134602",-0.514041881164789,5.42155156022016,10.2995001946476,0.00150289447353697,0.00279409635946954
"ENSG00000205643",-0.282137048863205,3.02351113742158,10.2988204509807,0.00150342623720357,0.00279479930521857
"ENSG00000197429",0.235405833170377,4.23377421904425,10.2966800682544,0.00150510191315804,0.0027976283695982
"ENSG00000136240",-0.238488937570267,8.52168737809393,10.2940296921227,0.00150717949619078,0.00280103169330968
"ENSG00000104147",-0.323491145848762,0.75143127335825,10.2939514373917,0.00150724088313293,0.00280103169330968
"ENSG00000064012",0.263111074131987,4.8954172428852,10.2920934299343,0.001508699146894,0.00280345525988027
"ENSG00000158604",0.196981818638349,7.09233903603547,10.2865964796,0.00151302188075594,0.00281120052785667
"ENSG00000215388",0.364737549125943,-1.4961141182476,10.2859944935782,0.00151349604202868,0.00281179428114583
"ENSG00000010165",-0.232206528704067,6.07219858073117,10.285027243562,0.00151425822517717,0.00281292294959886
"ENSG00000115216",-0.213200634302853,7.20359407812997,10.2831624099504,0.00151572880031818,0.00281536717934917
"ENSG00000173209",0.321378305832155,4.62485960842656,10.2775924345862,0.00152012986514045,0.00282325354714332
"ENSG00000173275",0.226772541998155,3.10288920307175,10.2756724665311,0.0015216499294529,0.00282578812710735
"ENSG00000163157",-0.34576044187137,-0.734916182948484,10.2718210172663,0.00152470384967462,0.00283117035404614
"ENSG00000140497",0.201499032897909,6.91834074001098,10.2681269778945,0.00152763882941715,0.00283633064816651
"ENSG00000223508",-0.373150758104804,0.0545236228574263,10.2653349681114,0.00152986095422173,0.00284016648314635
"ENSG00000140368",-0.555427758608492,2.69642291715925,10.2603243906436,0.00153385708043503,0.00284729460899698
"ENSG00000233117",0.51869892709792,1.20629252779408,10.2560248697701,0.00153729459987457,0.00285338444560861
"ENSG00000129354",0.386078558294115,6.79833905568407,10.2420934749482,0.00154848700299873,0.00287386547046335
"ENSG00000156689",-1.09920461209646,4.87769016988108,10.2416796276885,0.00154882075397055,0.00287419160016492
"ENSG00000180340",0.445632047326729,3.45752939082071,10.2397914549494,0.00155034441987,0.0028767255976939
"ENSG00000198429",-0.398779093246731,2.6047334157445,10.2391025278558,0.00155090073204135,0.00287746429810956
"ENSG00000133687",0.742843512561389,4.9861243718827,10.2349793249958,0.00155423449882718,0.00288335547375242
"ENSG00000183808",0.228283615701597,4.66147240782487,10.2292194499489,0.00155890382086694,0.00289172286526547
"ENSG00000196214",0.203980433113044,5.03391647127815,10.2272039922071,0.00156054105717239,0.00289446468976661
"ENSG00000171951",0.661052409859984,1.31216117237004,10.2260973044837,0.00156144080947708,0.00289583822196075
"ENSG00000143727",-0.230582833495965,6.65371518514798,10.224171244866,0.00156300798459282,0.00289844914598024
"ENSG00000285967",0.355336258503205,3.77997810779394,10.2187608799536,0.00156741882133457,0.00290633229915722
"ENSG00000108424",0.177908526161203,8.31105310007433,10.2145702674252,0.00157084397222834,0.00291238635748105
"ENSG00000011638",-0.313542873899206,5.72670859993083,10.213637833675,0.00157160712461106,0.00291350426892528
"ENSG00000130703",0.208630834583563,6.16528247562864,10.2114623690365,0.00157338910929982,0.00291651050957452
"ENSG00000278811",-0.656859934968883,-0.333827072993025,10.2112235306955,0.00157358487408289,0.00291657614285332
"ENSG00000181220",-0.175151569772941,4.68839137029417,10.2049588304421,0.00157872864407572,0.00292581175651611
"ENSG00000075914",-0.248174327396413,4.40413811763969,10.2022771386555,0.00158093574612995,0.00292960360169246
"ENSG00000112303",-0.655915173045778,1.40824625722833,10.199130260414,0.00158352972357655,0.00293387919858417
"ENSG00000001630",0.523567556636033,1.09383975466208,10.1990867099301,0.0015835656527656,0.00293387919858417
"ENSG00000198825",-0.277797280930281,4.92313137216712,10.1986071215329,0.00158396136864437,0.00293431344193357
"ENSG00000133103",0.259576832253922,4.91872224780448,10.1957813785385,0.00158629498255959,0.00293824427242623
"ENSG00000141556",0.282766446365979,6.88454594830261,10.1956466271026,0.00158640635337726,0.00293824427242623
"ENSG00000075336",-0.23185894296188,4.48075910739637,10.1910885992428,0.00159017822364334,0.00294493040745596
"ENSG00000175324",0.438580396897443,4.08291666302378,10.1886887909012,0.0015921677943466,0.00294831478757646
"ENSG00000188095",-0.71602709359959,1.33603405368895,10.1848016648372,0.00159539582171798,0.00295399157135362
"ENSG00000104679",-0.28707066909172,4.60086872846469,10.1792517157463,0.0016000163013667,0.0029622451638088
"ENSG00000203326",0.297819408908299,4.21472821342394,10.1769011129378,0.00160197735401876,0.00296505987633493
"ENSG00000172939",-0.197701334426692,6.12378214267966,10.1768706772229,0.00160200276189519,0.00296505987633493
"ENSG00000099377",0.357404521337717,4.25246899803992,10.1768432022022,0.00160202569852339,0.00296505987633493
"ENSG00000178691",0.267269694428835,6.11414756807176,10.175336128617,0.00160328434330327,0.00296708746805046
"ENSG00000130475",-0.5233863856452,3.01461388506969,10.1745994223415,0.00160389997663797,0.00296792479144281
"ENSG00000115884",-0.501074368137414,8.78441236528136,10.1734480171735,0.00160486263884777,0.00296940403615089
"ENSG00000231113",-0.287649911297501,0.916077131654693,10.1681791185657,0.00160927536510662,0.00297726582652419
"ENSG00000131469",-0.28465551566752,8.91048782099502,10.1672389845581,0.00161006403209374,0.00297842195033778
"ENSG00000198931",-0.337296455990789,6.56012469214201,10.1649688230594,0.00161197006918107,0.00298164462709908
"ENSG00000286964",0.418165459652886,0.159357895765366,10.1643113786112,0.00161252249207432,0.00298236313665321
"ENSG00000176087",0.184685675151975,6.72042017786927,10.1638005446068,0.00161295185772861,0.00298285392865968
"ENSG00000164109",-0.316228525042634,5.36021339539076,10.1558727275734,0.0016196303105763,0.00299489996835723
"ENSG00000279233",-0.401844512505747,0.881971172513717,10.1509309751762,0.0016238075481997,0.00300231896784144
"ENSG00000058091",0.411156821155256,5.25446864854536,10.1505705264099,0.0016241126634669,0.00300244444427374
"ENSG00000102786",0.310509878313094,5.55065253077186,10.1504607860372,0.00162420556890309,0.00300244444427374
"ENSG00000182983",-0.57819236116166,2.74908352686889,10.1492715352968,0.00162521272816527,0.00300400092478352
"ENSG00000243660",0.264736198850379,2.08328737102505,10.1488347914964,0.00162558276013444,0.00300437955912258
"ENSG00000257218",0.198572086020885,4.54503140978771,10.1480823789874,0.00162622044460734,0.00300525273791082
"ENSG00000092200",0.386321897715807,0.334224388907094,10.1401224028876,0.00163298233536249,0.00301744211272711
"ENSG00000185024",0.249492615545497,5.15474845114139,10.1363484024176,0.00163619831552404,0.00302307750535872
"ENSG00000217275",0.749934377903538,0.399647268480253,10.1263116713161,0.00164478250768002,0.00303862917721525
"ENSG00000141002",-0.226791213500947,6.3508196960063,10.1248490336396,0.00164603729978932,0.00304063847334634
"ENSG00000205213",-0.584337782018533,5.46293033593878,10.1174118667776,0.00165243274807249,0.00305214246186072
"ENSG00000186480",0.446895066769671,6.50935960440296,10.115902108752,0.00165373412829078,0.00305423602003988
"ENSG00000213171",-0.82153351990671,-0.230505901991214,10.1153801562012,0.00165418428383757,0.00305475526048255
"ENSG00000164169",0.209120384771769,3.56923584584944,10.1151866745327,0.00165435118296421,0.00305475526048255
"ENSG00000167065",0.240727429809163,2.03637552030443,10.1137204467376,0.00165561652361511,0.00305678137564832
"ENSG00000165891",-0.456264833351986,3.39565484798326,10.1107110990466,0.00165821665641624,0.00306127126947814
"ENSG00000171860",0.381952847273389,4.4548299933795,10.1098489154036,0.00165896236687017,0.0030623371083563
"ENSG00000106635",-0.179242242111122,5.64314939602702,10.1090315716958,0.00165966961081609,0.00306333173143121
"ENSG00000125735",-0.544745822380257,1.37595746448555,10.1080038569543,0.00166055932455115,0.00306466291171348
"ENSG00000188566",0.262098994114124,3.89594682656922,10.1037764851624,0.00166422416834693,0.00307111497300061
"ENSG00000266173",0.352467861420225,1.88346479739667,10.1002228220098,0.00166731133726139,0.00307649980745766
"ENSG00000129128",0.223121604718262,7.00573941553007,10.0958128476842,0.00167115053529087,0.00308327104238896
"ENSG00000279159",-0.539986886634849,1.46578675448208,10.0915668476073,0.00167485550606604,0.00308979327967636
"ENSG00000130119",-0.219050203236622,5.98518376213019,10.0897002569178,0.00167648690529816,0.00309248923261287
"ENSG00000064763",0.612580150499165,4.55400114710829,10.0887647610705,0.00167730513805356,0.00309368480386555
"ENSG00000099795",-0.367335657207902,5.84393514358461,10.0853675608527,0.00168027993249398,0.003098857372967
"ENSG00000279833",0.467689818349086,-0.297215437240495,10.0817832096355,0.00168342444499928,0.00310434186410291
"ENSG00000008256",-0.347161405968334,5.39601223078014,10.0794011932074,0.00168551748301981,0.00310788645388932
"ENSG00000170004",0.26219092881006,7.61527762748286,10.0734034660935,0.00169079935486868,0.00311730954549939
"ENSG00000144677",0.247522409063877,5.85583723297754,10.0729522604567,0.00169119738959938,0.00311772735881142
"ENSG00000066827",-0.313003978851116,4.21446199151859,10.0711163666579,0.00169281792459502,0.00312039854186016
"ENSG00000258704",0.32893698871223,-1.06079020694798,10.0681239383506,0.00169546272445946,0.00312485844435974
"ENSG00000134853",-0.456459534732591,5.45506459214693,10.0679901809552,0.00169558104175205,0.00312485844435974
"ENSG00000161011",0.343312498785969,7.64157324808934,10.0647451095817,0.00169845410608638,0.00312983619873345
"ENSG00000100360",0.326289297535109,3.86776307207688,10.0638664650128,0.0016992328793348,0.0031309540684167
"ENSG00000119899",-0.305699738887416,5.29522924972565,10.0629962083622,0.00170000457727973,0.00313205867621188
"ENSG00000061918",-0.347299936589915,4.1304411752341,10.0620093960799,0.00170088006335982,0.00313335425831949
"ENSG00000185219",0.227774654098042,5.07653764105197,10.0524326945242,0.00170940031612927,0.00314852092812408
"ENSG00000184408",0.819618020174955,2.90768913460056,10.052366664587,0.00170945921295499,0.00314852092812408
"ENSG00000151233",0.259650535376715,5.1584171880186,10.0503492619022,0.00171125967732371,0.00315151792336611
"ENSG00000233836",0.51446383166053,2.99916156720401,10.0486342947626,0.00171279174983642,0.00315402008160623
"ENSG00000187860",0.328838565519567,1.59257367840698,10.0477811007616,0.0017135544753448,0.00315510516274258
"ENSG00000275395",-0.938762965012263,5.33445046917011,10.0419313144874,0.00171879332313943,0.00316443091013868
"ENSG00000131368",-0.302502297613023,4.8150181456044,10.0403097201985,0.00172024845331277,0.00316678935919562
"ENSG00000198435",-0.444600038261838,4.20181375515291,10.0318092428967,0.00172789691236847,0.00318054741849587
"ENSG00000153558",0.331643009885319,3.63220002111903,10.0314707320843,0.00172820221117028,0.00318078747386815
"ENSG00000126861",-0.559788517999733,-1.25538472705384,10.0283735711762,0.00173099806042912,0.00318561092007334
"ENSG00000204577",-0.390365377796813,2.27291854379152,10.0272835133499,0.00173198316830828,0.00318710136232203
"ENSG00000086717",0.541005544374492,1.65888088113126,10.0247076367886,0.00173431331554321,0.0031910663210015
"ENSG00000111670",-0.244740285980162,6.42826600185077,10.0238449384283,0.00173509443058501,0.00319218060929397
"ENSG00000154258",0.533068186133239,1.35673903354628,10.0224538690597,0.00173635470616848,0.0031940545763818
"ENSG00000162227",-0.21380428876905,3.06701896263451,10.0223330129899,0.00173646424297687,0.0031940545763818
"ENSG00000089057",-0.326607250701506,5.33208217435796,10.0180798667096,0.00174032353818632,0.00320082966048467
"ENSG00000185156",-0.835933134894961,1.55355988251931,10.0172360841297,0.00174109022458253,0.003201915976209
"ENSG00000281100",0.503218368399037,-1.43244601931232,10.0165697620898,0.00174169590854216,0.00320270601400918
"ENSG00000160299",-0.271905785663373,6.00912090525255,10.0103614981559,0.00174734954080916,0.00321277734009675
"ENSG00000111181",-0.637423076346474,1.55256138570991,10.0083994898677,0.00174914016014142,0.0032157445903823
"ENSG00000110321",0.20781862605883,10.0792702210973,10.0055572082967,0.00175173747972484,0.00321994445481092
"ENSG00000120685",-0.268346399365582,6.05142783100896,10.0055121720663,0.00175177866617298,0.00321994445481092
"ENSG00000107968",-0.48733842143243,3.84072517293203,10.0011096082558,0.00175580966492429,0.00322702770671412
"ENSG00000146433",0.348991252824242,6.54911878626484,9.9988337202707,0.00175789718445726,0.00323053793987155
"ENSG00000207650",-0.46586904926916,-0.634374575389635,9.99844960772902,0.00175824975490926,0.00323085942031619
"ENSG00000215883",0.28246417030032,3.13676063748391,9.99650628447835,0.00176003460522648,0.00323381244568736
"ENSG00000104859",-0.269336617025014,4.73756058611513,9.99476760990981,0.00176163306277877,0.00323642243897175
"ENSG00000265688",0.404037206061523,3.26941893141111,9.99022442396416,0.00176581685712808,0.00324351741249505
"ENSG00000100997",0.258713923389342,6.59502894595051,9.99018671178939,0.00176585162846525,0.00324351741249505
"ENSG00000117118",-0.196524543827593,6.16865134620383,9.97949188433889,0.00177574071643647,0.00326135233268166
"ENSG00000103034",-0.593171144871821,3.76362083153067,9.9766483500699,0.00177837952106863,0.00326586901546812
"ENSG00000237753",-0.323174610387408,0.879758053142077,9.97106647136105,0.00178357115997598,0.0032750724136944
"ENSG00000081307",0.196794576306345,5.60985794196181,9.96780328727755,0.0017866133712298,0.00328032747788487
"ENSG00000267871",-0.395410449836351,-0.262836842871732,9.96700468804903,0.00178735869813798,0.00328136469180717
"ENSG00000262165",-0.496655112100995,-1.36405563352653,9.96419575764624,0.00178998277487947,0.00328585049550947
"ENSG00000137106",-0.237722793375435,6.3054223718706,9.96392685432875,0.00179023418801467,0.00328598036245947
"ENSG00000203896",0.446173992442617,0.458245502310554,9.96079592212545,0.00179316413048835,0.00329096246085991
"ENSG00000120697",0.267799355571189,5.10364875428055,9.96063979116618,0.00179331036670236,0.00329096246085991
"ENSG00000117308",0.371370724594794,5.32764107349678,9.95778846823945,0.00179598313014199,0.00329553482354949
"ENSG00000272356",-0.441355015060435,-0.483600525281187,9.94904485747031,0.00180420456605011,0.00331028675953994
"ENSG00000124140",0.802185563626176,0.058297916206393,9.94634959773651,0.00180674660108471,0.0033146164192585
"ENSG00000167799",-0.660802460827649,2.82951046970998,9.94510083658288,0.00180792560956171,0.00331644488015213
"ENSG00000143479",-0.474194347831226,4.86191504659899,9.9380159192384,0.00181462966453589,0.00332840705310395
"ENSG00000092098",0.352690949003987,-1.15743517217982,9.9376812059386,0.00181494701173068,0.00332865344855879
"ENSG00000118894",0.23894516083696,3.15213816447172,9.93365042681771,0.00181877311171431,0.00333533427665456
"ENSG00000171241",-0.317413313269103,4.36904962629175,9.9273302156923,0.00182478897216872,0.00334602901762321
"ENSG00000277879",-0.386511813857043,-0.283840411622099,9.92669612662928,0.00182539364663611,0.00334680036744128
"ENSG00000157837",-0.21050957914974,6.35352548718168,9.92055175177206,0.00183126359591214,0.00335722430021672
"ENSG00000223768",-0.321043197177075,4.2016698738877,9.92010189534679,0.0018316941167234,0.00335767512547522
"ENSG00000155962",-0.371886468421471,3.74846155732377,9.91806787565953,0.00183364200075686,0.00336090705530241
"ENSG00000130701",-0.38905276182977,3.11841038504802,9.91448417539654,0.00183707908658622,0.0033668676367221
"ENSG00000131116",-0.395776075958803,3.16131890694633,9.9129066025996,0.00183859420267619,0.00336930492274807
"ENSG00000099974",-0.333903609697614,0.321568091250523,9.91063985325845,0.00184077344404492,0.0033729586339199
"ENSG00000160336",0.250748600592285,4.73133620589365,9.90918383386819,0.00184217464437238,0.0033751861017271
"ENSG00000110583",-0.216245583377497,5.14733454709652,9.90880461922833,0.00184253976028115,0.00337551502417341
"ENSG00000143303",0.24981018437424,5.180824501425,9.90529106616183,0.00184592619886132,0.0033813783568224
"ENSG00000272081",-0.276686494030463,-1.15548600962847,9.90369240891598,0.00184746912181435,0.00338386388595765
"ENSG00000278828",0.778884015249486,3.57129417768295,9.90284732633447,0.00184828527396992,0.00338501787966619
"ENSG00000196865",0.22538927947317,5.38556615536646,9.89942728769627,0.00185159199216927,0.00339073249633253
"ENSG00000090861",-0.272983665142012,7.81027841986189,9.89907770632306,0.00185193033044743,0.00339101065641578
"ENSG00000176853",0.291863801497799,6.88318524398393,9.89809389651727,0.00185288283813202,0.00339241323333453
"ENSG00000260273",-0.400828814878954,-1.55382368299075,9.89626203045899,0.00185465775205737,0.00339532110663506
"ENSG00000238005",-0.551762036229693,-0.406474911912132,9.89158361299861,0.00185919860002267,0.00340329147918804
"ENSG00000076248",-0.259307374834548,6.2747432898519,9.89080578604736,0.00185995465447292,0.00340433282233606
"ENSG00000081386",0.230572741255449,4.03185126858536,9.88663218487041,0.00186401679420537,0.00341142457768235
"ENSG00000168884",-0.273096111648934,4.96015714756958,9.88615462630673,0.0018644821760315,0.00341193297290078
"ENSG00000154822",-0.436918005883612,3.26877779146265,9.88562966652326,0.00186499388730708,0.00341252603846492
"ENSG00000237039",-0.463430320693561,2.18256259346558,9.88307962840418,0.00186748161012608,0.0034167342847775
"ENSG00000168546",-0.929095466073961,0.804150001721055,9.8820693776959,0.00186846810998635,0.00341819533136509
"ENSG00000180855",0.283252399304963,2.96645258566947,9.8815501411096,0.00186897534636194,0.00341877940255768
"ENSG00000180139",-0.598860542406228,0.205947760846253,9.88011066213383,0.00187038229235876,0.00342100896353793
"ENSG00000175573",-0.223076702276111,5.25521559545385,9.87955798211525,0.00187092276874295,0.00342165342563064
"ENSG00000128590",0.26348355646844,5.3364115410427,9.8763577356128,0.00187405548721876,0.00342703812603407
"ENSG00000134253",0.331782513330851,3.70369183758715,9.87576934680659,0.00187463204303947,0.00342774782334392
"ENSG00000102385",0.494336731203859,0.488741581906863,9.87507537222107,0.00187531229397035,0.00342864696448861
"ENSG00000172071",0.246987417416471,5.2498393411961,9.87034022597483,0.00187996053146976,0.00343679989409709
"ENSG00000174500",0.587990761623993,1.54319674964024,9.86919079018981,0.00188109064362464,0.00343852026394422
"ENSG00000184669",-0.408932810422663,1.64742162253253,9.86807226485307,0.00188219103081108,0.00344018595803355
"ENSG00000260563",-0.4015918757041,1.75273949727867,9.86701070677602,0.00188323598233017,0.0034417500046846
"ENSG00000125835",-0.288642079419907,7.02747641490473,9.86515640134141,0.00188506270087497,0.00344443804326718
"ENSG00000272750",-0.301903172076446,0.476437403142602,9.86513320207507,0.00188508556645489,0.00344443804326718
"ENSG00000240864",-1.0313118476891,4.22761488086005,9.86317911434984,0.00188701256433211,0.00344761270919863
"ENSG00000164484",-0.410244218804695,3.56921836026287,9.85774225166221,0.00189238464345658,0.00345708034302815
"ENSG00000125046",-0.663986350433453,0.133544620067004,9.85603338510379,0.00189407637084853,0.00345982334367711
"ENSG00000125356",-0.275707483822787,6.39576396025917,9.84811922086928,0.00190193131624273,0.00347382273346282
"ENSG00000185361",0.280198052902347,4.19552937399792,9.84688138694258,0.00190316289218416,0.00347572313315046
"ENSG00000260083",-0.328560059153525,0.903601344440143,9.84356532340719,0.00190646620484616,0.00348116001384697
"ENSG00000249096",-0.690629667042582,0.489199537390929,9.84350865954238,0.00190652270166757,0.00348116001384697
"ENSG00000155849",-0.383225689648816,4.48285867780678,9.84288583602749,0.00190714380177891,0.00348194453591195
"ENSG00000108469",0.237988334005421,5.03364908012996,9.84163443172555,0.00190839236794534,0.00348387437400279
"ENSG00000110492",-0.520109266462819,7.72044782208793,9.83968451793249,0.00191033952294135,0.00348707900875726
"ENSG00000007952",0.368154042986575,0.462445600523632,9.83546687618515,0.00191455813899882,0.00349442884416564
"ENSG00000132793",0.337896261575695,4.01784209145391,9.8343476603375,0.00191567920946013,0.00349612416833844
"ENSG00000170122",0.566463734702485,-0.875665876572525,9.83345721193987,0.00191657161210343,0.00349740187427883
"ENSG00000211973",-1.12086930040996,3.46446404821236,9.82732125927704,0.00192273258179773,0.00350829255595276
"ENSG00000282639",-1.09529570860489,2.69346378893258,9.82680982438419,0.00192324701394336,0.00350887919446302
"ENSG00000115875",-0.154711468029903,7.07395135691108,9.82659037024705,0.00192346779727156,0.00350893001973672
"ENSG00000153993",-0.773998223394988,2.40514127524033,9.8224969785667,0.00192759072818306,0.00351609870265706
"ENSG00000175213",-0.21823615097379,3.90262013024581,9.82113849911087,0.00192896100410918,0.00351824536128537
"ENSG00000101182",-0.260015306852222,7.69330535592482,9.81994790269126,0.00193016275695102,0.00352001354536626
"ENSG00000286989",0.561879324706515,-0.0964563764133806,9.81979462879358,0.00193031752262388,0.00352001354536626
"ENSG00000157184",0.216874588436504,3.76310944736503,9.81851490122644,0.00193161020007126,0.00352201767607982
"ENSG00000150977",0.279469071912089,4.28920718664993,9.81812295265611,0.00193200629164745,0.00352238677149997
"ENSG00000134186",-0.170446079707347,6.03361115061992,9.81088892924632,0.0019393316892649,0.00353538786853263
"ENSG00000100722",0.184318019071684,5.6690127197048,9.80914669121222,0.00194110016737202,0.00353825715014655
"ENSG00000140873",0.96838578475461,1.49216264183099,9.808131470376,0.0019421314377944,0.00353978220168399
"ENSG00000283930",0.594256047448483,-1.19427361873436,9.80609281481867,0.00194420401231079,0.00354320466692472
"ENSG00000013563",0.259588702034432,3.29063297061996,9.80472588158408,0.00194559495308383,0.00354538433089758
"ENSG00000218891",-0.368812640779296,3.47197865724964,9.80252103013183,0.00194784067006533,0.00354912102856625
"ENSG00000183495",0.200515516861179,6.16838219333667,9.79705002875267,0.00195342451177415,0.00355893869780109
"ENSG00000136699",-0.206025434923729,6.49329982634002,9.79625371407246,0.00195423861209847,0.00356006529215215
"ENSG00000169288",-0.2639850601426,4.50787375708952,9.79603194265395,0.00195446539843754,0.00356012184945238
"ENSG00000116809",-0.249586436225457,4.49063275877774,9.7957314133803,0.00195477276646718,0.00356032516287854
"ENSG00000070367",0.218294859654586,6.31599204253533,9.79183458728331,0.00195876273971235,0.00356723507658839
"ENSG00000198265",0.281889516783188,6.41913110329801,9.78712839568773,0.00196359251297685,0.00357567287004634
"ENSG00000188158",0.491007725033797,3.55216616229393,9.76891576651563,0.00198239826910661,0.00360955648398348
"ENSG00000203721",0.697569614537337,-0.273880770120367,9.76820024712798,0.00198314083403126,0.00361054709603209
"ENSG00000272153",0.319967449615611,-1.17233431259376,9.76640536155931,0.00198500481365454,0.00361357897615341
"ENSG00000168575",-0.331328281115223,6.30034521972606,9.76313049538538,0.00198841035687597,0.00361941629011811
"ENSG00000125877",-0.276063483360314,5.52621297935478,9.75952769256639,0.00199216381531463,0.00362588566726133
"ENSG00000091536",0.556861657075568,0.542247442873565,9.75572764462074,0.00199613060764198,0.00363274199437586
"ENSG00000169021",-0.334879328393225,6.32477609736846,9.74665652156179,0.00200563240772435,0.0036496690576979
"ENSG00000172893",-0.432632321745739,7.17763820806582,9.7461270226738,0.00200618847068608,0.00365031571677056
"ENSG00000147894",-0.329563115559028,3.90616081099658,9.74558737612264,0.00200675535239194,0.00365098192950932
"ENSG00000165379",-0.755389495094047,-0.0857081393017581,9.74466238346263,0.00200772740856053,0.00365238508770743
"ENSG00000180011",0.296726187511229,5.54969642370397,9.7401406996346,0.00201248607986459,0.00366067574963269
"ENSG00000139746",-0.211577042397162,6.07024406057426,9.73330582683089,0.00201970105134019,0.00367343227217755
"ENSG00000237651",-0.436793143437802,-1.40161133662418,9.72930395936194,0.00202393772475771,0.00368076985680364
"ENSG00000183876",-0.495807221605968,2.16639996993226,9.72872429380718,0.00202455215373829,0.00368151915338853
"ENSG00000197405",0.354839659816058,4.03256356137703,9.72353455839494,0.00203006161971007,0.00369116872331167
"ENSG00000147439",-0.273795601630381,3.09462833827056,9.71927243940837,0.00203459776992479,0.00369899306172617
"ENSG00000234745",-0.433234596525559,10.8246404630613,9.7191093179777,0.00203477158470257,0.00369899306172617
"ENSG00000084073",0.205667144416924,6.81952162420758,9.71326193243333,0.00204101231804134,0.00370996722371936
"ENSG00000101189",-0.244152647910671,4.86838950856339,9.709941330597,0.00204456499213291,0.0037160535701922
"ENSG00000138073",-0.196217449019556,6.34716276278623,9.70607931307404,0.00204870486569876,0.00372320584505686
"ENSG00000141452",-0.191810150288506,4.36459690674221,9.70576522814386,0.00204904192392104,0.00372344634951302
"ENSG00000111752",-0.295587161868251,3.5324367915799,9.70323069077726,0.00205176391966988,0.00372802019689867
"ENSG00000259030",0.569157808277614,-1.37558866136225,9.70086729768148,0.00205430544030542,0.00373226524306013
"ENSG00000168890",0.250996230894094,4.33174300790504,9.69816250894351,0.00205721803309655,0.00373718353834998
"ENSG00000134987",0.203483404467819,5.35243381856085,9.69747149483108,0.00205796281270655,0.00373816315165353
"ENSG00000130159",-0.315978882432242,4.97005108752413,9.69673842617132,0.00205875322001506,0.00373922544094607
"ENSG00000211638",-1.62521574796233,4.92736816937588,9.6929224077749,0.00206287272750669,0.00374633341666417
"ENSG00000025796",-0.263523442350519,7.47772674102789,9.68838165598773,0.00206778557725056,0.00375477853485295
"ENSG00000153012",-0.47305523614111,2.6756323238163,9.68824297188332,0.00206793581392248,0.00375477853485295
"ENSG00000153107",-0.271117885870032,4.93005145474562,9.68692283226246,0.00206936648116348,0.00375700115386319
"ENSG00000109133",0.225475581229934,6.6130593604997,9.68500693710512,0.00207144458141271,0.00376039864724367
"ENSG00000150990",-0.247391676830941,5.02841650342587,9.68359535840825,0.00207297703189727,0.00376280501558358
"ENSG00000130589",0.419248819252506,6.27632903528496,9.68106274523745,0.00207572941266902,0.00376742506312985
"ENSG00000109787",0.217172843442145,6.10624943464689,9.67974703967889,0.00207716076149533,0.00376964677011346
"ENSG00000161381",0.403461660395708,4.35950555574074,9.67666528302102,0.00208051733474508,0.00377536159676181
"ENSG00000101825",0.434705225859695,8.4464004899093,9.67027323908408,0.00208749706397264,0.00378764930162953
"ENSG00000237515",1.00023800115209,3.32826003722496,9.66955113597865,0.00208828705933701,0.00378870474166799
"ENSG00000243147",-0.195989296518465,4.99563824327571,9.66893217049882,0.00208896446310121,0.00378955572061489
"ENSG00000177963",0.219248151955399,6.85805512915506,9.66839936479342,0.0020895477522445,0.00379023581508157
"ENSG00000198848",0.604062525341134,2.41269694686751,9.66797237673526,0.00209001531756882,0.00379070588312142
"ENSG00000111775",0.31070828519596,5.03985625003371,9.65907848634416,0.00209977873830155,0.00380803426984033
"ENSG00000278619",0.344168313067137,2.81384413035368,9.65577340207331,0.00210341881252761,0.00381425537011488
"ENSG00000099203",-0.317271974164516,2.81873720872968,9.65176281364639,0.00210784455510886,0.00382189978749077
"ENSG00000117597",-0.247604469476666,5.79103484375028,9.64769812062693,0.00211233970804632,0.00382966852172513
"ENSG00000232216",-1.0368042646993,1.84736880671007,9.64136246872347,0.00211936585384354,0.00384202393598189
"ENSG00000000971",0.361427667708805,5.56240730705175,9.63642712608561,0.00212485561416102,0.00385159197830981
"ENSG00000198691",-0.946642870841529,3.02691304998648,9.63049244475652,0.00213147621378053,0.0038632077106368
"ENSG00000241644",0.495230774561247,1.0879862453544,9.62994907671791,0.00213208343512642,0.00386392322818646
"ENSG00000143669",0.343678131055479,5.53604734396153,9.62931462183409,0.00213279267090424,0.00386482346302743
"ENSG00000108219",-0.238833267374164,7.17457714672074,9.62837923763735,0.00213383874501531,0.00386633384083865
"ENSG00000100100",0.300324461849389,5.19068899340303,9.62805464721529,0.00213420186874183,0.00386660659315433
"ENSG00000196689",0.31365561136964,2.76574739682325,9.62659839771942,0.00213583177187736,0.00386917413016987
"ENSG00000232063",0.447704798908804,-1.33079525931659,9.62584105002855,0.00213667993365704,0.00387032513030119
"ENSG00000189221",0.756639473856431,3.95659386237118,9.62504535808148,0.00213757140819376,0.00387155434895718
"ENSG00000274818",-0.374702172733275,-1.75216930568236,9.62197687658827,0.0021410128217813,0.00387740129468867
"ENSG00000139726",0.198864245687555,6.79102063801281,9.61772782296718,0.00214578763676953,0.00388566164252929
"ENSG00000112078",-0.231576248583208,6.93002415051723,9.61584848638544,0.00214790298322903,0.00388874696520838
"ENSG00000164442",0.389882267824717,6.25797326276748,9.61583420326057,0.0021479190682034,0.00388874696520838
"ENSG00000136108",-0.288413883399685,5.83640564533761,9.61126650161311,0.00215306931277376,0.00389768335430767
"ENSG00000261221",-0.294689893548745,4.10763339987161,9.60968747311641,0.00215485265572198,0.00390052349743943
"ENSG00000140937",0.482570212098028,6.85864209208459,9.60907583742202,0.00215554383784556,0.00390138633921137
"ENSG00000171812",0.553727431195633,5.8377164593457,9.60827909558264,0.00215644453979629,0.00390262818804129
"ENSG00000198324",-0.312097545870329,4.06324468631655,9.60778178483501,0.00215700693528767,0.0039032576001405
"ENSG00000160679",-0.178093884215014,6.66094428801964,9.60483641409622,0.00216034084944962,0.00390890164840726
"ENSG00000152467",0.900470044952602,-0.189757640762472,9.60292315852776,0.00216250931498717,0.00391243603113365
"ENSG00000107672",-0.446716533673614,5.03872248628588,9.599646871069,0.00216622779289086,0.00391877373155947
"ENSG00000085872",-0.230561716778283,5.17140349799829,9.59938687958066,0.00216652315420997,0.00391891826243372
"ENSG00000100711",0.234092181275901,4.45119089076907,9.59749760638315,0.00216867068440087,0.00392241272950308
"ENSG00000243056",0.3989546194001,-1.13920327685803,9.59484435145491,0.00217169030181697,0.00392748366405957
"ENSG00000231050",-0.546624879378668,-0.923196308375776,9.59234908029693,0.0021745340399759,0.00393223554574286
"ENSG00000261799",0.308630464528317,3.13980326432265,9.5896263240944,0.00217764137191376,0.00393746309497639
"ENSG00000128655",0.625387068422348,-0.0735018059002605,9.58622374901682,0.00218153092081352,0.00394410381588035
"ENSG00000272732",0.515546517706876,-0.39611347677914,9.58366492119034,0.00218446064083517,0.00394900806435842
"ENSG00000047597",-0.679329983412702,2.32344316945234,9.58024026858015,0.00218838797417514,0.00395571461680555
"ENSG00000169258",-0.445936397449807,3.74272729852768,9.57991594797381,0.00218876027321569,0.00395599442007821
"ENSG00000247157",-0.607292591436117,-0.136177102889471,9.5788502450493,0.00218998408680042,0.00395781305353002
"ENSG00000204581",0.42567773590964,-1.08183655062549,9.57843077467571,0.00219046598267165,0.0039582906401224
"ENSG00000232485",-0.346766147966097,0.230627450422418,9.5782235034962,0.00219070413989317,0.00395832772664187
"ENSG00000113810",-0.312941966432952,6.63822965163925,9.57783255016322,0.00219115342224876,0.00395874624454758
"ENSG00000120533",-0.256033580617304,6.47339106898065,9.57668397631907,0.00219247390430683,0.00396073851524956
"ENSG00000162613",-0.176715433227413,7.11063774966241,9.57180975762439,0.00219808670368147,0.00397048375872068
"ENSG00000157551",-0.615109492290412,1.75832729023907,9.5701562124301,0.00219999414006143,0.00397353459974551
"ENSG00000152217",0.489486221474171,4.60526001620961,9.5659019101795,0.00220490943864947,0.00398201696655313
"ENSG00000088340",0.58913203275878,2.76960478649599,9.56080672918908,0.00221081103179661,0.00399227869800604
"ENSG00000155749",0.551259647755356,-1.01067808284322,9.55787279640067,0.00221421663590823,0.00399803158680621
"ENSG00000228775",-0.394804765161258,1.0928607204826,9.55516684281209,0.00221736236086794,0.00400331413733037
"ENSG00000256338",0.311887301596885,-0.709437732364218,9.55479281148259,0.00221779753876488,0.00400370239553903
"ENSG00000171777",0.354989894985572,0.771643168238645,9.55401118337847,0.00221870722898765,0.00400494711004638
"ENSG00000132386",0.381918348445299,7.22518382650966,9.54930807262784,0.00222418895187613,0.00401444364957061
"ENSG00000231551",-0.667636890680866,1.22327179119694,9.54555825410205,0.00222856947527725,0.00402195094426896
"ENSG00000196189",-0.35222780052004,5.62071202331866,9.54157839255693,0.00223322837664802,0.00402962683198373
"ENSG00000239407",0.408544266213155,-0.35816019372798,9.54154645354756,0.00223326580527798,0.00402962683198373
"ENSG00000215246",-0.582754175816551,-0.79814031527582,9.53455246136277,0.00224147736817511,0.00404404229465022
"ENSG00000090686",-0.165629342575002,6.16820504348247,9.53010723489386,0.00224671248298399,0.00405308536406594
"ENSG00000182117",-0.255849566971629,5.77735092141126,9.52741757582224,0.00224988614158802,0.00405840812686729
"ENSG00000177363",0.51304446496673,0.313999782995514,9.51398844905948,0.00226580047833669,0.00408670954978061
"ENSG00000185650",-0.290238822119504,8.49389354128452,9.51214414407175,0.00226799505723371,0.00409026218155347
"ENSG00000116717",-0.385863007772981,4.46248017019065,9.5084695520047,0.002272374011216,0.00409775317430067
"ENSG00000234287",-0.378484273302924,-1.30743264136989,9.50789067841503,0.00227306463303226,0.00409859220239821
"ENSG00000221947",-0.745643954657242,0.921323414242024,9.50597430768523,0.00227535247867136,0.004102310753576
"ENSG00000197603",0.348956152128248,5.09478127844624,9.50059601517496,0.00228178589066584,0.00411350201005356
"ENSG00000053438",0.588173097923171,0.00994362497945478,9.4941578340638,0.00228951156817739,0.00412691882826036
"ENSG00000277534",0.345013145007225,3.03545879883985,9.49401597850983,0.00228968209236723,0.00412691882826036
"ENSG00000171603",-0.266950000534918,8.12038638129824,9.49121594803408,0.00229305065907642,0.00413258079541042
"ENSG00000196365",-0.308590156265542,6.61055047382172,9.48827723956302,0.0022965915082764,0.00413855210071644
"ENSG00000052795",0.306952235566752,5.06902869251824,9.48765832914391,0.00229733794522741,0.00413948707626274
"ENSG00000197808",-0.246948113595298,3.12176505143277,9.48567974605949,0.00229972587887581,0.00414337932491265
"ENSG00000130818",-0.307574138519878,4.66420239080241,9.48432782749043,0.00230135895525492,0.00414591092295726
"ENSG00000179456",0.688592546164844,5.90719349219615,9.48191470131072,0.00230427688387889,0.00415075645874905
"ENSG00000185619",0.214760440970119,5.50544578950738,9.48168245885201,0.00230455790853769,0.00415085157857829
"ENSG00000204764",-0.445068451219965,3.14675974417397,9.47195471436634,0.00231636046091287,0.0041716966098706
"ENSG00000249437",0.519393963114166,0.510610873711165,9.46906205527741,0.0023198819887803,0.00417756472790352
"ENSG00000198171",0.313909099760754,5.84833080824334,9.4689010595777,0.00232007814584085,0.00417756472790352
"ENSG00000106355",-0.23998537475508,5.42068204410561,9.46431531558252,0.00232567253575271,0.004187223528041
"ENSG00000168269",-1.20674114568526,4.15175909677219,9.46390226627447,0.00232617711252012,0.00418771744259289
"ENSG00000112530",-0.690913419717484,-0.713368042293942,9.4620473782454,0.00232844440406666,0.00419138428554675
"ENSG00000158161",-0.217495654699138,5.39838210267996,9.451756043148,0.00234106493163044,0.00421368520301775
"ENSG00000116141",-0.590037845405616,3.55158024796895,9.45045558683452,0.00234266468144073,0.00421614736058222
"ENSG00000170222",-0.214180998956824,2.59419477198144,9.44919441453282,0.00234421717320711,0.00421852398795794
"ENSG00000054148",0.342770743650897,5.31812457887938,9.44680604492811,0.00234716011611503,0.004223402076761
"ENSG00000113732",0.241754293443042,7.42779491824041,9.44585379055233,0.00234833453398834,0.00422509728995745
"ENSG00000186281",-0.844138655696343,1.36484502745434,9.44230230257938,0.00235271989224448,0.00423256868448493
"ENSG00000198826",-0.306863626698857,4.78838950973348,9.43796597560201,0.00235808571461768,0.00424180229230209
"ENSG00000112787",-0.249048534859738,5.72631621137641,9.43674675551532,0.00235959664322187,0.0042441004496558
"ENSG00000183423",0.518738026223325,-0.737839552774606,9.43527356790309,0.002361423623174,0.00424696656365952
"ENSG00000177051",-0.24184974892696,5.01012416581216,9.43216801996728,0.0023652797189433,0.00425348106863167
"ENSG00000049245",0.193320859193343,6.55538794634803,9.43104195520012,0.00236667951980428,0.00425557756858134
"ENSG00000213189",-0.237407515744025,0.693323862752168,9.42888436089473,0.00236936397115404,0.00425998338348653
"ENSG00000187116",-0.419484390424813,0.692474984905506,9.42781744651989,0.00237069256200235,0.00426195080732418
"ENSG00000156103",-0.807928544648898,4.52860680716585,9.42573525459968,0.00237328763536064,0.00426619445660597
"ENSG00000232656",-0.457201835577031,-0.239257815829719,9.41851705492127,0.00238230630483575,0.00428198310824713
"ENSG00000213390",-0.245230887904908,4.31374988789041,9.41733368591438,0.00238378818537699,0.00428422327229612
"ENSG00000102390",-0.223945026392579,4.9011626505332,9.41600196330609,0.00238545696916652,0.00428679886920272
"ENSG00000278768",-0.251195956033453,2.15498163447871,9.41580035215707,0.0023857097124625,0.00428682950506501
"ENSG00000282885",-0.389396468746922,-0.425594422984368,9.41235136596709,0.00239003766351763,0.00429418206303059
"ENSG00000243679",-0.308866830912093,2.26703314353575,9.40580142277573,0.00239827894381801,0.00430856355493501
"ENSG00000221953",-0.572647222188747,-0.552151676511086,9.40519145816568,0.00239904789119428,0.00430951931309052
"ENSG00000182858",0.253182436779642,3.68591217116022,9.40374904262738,0.00240086726424912,0.00431236162375697
"ENSG00000272720",-0.480979007463059,0.432050841226099,9.40272402007945,0.00240216102082341,0.00431425937066615
"ENSG00000179958",0.26868544666877,5.56488075539179,9.40244856506488,0.00240250881436411,0.00431445796955514
"ENSG00000178075",0.438466786729383,3.15350995267004,9.40021202004496,0.00240533461484836,0.00431910612842947
"ENSG00000226864",-0.701434453414175,-0.174535140337813,9.39751646995798,0.00240874486749446,0.00432480272951523
"ENSG00000132639",1.35047113483179,2.41231793624585,9.39722134054922,0.00240911854800205,0.00432504670329299
"ENSG00000228981",-0.440497112082961,-0.933277716338281,9.39620808561214,0.00241040193994376,0.00432692365610907
"ENSG00000186283",-0.228908349953589,6.42459211174755,9.39480838699499,0.00241217595206841,0.00432968086610286
"ENSG00000176454",-0.26846257281379,4.31303625696729,9.39275713524198,0.00241477816949753,0.00433392395370249
"ENSG00000153976",-0.503338054195045,1.01161300083583,9.39089334926939,0.00241714505556121,0.00433774388461247
"ENSG00000050820",-0.288586129686197,5.75480529819571,9.38777325594002,0.00242111267798104,0.00434443541704017
"ENSG00000166510",0.810078483488112,1.00017112646406,9.38270109735671,0.00242757682738782,0.00435560494589422
"ENSG00000126522",0.305968572889062,3.53693404892565,9.38246420404889,0.00242787916390907,0.0043557177187984
"ENSG00000273007",0.429438174195734,-1.16915576585617,9.37619225646365,0.00243589778797734,0.00436967244972204
"ENSG00000125944",-0.147383097612773,7.57575029037031,9.37287173389594,0.00244015399709971,0.00437687582832835
"ENSG00000255145",-0.380658783166845,0.100774815670412,9.37128361930625,0.00244219231104814,0.00438009996581635
"ENSG00000107897",0.290334119744788,5.81717307409942,9.36866560268464,0.00244555628381962,0.00438570081740399
"ENSG00000279259",-0.40543469184965,0.477104470945823,9.36723581316129,0.00244739546495735,0.00438856637253715
"ENSG00000149218",-0.399327494771108,6.27233455021539,9.36546793788027,0.0024496714907265,0.00439221461685071
"ENSG00000185722",0.233855521066356,6.06582460379024,9.36418961613147,0.0024513185954225,0.00439473460951645
"ENSG00000102878",0.429950635295632,2.71282224943107,9.36383601771396,0.00245177440324747,0.00439511855374187
"ENSG00000166831",-0.505240009795786,2.0301734373004,9.36323970709248,0.00245254327669857,0.00439606357707633
"ENSG00000130684",0.300941274385313,1.48571640320498,9.35918240419256,0.00245778124575213,0.00440501825953289
"ENSG00000273388",0.563899029021982,-0.595603970289463,9.35632584389242,0.00246147591656282,0.00441120543604735
"ENSG00000106948",-0.31220998111198,5.29042364183218,9.35380045112254,0.00246474698340688,0.00441663232849304
"ENSG00000286912",-0.460907842050208,-0.179112065131765,9.35342359612222,0.00246523549342453,0.00441707252038276
"ENSG00000243517",-0.372492706593646,-0.993495456402667,9.35257847327734,0.0024663313700483,0.00441860076422758
"ENSG00000013275",-0.225491673284014,6.83489452187665,9.35178017754216,0.00246736698294097,0.00442002075108149
"ENSG00000165264",-0.242326311729633,5.20171365480428,9.350122335683,0.0024695190878284,0.00442344033577141
"ENSG00000074201",-0.310466050964324,6.85246496033202,9.3464883064957,0.00247424326838276,0.00443146593454906
"ENSG00000165055",-0.237133907088626,4.85831517197819,9.34558119073595,0.00247542394456057,0.00443314402359863
"ENSG00000090612",0.273250403446058,4.85520465076455,9.34195911787724,0.00248014407538764,0.00444115983490699
"ENSG00000249917",0.814992050882144,0.573551053581297,9.34164955974511,0.00248054790481309,0.00444140489117813
"ENSG00000269947",-0.404218697810971,-1.53610137278462,9.34147985865121,0.00248076931435445,0.00444140489117813
"ENSG00000049249",-0.548557382826935,2.44247318058711,9.33725868798884,0.00248628319400614,0.00445083845793146
"ENSG00000250120",0.8981125431542,1.80959725500943,9.33495244201523,0.00248930100448983,0.00445580225072936
"ENSG00000129347",-0.280787989351108,5.30836614240169,9.33255569508388,0.00249244120648507,0.00446088477910167
"ENSG00000232442",-0.409335824446496,2.00004892871131,9.33241096076653,0.00249263096602212,0.00446088477910167
"ENSG00000204366",-0.322093446018877,3.04266349145992,9.32981581713388,0.00249603593704481,0.00446653892394441
"ENSG00000059769",0.208896925862174,3.45917248469211,9.32810506234636,0.00249828314107084,0.0044701203905358
"ENSG00000232546",0.434497693754279,-1.13996172958514,9.32064956850717,0.0025081006590484,0.00448724520822077
"ENSG00000146463",-0.18053150407153,6.70630450097617,9.31918935189253,0.00251002811014512,0.00449025191967341
"ENSG00000261115",-0.997993127818195,3.34665208796613,9.31884286602963,0.00251048568543772,0.00449062880082034
"ENSG00000137168",-0.230470747383182,5.46816168649254,9.31618690060202,0.00251399603296669,0.00449646571419
"ENSG00000123094",0.487798242383441,4.92277635588919,9.31584966192658,0.00251444211483887,0.00449682135542668
"ENSG00000111886",-0.41694758490472,-0.445496137042409,9.31504077919639,0.00251551239286697,0.00449829312766341
"ENSG00000168032",0.721592091039051,2.24862132650048,9.31337417193155,0.00251771904268827,0.00450179649512527
"ENSG00000259768",-0.382104481344127,2.12051904180836,9.30799648566541,0.00252485280146874,0.00451410820339266
"ENSG00000071909",-1.30465999644332,2.56386897660124,9.30478108156241,0.00252912805644369,0.00452130736097875
"ENSG00000064490",-0.293439548837462,5.11441802570911,9.3017934149501,0.00253310714028798,0.00452797569214327
"ENSG00000073146",-0.657140716161221,-0.712718281906994,9.30085320690122,0.0025343606671978,0.00452977120823443
"ENSG00000140990",0.29443538145928,6.23336544873659,9.29982028276629,0.00253573853830477,0.00453140049608924
"ENSG00000245680",0.248867757387937,4.02661955975409,9.29979631313593,0.00253577052172841,0.00453140049608924
"ENSG00000070831",0.153070850504904,8.14159522361071,9.29520815639775,0.00254190024270066,0.00454190800807934
"ENSG00000113328",0.280904466315222,6.29410189934433,9.29422246350383,0.00254321909169198,0.00454381815714084
"ENSG00000162595",-0.842038850128002,1.06380472404989,9.29257972341828,0.00254541861896791,0.00454730123188177
"ENSG00000186517",-0.313875159227874,5.14748307579457,9.28566073526394,0.00255470408082657,0.00456344115321879
"ENSG00000154059",0.235335720688545,5.77267148143916,9.28362325043123,0.00255744503285951,0.00456788866322782
"ENSG00000123607",0.25975964022434,4.54861200267589,9.28309138682836,0.00255816102372917,0.00456871884324294
"ENSG00000227001",0.436422973187141,-0.626222318576894,9.28162471653222,0.00256013650636519,0.00457179801450859
"ENSG00000143543",-0.301298579188408,3.96471641523778,9.27822321121048,0.00256472405529069,0.00457954065556913
"ENSG00000286977",0.416869927574602,0.390107802562795,9.27474442399873,0.00256942452576203,0.00458748338809854
"ENSG00000196912",-0.406524144843281,1.27440222408959,9.27384936828015,0.00257063533170386,0.00458919468129464
"ENSG00000015479",0.451533393096735,1.48466728507455,9.27334191823497,0.00257132205478717,0.0045899701180164
"ENSG00000155542",0.33782856514549,2.57896858297692,9.26784992989557,0.00257876627419294,0.00460280677085585
"ENSG00000141696",0.36904673320579,5.39833538945138,9.26481554386654,0.00258288873610717,0.00460971252402289
"ENSG00000108963",0.215361613902652,3.76056295751328,9.25766859733885,0.00259262509179534,0.00462663512260338
"ENSG00000163788",0.199559450855288,4.98586726211789,9.25560938599631,0.00259543733275183,0.00463119927480529
"ENSG00000248049",0.221470040125955,3.36603088893547,9.24580334790988,0.00260887217345668,0.00465471523355209
"ENSG00000112852",-0.820594380221228,2.48424616606371,9.23843577838523,0.00261901293268135,0.00467234989893167
"ENSG00000063245",-0.264299137208396,6.85849410636307,9.23084971699278,0.00262949654141694,0.00469059269275121
"ENSG00000133641",0.241093733436735,4.24290265280327,9.23065528447846,0.00262976580195708,0.00469061296518539
"ENSG00000173926",-0.463232952569808,3.29079462230076,9.22404070747771,0.00263894283444248,0.00470625071739897
"ENSG00000259038",-0.52152294661676,-0.449540578940011,9.22396322181667,0.00263905053149066,0.00470625071739897
"ENSG00000176444",-0.217506056675675,5.73855134023925,9.22260328276997,0.00264094143772438,0.00470916106562069
"ENSG00000163462",-0.46227251761298,2.65774449616807,9.2210195742262,0.00264314522681338,0.00471262870162551
"ENSG00000100916",-0.237788635012819,3.37455086647801,9.22008822520582,0.00264444211139178,0.00471447883963867
"ENSG00000196422",0.285597185279246,4.971820376222,9.21905658916797,0.00264587940309777,0.00471657890655124
"ENSG00000168062",-0.613157802063386,3.70726101108803,9.21535504565289,0.00265104302993194,0.0047253205241476
"ENSG00000255568",-0.422515258060867,-0.33464285892831,9.21482376121664,0.0026517850130464,0.00472617989390376
"ENSG00000175387",-0.183430504554064,6.84338710942189,9.21007805708095,0.00265842221220636,0.0047375448947295
"ENSG00000119669",0.285035260166123,6.02900941566287,9.20910143118907,0.00265979019791099,0.0047395183814642
"ENSG00000129473",0.236522544491017,5.52192303344312,9.20863069700004,0.00266044982478713,0.00474022937041813
"ENSG00000187372",0.602991115530424,1.8230141863281,9.20736870330692,0.00266221904727113,0.00474291703710131
"ENSG00000260917",-0.375802964446373,2.07931930427297,9.20541912630964,0.00266495457610608,0.0047473255465443
"ENSG00000283196",-0.364239410452164,1.05402167892132,9.20521250068319,0.00266524466911579,0.00474737734226598
"ENSG00000115540",0.251160196136813,4.78680333107742,9.20036088489971,0.00267206540526618,0.00475876215017223
"ENSG00000131370",-0.398112828199436,3.17391672941891,9.2002940101966,0.00267215954693803,0.00475876215017223
"ENSG00000196663",0.236921264521596,4.89205587083139,9.19840109294786,0.00267482567453667,0.0047630437995372
"ENSG00000224578",-0.252309805276732,1.67658836674707,9.19508226894864,0.00267950672381696,0.00477091221662094
"ENSG00000269892",-0.471308594007801,-0.947966768302585,9.18990559058613,0.00268682492052394,0.00478347412436271
"ENSG00000133112",-0.293862895307671,10.0021875592662,9.18498504485163,0.00269379997216176,0.00479542271642146
"ENSG00000178764",0.335592390679025,5.99957762690739,9.18286001176585,0.00269681800565997,0.00480032549294809
"ENSG00000100558",-0.547620124419063,3.61358780754199,9.17790639367803,0.00270386670865099,0.00481240118376986
"ENSG00000160226",-0.339604629984812,1.9402455715855,9.17723049188559,0.00270482993612113,0.00481364450862731
"ENSG00000234585",-0.265136237189425,1.99216928007997,9.17626454961411,0.00270620710928281,0.00481547155753206
"ENSG00000140650",0.249130565760659,3.90560143696026,9.17613904819062,0.00270638609308845,0.00481547155753206
"ENSG00000188064",0.639492669782035,4.41129391549764,9.1671629272574,0.00271921882907128,0.00483783156247173
"ENSG00000075303",0.212277072754334,4.59745942884806,9.16289331480948,0.00272534471327571,0.00484825602944626
"ENSG00000126264",-0.49750337047901,-0.426464332502669,9.16115657608109,0.00272784055869798,0.00485222142607324
"ENSG00000143971",0.193109068064873,4.2716333648083,9.16030577298426,0.00272906409000403,0.00485392310473238
"ENSG00000102125",-0.25470348192939,4.29484752875531,9.15922164203498,0.00273062398093728,0.00485622264254299
"ENSG00000285531",-0.319960276655075,-1.50861475531631,9.15772521734653,0.00273277859452753,0.00485934334554767
"ENSG00000279133",0.409961390760517,0.472996108459738,9.15763185501579,0.00273291307904152,0.00485934334554767
"ENSG00000118407",-0.468592348067712,1.4276033672387,9.15735227951119,0.00273331583628591,0.00485958440179552
"ENSG00000225742",-0.704548145158537,0.248572666556865,9.15645449169099,0.00273460960236806,0.00486140938792594
"ENSG00000276698",0.361362723065838,-0.266363401870173,9.1553966972351,0.0027361347512277,0.00486364531424252
"ENSG00000130520",-0.280603324409928,6.93110409515972,9.1550782045287,0.00273659413063732,0.00486398651891249
"ENSG00000282988",0.710202493652203,-0.126057185598137,9.15453092926449,0.00273738367982591,0.00486491443899488
"ENSG00000102802",-0.463514214610638,2.69341730005397,9.15142987325319,0.0027418619477544,0.00487239717691813
"ENSG00000169490",0.355313948931191,5.97672255718707,9.149172223945,0.00274512695524042,0.00487772265161321
"ENSG00000122026",-0.28788752507989,7.74027192894255,9.14719860747074,0.00274798445209719,0.00488232306483772
"ENSG00000163599",-0.576373553075318,1.83187655168849,9.14694154603795,0.00274835686183571,0.0048825077752557
"ENSG00000251022",-0.276000789220224,5.05179346584106,9.14544261771839,0.00275052941565519,0.00488589012715466
"ENSG00000183826",0.217412750583756,4.82970976764785,9.14371856722332,0.00275303043449526,0.0048898552287695
"ENSG00000167550",-0.428744001742567,1.33646515733737,9.14341972999764,0.00275346418348514,0.00489014808800194
"ENSG00000205423",0.182282232122374,3.7419058937596,9.14013009996872,0.00275824355727264,0.00489815795935118
"ENSG00000262209",-0.651374352192029,-0.243706464203154,9.13935197107031,0.00275937531027344,0.00489968936280907
"ENSG00000112062",-0.195930961792154,6.32928100440706,9.13545376168609,0.0027650522311681,0.00490929031437772
"ENSG00000177889",0.217718400935692,6.88935656891856,9.13430510340374,0.00276672728722537,0.00491178486091313
"ENSG00000248092",-0.351787026674688,4.03882432409697,9.13379993442159,0.00276746428945994,0.00491261375138565
"ENSG00000239900",-0.232113302260436,2.55896555484086,9.13257192388044,0.00276925669863935,0.0049153157836296
"ENSG00000227214",-0.455980777917831,-0.386881267579091,9.13178616867272,0.00277040421295821,0.00491687273861084
"ENSG00000172062",0.274084852119988,2.53547587844937,9.12636795821909,0.00277833019885646,0.00493045854783894
"ENSG00000251562",-0.806255222937933,8.72687735643628,9.11584152541002,0.00279379506636141,0.00495741899190062
"ENSG00000124491",0.593847564091338,5.51774094554129,9.11041458599251,0.00280180239897902,0.00497114252586386
"ENSG00000024422",0.334192008607653,6.23803429975243,9.10230068397907,0.0028138180923347,0.0049919745867522
"ENSG00000154978",-0.378691421228549,6.09836018463286,9.09806167802531,0.00282011648640724,0.00500266055347459
"ENSG00000175390",-0.216627005396598,7.21224889907544,9.09709460449322,0.00282155540118427,0.00500472494994533
"ENSG00000177370",-0.197273295259842,4.53290979176557,9.09221624160001,0.00282882540421692,0.0050171308095463
"ENSG00000175166",-0.216207878225601,8.36637138518883,9.08994361641022,0.00283221873328524,0.00502265935267082
"ENSG00000147614",0.662658812518941,0.220198374925446,9.088335571751,0.00283462227083536,0.0050264316917182
"ENSG00000090857",-0.281846791394938,5.21730997017731,9.08377977393038,0.00284144313697864,0.00503803546260162
"ENSG00000122692",-0.19532963785732,6.60532682759131,9.08357677630364,0.00284174745208715,0.00503808389302672
"ENSG00000171992",-0.267456482736634,6.07987324149184,9.07976924360218,0.00284746153052845,0.00504772225314341
"ENSG00000136541",-0.702481827641849,1.24570133791473,9.07937114965957,0.0028480596402291,0.00504798209012378
"ENSG00000077232",0.271328095932475,7.53547712053095,9.07930223298597,0.00284816319600012,0.00504798209012378
"ENSG00000141738",0.58567651009363,5.66093865092062,9.07807166602903,0.00285001292254344,0.00505076829730294
"ENSG00000106993",-0.256546982421676,4.69416509434669,9.07626785434779,0.00285272654268574,0.00505508479719098
"ENSG00000125629",0.231961131643113,5.00909432141895,9.07010009964388,0.00286202517963125,0.00507106809226821
"ENSG00000124160",0.141130162365527,6.20380931611139,9.06796791679474,0.00286524690971082,0.00507628197874736
"ENSG00000172992",0.252931512163059,5.42342711615924,9.06757819192405,0.00286583618518243,0.00507683145379352
"ENSG00000260630",0.334852958598713,1.03507461206813,9.06403996834773,0.00287119175809394,0.00508582349982592
"ENSG00000129028",0.302688554831268,1.78952694384999,9.06368410950479,0.00287173096414614,0.00508628325795015
"ENSG00000164946",-0.619581551598185,1.40343419227934,9.06265992378048,0.00287328341359571,0.00508853736382462
"ENSG00000175768",-0.333233838597674,0.440885280396974,9.06143315542228,0.00287514406555855,0.00509133679918011
"ENSG00000136237",-0.308089067824801,5.12595714590651,9.05765931939,0.00288087561175101,0.00510098964432705
"ENSG00000102981",0.390082705590052,2.4561391375015,9.05728460913559,0.00288144534365517,0.00510150179211529
"ENSG00000277215",-0.570114194664835,-0.7394259323232,9.0505145222917,0.00289175886459144,0.00511888964606594
"ENSG00000089006",0.206591075468557,6.79357858301469,9.05046837848673,0.00289182928927466,0.00511888964606594
"ENSG00000168243",-1.12965732554424,4.50114156534585,9.04747013974763,0.00289640896417447,0.00512649729859919
"ENSG00000285128",-0.577964162244312,-0.0632397502836408,9.04723186751948,0.00289677323235665,0.00512664314003141
"ENSG00000020922",-0.236918164820023,5.301062330584,9.04321007744101,0.00290292878042964,0.00513703723082839
"ENSG00000260361",-0.458282592199753,-0.567645185346988,9.03757192997404,0.0029115807779655,0.00515184659885558
"ENSG00000170049",-0.425691459444614,0.188976525652169,9.02816819506903,0.00292606997540138,0.00517698061406617
"ENSG00000198440",0.334016011089924,2.17989119273937,9.02622380327572,0.00292907506892311,0.00518179334243493
"ENSG00000186523",-0.44668632379736,0.670379199449831,9.02603754313616,0.00292936310306954,0.00518179888335235
"ENSG00000152495",-0.547006981091662,2.53269107714546,9.02513851495588,0.00293075377482414,0.00518375470742988
"ENSG00000197170",0.250896944357048,6.86425332615629,9.02493386101373,0.00293107044041118,0.00518381069332931
"ENSG00000123570",-0.498656293628715,1.70633907932047,9.01937852767456,0.00293967971471367,0.00519853132243192
"ENSG00000184497",-0.315048091176041,2.25465332459862,9.01702130909664,0.00294334058320008,0.00520449917628263
"ENSG00000165495",-0.952298079382662,0.527808637415507,9.01665047114627,0.00294391693595738,0.00520501227094322
"ENSG00000233608",-0.498365045606538,1.67436503731848,9.01357312491063,0.00294870417424643,0.00521296962686568
"ENSG00000079150",-0.293609243138783,3.7719229844041,9.00318499557001,0.00296492324618275,0.00524113363801845
"ENSG00000157426",0.225996696019075,4.03952189436566,9.00207243297614,0.00296666570140645,0.0052437041571604
"ENSG00000088038",-0.188524729768922,5.81048083015468,8.99953025613821,0.00297065109946787,0.00525023828560117
"ENSG00000181061",0.330317177723526,5.5256796326575,8.99894888726318,0.00297156328699984,0.00525134017333396
"ENSG00000174721",-0.423614394428798,0.567782022531044,8.99176201361472,0.00298286343197098,0.00527079763923911
"ENSG00000139209",0.73241203600987,-0.124982795400607,8.98363546765719,0.00299569402730229,0.00529295540786615
"ENSG00000185158",-0.242001173185146,3.04168739380266,8.97868648831619,0.00300353537199337,0.00530629444835507
"ENSG00000127191",-0.277291421151541,5.07419862082219,8.97595817465049,0.00300786718852083,0.00531343127669161
"ENSG00000120327",-0.474789993912973,2.68976329865399,8.97188855035426,0.00301434052103327,0.00532434936355764
"ENSG00000237094",-0.482858136290983,-0.935948336870578,8.97044199878146,0.00301664490497061,0.00532790226564435
"ENSG00000273447",-0.354555374462252,-0.625141023521195,8.95872041621719,0.00303538420953832,0.00536047849335692
"ENSG00000215712",-0.223674068909067,4.020466745625,8.95339616806225,0.00304393538542106,0.00537505794078042
"ENSG00000161914",-0.269765510693717,2.22138100552135,8.94942546931345,0.00305032869324138,0.00538582450953055
"ENSG00000161671",-0.292753710592857,6.61492074597263,8.94921846521935,0.00305066237156726,0.00538589081868232
"ENSG00000188167",-0.331765088241127,1.59775569840145,8.9463958196476,0.00305521603735518,0.00539340670556304
"ENSG00000102879",-0.444935349754827,5.68907294075355,8.93920933862423,0.00306684113231868,0.00541340319435289
"ENSG00000261098",0.263171293736284,1.30342028335006,8.93612472461317,0.00307184478156823,0.00542170915935595
"ENSG00000257285",0.315720669683553,-0.268999816042561,8.93506375619333,0.00307356774176536,0.00542422376161734
"ENSG00000135722",0.299579570765098,1.38702148525272,8.93283687151704,0.00307718730882675,0.00543008467768904
"ENSG00000166262",0.280212119928006,1.90123567093784,8.93261266125099,0.00307755198064792,0.00543020134109665
"ENSG00000152782",-0.428172055050121,3.33450317323673,8.93155323766757,0.00307927570213908,0.00543271573096379
"ENSG00000184811",1.18518547345388,2.57178922444416,8.92966900821988,0.00308234385470006,0.00543760136074537
"ENSG00000196923",-0.305475175453515,5.62058803609117,8.92682303285511,0.00308698398137517,0.00544525891312691
"ENSG00000120549",0.26282075796078,7.2687372726108,8.92319274759649,0.00309291323571005,0.0054551887054979
"ENSG00000226221",-0.356076722906034,-0.397105953181752,8.91832497755125,0.0031008819369106,0.00546832408902277
"ENSG00000196267",0.267667004104009,3.23338747018878,8.91827620894608,0.00310096187894111,0.00546832408902277
"ENSG00000213020",0.261030395441647,3.91708660522817,8.91249443922641,0.00311045438049069,0.00548453167933735
"ENSG00000146834",-0.197307382541829,6.27654454016068,8.9082020421181,0.00311752085987458,0.00549645884057764
"ENSG00000156876",-0.241873234823803,3.62430532925125,8.90392944828403,0.00312457105275971,0.00550835497795809
"ENSG00000263006",0.461388705992429,1.2620798798905,8.90188591943326,0.00312794883871801,0.00551377529352619
"ENSG00000228305",-0.400497100051489,-1.39398780705959,8.90009273805539,0.00313091589875637,0.00551847062376013
"ENSG00000211949",-0.898750962786369,6.4427292621844,8.88686847502282,0.00315288635226608,0.00555665668362552
"ENSG00000179152",-0.192611672052038,4.68932181935377,8.88521085596253,0.00315565138387345,0.00556099092819401
"ENSG00000157741",0.217714438004635,5.52416199805259,8.88432062257831,0.00315713738333075,0.00556307059949814
"ENSG00000117226",0.494292265803134,5.49355679624184,8.88243605795839,0.00316028550795368,0.00556807835112482
"ENSG00000107341",-0.210540185065498,7.00519340966803,8.88200436938175,0.00316100708653122,0.00556881023729463
"ENSG00000272604",-0.27466159092183,1.24213782758948,8.88139759470505,0.00316202161109573,0.00557005802059169
"ENSG00000205667",-0.66313391560443,0.0494061649836775,8.87982288912117,0.00316465606665336,0.00557415887471347
"ENSG00000177432",-0.383278286097953,2.3703701819853,8.87881332168087,0.00316634623731355,0.00557659585206341
"ENSG00000173482",-0.414788192290677,5.38181357408776,8.8784649553991,0.00316692967022946,0.00557708335032276
"ENSG00000253661",-0.751640020486322,-0.81687364381309,8.87629421257896,0.00317056764166181,0.00558294939166861
"ENSG00000100294",-0.245008055387794,4.27560130588785,8.87390513582756,0.00317457646530026,0.00558946725565161
"ENSG00000143575",-0.210092357446012,6.83127844139328,8.86298819531955,0.0031929609905944,0.00562129266256229
"ENSG00000036549",-0.234801460149659,5.93509525085329,8.85948584174809,0.00319888213871631,0.0056311719259555
"ENSG00000134313",-0.219550601548111,6.7685961307919,8.85499078150472,0.00320649804700193,0.0056440323699672
"ENSG00000155034",-0.385821989992301,3.65154365295342,8.85377387675593,0.00320856301929342,0.00564712059172719
"ENSG00000111817",-0.315169757207659,5.14783233593626,8.85307118114859,0.00320975604711056,0.00564847003720113
"ENSG00000206562",0.191884982666647,4.24727128422734,8.85295645934856,0.00320995086345453,0.00564847003720113
"ENSG00000175538",-0.269300798984265,2.00477719463871,8.84906124147779,0.00321657276545069,0.00565937287081318
"ENSG00000149541",-0.303989628958416,5.47921259141086,8.84894586519804,0.00321676911911516,0.00565937287081318
"ENSG00000124343",-0.526384896637372,2.46626667653407,8.84762622969152,0.00321901581978097,0.00566277780541408
"ENSG00000233175",-0.447347529246842,-0.788461342421569,8.84576424594133,0.00322218860905046,0.00566781106590037
"ENSG00000198646",0.207896141781282,6.80438187426169,8.84551182718255,0.00322261897269499,0.00566801990865259
"ENSG00000242485",-0.242741273995553,5.90443233364055,8.840250547483,0.00323160264393654,0.00568327101991083
"ENSG00000211966",-1.10248909664675,5.74133373076682,8.83970224244923,0.00323254035216362,0.00568437048488369
"ENSG00000244242",-0.761041346307533,1.27574612263371,8.83224695956829,0.00324531800721124,0.00570628808151181
"ENSG00000286416",-0.385083086260128,-0.434823154974486,8.82750533898993,0.00325347158354394,0.00572007164441733
"ENSG00000114423",-0.213488521182893,5.25159320443838,8.82540805456945,0.0032570847083496,0.00572587054663276
"ENSG00000076944",0.293071035803483,5.02985257109596,8.82420315665486,0.00325916231958645,0.0057289691957706
"ENSG00000171223",-0.328494827504824,6.38018766750603,8.82353473847466,0.00326031546116728,0.00573044236641965
"ENSG00000121940",-0.19015370754775,4.94712932706708,8.81972695514911,0.00326689254255036,0.00574144763396521
"ENSG00000230124",-0.199850989134712,5.63429506670532,8.81692971545638,0.00327173279051396,0.00574939864675053
"ENSG00000061656",0.431117069872009,2.61198727815501,8.81630300388946,0.00327281823692727,0.00575075046790003
"ENSG00000167085",0.332578026362483,6.63691947147018,8.81067250966858,0.00328258663800805,0.00576735759003964
"ENSG00000169230",-0.261535069735415,4.53047116284527,8.81028054184465,0.00328326777700616,0.00576799713398899
"ENSG00000197332",0.368603243873785,-1.14546180830445,8.80829164160295,0.0032867262028238,0.00577351518031285
"ENSG00000230844",-0.300076655240364,2.0653471991284,8.80658855011638,0.00328969060974319,0.00577816444326501
"ENSG00000100307",0.353915337732157,4.22134647247966,8.80518873448611,0.00329212918271722,0.00578188929849949
"ENSG00000225190",0.202379111694751,4.59652149094983,8.80488845804467,0.00329265252545448,0.00578225008525307
"ENSG00000153046",-0.231475939305852,5.4386893306013,8.7996208113268,0.00330184721087887,0.00579783713761971
"ENSG00000152433",0.281767617147571,1.50747623249687,8.79429794527415,0.00331116498056686,0.00581363728801525
"ENSG00000175215",0.189351538372711,7.86447208619543,8.7907335729516,0.00331741951891569,0.00582405658398055
"ENSG00000176909",-0.42122710291712,1.61725912464247,8.78402805616531,0.00332921873826039,0.00584420716257889
"ENSG00000232995",-0.341487537535639,0.55877857858094,8.77867160774301,0.00333867495754759,0.00585976437909039
"ENSG00000175334",-0.256738067934738,7.14513224392023,8.77864305510885,0.00333872543767944,0.00585976437909039
"ENSG00000240401",-0.486490918329949,-1.14266078277334,8.77610773995566,0.003343210908958,0.00586707063027095
"ENSG00000079101",-0.571176874341361,1.1032053205981,8.77409377095947,0.00334677841244843,0.00587276466624333
"ENSG00000271828",0.361073629342266,-1.32003274558285,8.77154969430931,0.00335129050908626,0.00588011497002324
"ENSG00000105929",-0.970401553792493,3.5962418847503,8.77043958245224,0.00335326132058933,0.00588300539200143
"ENSG00000275302",-0.44252836730756,3.18491295489741,8.76729558105426,0.00335884939189399,0.00589224081209181
"ENSG00000120279",0.328554897956499,2.78625135824587,8.76523870864473,0.00336251038426672,0.00589809421053555
"ENSG00000158773",-0.224749444953605,6.09567319616647,8.76405218368249,0.00336462411756823,0.00590123273387955
"ENSG00000108557",0.261226863983239,5.62645454800524,8.76056004308684,0.00337085308326281,0.00591158768473473
"ENSG00000183763",-0.269955948252337,3.13542391211391,8.75674544561361,0.00337767071058634,0.00592297289665872
"ENSG00000139842",-0.231906218367563,7.07329655141385,8.75422703350897,0.00338217946928838,0.00593030754723003
"ENSG00000259363",-0.56059288136963,0.257597020934443,8.75298607676338,0.0033844034421786,0.00593363503049396
"ENSG00000154553",-0.489622846376883,4.52320694601035,8.74737775978824,0.00339447303972441,0.00595071572496458
"ENSG00000158882",-0.271373053223446,4.07854163799656,8.74389426671623,0.00340074300451583,0.00596113278393735
"ENSG00000175265",-0.545145677750922,4.03352873935839,8.73485775342826,0.003417063222755,0.00598916313919898
"ENSG00000183091",-0.574264528090811,1.78662396769833,8.71941436991922,0.00344514030084076,0.00603779261820118
"ENSG00000127533",-0.428242786897009,1.94468378576949,8.7191369826738,0.00344564676264401,0.00603809840244429
"ENSG00000070010",-0.189094686589303,5.4437337046961,8.71895269885679,0.00344598327560871,0.0060381063407294
"ENSG00000198157",0.440801888357874,3.42943517412752,8.7161647900661,0.00345107826619201,0.006046451353964
"ENSG00000117151",0.254957603307485,2.46038241305636,8.71545397491611,0.00345237853662189,0.00604814687190126
"ENSG00000137077",-0.976300097174605,3.27101428683161,8.71495930344753,0.00345328371861606,0.00604914998306741
"ENSG00000160285",-0.295370465536924,6.11145162865282,8.71048266902226,0.00346148641309584,0.00606293479212126
"ENSG00000172878",0.246296999561205,2.84033200542093,8.70697539757126,0.00346792684524189,0.00607363056921131
"ENSG00000215045",0.391339501574725,0.07398372141769,8.70457987538652,0.00347233281356079,0.00608076152638587
"ENSG00000172785",-0.277020416616643,4.02473047984061,8.70326913247626,0.0034747460252896,0.00608440172407501
"ENSG00000127603",-0.299983427194951,8.40433216536602,8.69458477215111,0.00349077826027875,0.00611188631093088
"ENSG00000130755",-0.343275286640931,3.91733242554938,8.69437627388442,0.00349116409949759,0.00611197349520283
"ENSG00000169180",-0.167921298868921,7.12763733769794,8.68612180916622,0.00350647464658143,0.00613818680192715
"ENSG00000244165",-0.373498033847881,1.63721897748847,8.68316559240662,0.00351197460248836,0.00614722298816845
"ENSG00000007047",-0.22693093662038,5.52994715554339,8.68160828620403,0.00351487547724128,0.00615170854311628
"ENSG00000102349",-0.44847933229132,3.78974286788832,8.67806434578479,0.00352148610654019,0.00616268539456875
"ENSG00000125977",-0.199360314530985,6.91507441732409,8.67622394280595,0.00352492409203967,0.00616765312189268
"ENSG00000128609",0.198710493293178,6.28207817552194,8.67618173446938,0.00352500298010086,0.00616765312189268
"ENSG00000136628",-0.241576927061662,8.4393637539189,8.67185563976337,0.00353309811679221,0.00618084593097072
"ENSG00000107537",-0.350420487936938,5.5158531370073,8.67171779538839,0.00353335636862872,0.00618084593097072
"ENSG00000211649",-0.98928039087936,2.73753049788631,8.67160774181769,0.00353356256818966,0.00618084593097072
"ENSG00000102401",0.267129528634218,6.22450073556536,8.66670100958987,0.00354276849679544,0.00619635286274791
"ENSG00000071794",0.365944144677731,5.62770084039695,8.6649347008357,0.00354608842418063,0.00620156310182667
"ENSG00000124214",0.186410928881322,7.79129415035054,8.6608168216606,0.00355384070491641,0.0062145230978771
"ENSG00000169018",0.209487509119123,6.7437451068379,8.65778976541202,0.00355955047868397,0.00622378986029808
"ENSG00000168970",0.397214340078924,0.654507912962153,8.65764467797797,0.00355982438512651,0.00622378986029808
"ENSG00000083817",-0.221221339302944,2.77870033220187,8.65363737050931,0.00356739820379312,0.00623643200024887
"ENSG00000103126",-0.222502630000614,5.75044630756179,8.65268707841557,0.00356919667691743,0.00623897637287594
"ENSG00000164808",0.246474470280751,6.31562237960824,8.6504214732567,0.00357348818928555,0.00624587768467477
"ENSG00000082438",0.355519215262745,5.32281317391904,8.64469731316812,0.00358435445758421,0.00626426817282037
"ENSG00000092871",0.24141375379682,4.30849331426152,8.64279536764038,0.0035879724369664,0.0062699887282422
"ENSG00000211972",-0.87709973777847,1.6296190649243,8.63948264724873,0.00359428299769093,0.00628041302353757
"ENSG00000107020",0.304256082638687,4.92516266345658,8.63903670267519,0.00359513336660665,0.0062812954535871
"ENSG00000238113",0.61687658810188,1.85337188624899,8.6336890867168,0.00360534676589698,0.00629853491289351
"ENSG00000128683",1.05685527304977,0.623582036520611,8.63166084295368,0.00360922827197718,0.0063047103160508
"ENSG00000149968",-0.762715380526353,3.99862367605954,8.63120940909608,0.00361009277551685,0.00630561484693177
"ENSG00000212978",-0.402427509043376,3.17941584543466,8.62843447088313,0.0036154114897408,0.00631429846124503
"ENSG00000082516",0.187306929908413,5.31842216049441,8.62243036339465,0.00362694702525024,0.00633383701346628
"ENSG00000230438",-0.563868024907585,2.16397446991195,8.6151040278887,0.00364107399935401,0.00635789687982437
"ENSG00000253605",-0.314699091967083,-1.44236851609196,8.61329049379818,0.0036445796316574,0.00636340734766101
"ENSG00000065320",-0.562795065751472,4.83631960239954,8.61215794517361,0.00364677064569258,0.00636662166479714
"ENSG00000080200",-0.469475971545435,3.92692060056592,8.61101848620262,0.00364897638979139,0.00636986107856088
"ENSG00000151882",-0.856482399484287,4.92676952748052,8.60786980374689,0.00365507865986388,0.00637990121550904
"ENSG00000204540",-0.51881255616377,1.09839718549808,8.60755911453096,0.0036556813540011,0.00638034089497861
"ENSG00000132359",-0.403444330530694,4.81355526724102,8.60650697416125,0.00365772311697781,0.00638329188750647
"ENSG00000216775",-0.461232904369943,3.81890734616272,8.60559347573955,0.00365949678132277,0.0063857744851481
"ENSG00000163535",-0.257515451430875,4.42056426737935,8.60443930769266,0.00366173899359594,0.00638907413809698
"ENSG00000234518",0.306156963557256,2.17627562659379,8.60203133060016,0.00366642152280374,0.00639663066251841
"ENSG00000106443",-0.192586909018073,6.13920000619131,8.59420722593602,0.00368167858303818,0.00642254341218527
"ENSG00000147168",-0.577880264308157,3.63829621256905,8.59405276564137,0.00368198043538903,0.00642254341218527
"ENSG00000133028",0.183508968412379,4.97592291434813,8.59351160103902,0.00368303820041804,0.00642377241937124
"ENSG00000158014",0.992136268774746,1.43648314389549,8.58564042360936,0.00369845850567528,0.00645004921864243
"ENSG00000077463",-0.275167930331145,3.89641119671255,8.58321101024496,0.00370323127546944,0.00645775363741498
"ENSG00000036672",-0.499277242080235,2.3825710046671,8.58262439980968,0.00370438466212519,0.0064591456461253
"ENSG00000188846",-0.27405528561822,9.03182580345003,8.58075440533498,0.00370806388022199,0.00646494112859256
"ENSG00000237686",-0.552029075550475,1.04162482307021,8.58016049041477,0.00370923319206921,0.00646635994415362
"ENSG00000111325",0.297833906065906,-0.846879147585456,8.57978871560226,0.00370996534212552,0.00646701645031426
"ENSG00000142599",0.205386874763013,7.05720486794088,8.57680371055834,0.00371584919240391,0.00647619929843001
"ENSG00000079462",0.287939495101223,5.49698734276591,8.5767549163053,0.00371594545185922,0.00647619929843001
"ENSG00000221821",-0.368442374819399,2.12396116202574,8.57489330365834,0.00371961987908974,0.00648198202173845
"ENSG00000174353",-0.288077834835705,0.0807812316191792,8.57251142537574,0.00372432662767438,0.00648956243572922
"ENSG00000180871",-0.551837414054441,-0.837865491008549,8.57151598294604,0.00372629549468521,0.00649237115215391
"ENSG00000257052",0.390840603269503,-1.55101113350639,8.56946898714313,0.00373034756050374,0.0064988085661343
"ENSG00000164694",-0.54077884695709,6.5881841422675,8.5683067315714,0.00373265027532315,0.00650219741476655
"ENSG00000182934",-0.202063638742513,7.68350709381844,8.56618436273547,0.00373685896886528,0.00650890547076438
"ENSG00000283689",-0.432152644200462,-0.804088828185016,8.56589873731158,0.00373742573992523,0.00650926930554057
"ENSG00000234329",-0.452066454311626,-1.08046939544882,8.56411547346677,0.00374096629021432,0.00651481184282057
"ENSG00000226696",0.297237146507424,1.33432484737302,8.56232091471303,0.003744532734177,0.00652039840777513
"ENSG00000211945",-0.988731587159993,6.43901911337953,8.55961872975304,0.00374990953469458,0.00652913599626891
"ENSG00000178927",0.234768996005174,6.26329427392261,8.55559171307662,0.00375793716094687,0.00654248694202179
"ENSG00000070778",-0.345945112423147,3.90080231641477,8.55464360865169,0.00375982971140123,0.00654515532072794
"ENSG00000189403",-0.230627892939838,8.16198288359741,8.55060650809869,0.00376789927074555,0.0065585751685635
"ENSG00000187531",-0.264067857529269,4.70921427038269,8.54873153664369,0.00377165308893701,0.00656448099345324
"ENSG00000232679",0.669292230425815,-0.421686258844949,8.53982497252231,0.00378953701626345,0.00659497648567597
"ENSG00000285331",-0.252106631870477,1.16258456253319,8.53143561076716,0.00380646187683739,0.0066237972269344
"ENSG00000156052",0.275745537917541,6.63837913975835,8.53029401688132,0.00380877092846371,0.00662718125388865
"ENSG00000072134",0.345235357619119,4.42396158108792,8.52825897486092,0.00381289067775491,0.00663371490788276
"ENSG00000095637",-0.435676947581631,5.52168258934451,8.52785879252866,0.00381370134583224,0.00663449068177875
"ENSG00000178381",-0.262542962205951,3.90181556821314,8.52520779109489,0.0038190760644735,0.00664320538070429
"ENSG00000118217",0.218652985612974,6.93608176626706,8.5242942503095,0.00382093000129299,0.00664579466993563
"ENSG00000164091",-0.162577210642939,7.29617561070504,8.52341410513407,0.00382271703720265,0.00664826711346738
"ENSG00000126215",-0.27919342596005,3.53707973872479,8.52287204936381,0.00382381804657215,0.00664954609724201
"ENSG00000168066",-0.116692776918859,7.87578553172198,8.5193951239524,0.00383088801483312,0.00666120374892781
"ENSG00000136485",0.211690030712858,7.54821366808759,8.51880165988246,0.0038320960999367,0.00666246575438752
"ENSG00000089692",-0.60041653633624,3.39979468870572,8.51867871476929,0.00383234642194866,0.00666246575438752
"ENSG00000104517",0.292099757287088,7.81755616066297,8.51832699340321,0.00383306263564701,0.00666307399571325
"ENSG00000186094",0.615462598304236,-0.0954650639753344,8.51813126597816,0.00383346125672381,0.00666313009721834
"ENSG00000137878",-0.528549430619529,1.70536629377995,8.51443286154876,0.0038410014645127,0.00667559814969489
"ENSG00000129596",-0.689676380076758,1.79569934267898,8.51282869112607,0.00384427672700988,0.00668065212219145
"ENSG00000188321",-0.298022265517545,3.44373250898302,8.51190940709083,0.00384615493461069,0.00668300244244746
"ENSG00000280417",0.380119222477901,0.0444955866359359,8.51180707845452,0.00384636406243347,0.00668300244244746
"ENSG00000287419",0.450204813485242,-1.53399941104311,8.50430595636397,0.00386172578657395,0.00670905230740348
"ENSG00000126756",-0.224886996478288,5.08334985421588,8.50069296343651,0.00386914733413939,0.00672130388856994
"ENSG00000272918",-0.447215640409426,-0.254080584516503,8.49808015143179,0.00387452348612814,0.006729807318781
"ENSG00000280120",0.292140900546151,1.21448761011127,8.49795441425848,0.00387478239731002,0.006729807318781
"ENSG00000135373",-0.649859808637536,8.07695806396689,8.49484969867862,0.00388118108527283,0.00674027705327435
"ENSG00000174332",-0.631133392809924,-0.138296458190982,8.49351573431195,0.00388393365359247,0.00674441333698108
"ENSG00000267041",-0.371270431956723,2.5540755746184,8.49069993191025,0.00388975048873425,0.00675386939275404
"ENSG00000257557",0.382033026680374,-0.153496271706127,8.49031503981278,0.00389054628517559,0.00675460632252517
"ENSG00000130224",-0.473242783027192,1.13511933290175,8.48706620608272,0.00389727016925154,0.00676563423101527
"ENSG00000101084",-0.390551141162257,-0.365419442147575,8.48075087557235,0.00391037465458078,0.0067877356573311
"ENSG00000176261",-0.194736414985444,4.30237270620304,8.4723545818645,0.00392786714079599,0.0068174489509302
"ENSG00000166349",-0.471502078050366,0.513706278479173,8.47213123955735,0.003928333535941,0.00681760785798615
"ENSG00000196366",0.36737228359386,-0.512905255678796,8.47059786260036,0.00393153714677796,0.00682193887273122
"ENSG00000224429",0.362524606100267,0.561979890977722,8.47057772238162,0.0039315792425758,0.00682193887273122
"ENSG00000156427",0.553470095495885,-0.0585986326677531,8.46618504739294,0.00394077157477285,0.00683723680262984
"ENSG00000006118",-0.400036064176081,6.83358467446403,8.46364876372917,0.00394608915466446,0.00684580976202186
"ENSG00000115602",0.587129709228029,-0.500882735661511,8.46307312581441,0.003947297062178,0.00684698808993186
"ENSG00000272391",-0.168941377731757,5.49623514044511,8.46296629104894,0.00394752128386989,0.00684698808993186
"ENSG00000283236",0.381606152199083,0.236632294574571,8.46054208960119,0.0039526126365463,0.00685516531262554
"ENSG00000169718",-0.316264538608586,6.82658840301238,8.45550003752114,0.0039632236091993,0.00687291294852372
"ENSG00000179604",-0.388480576379709,7.16554402718842,8.45453850196106,0.00396525046740511,0.0068757722853622
"ENSG00000143319",-0.193835904471223,6.62020389189742,8.44984481001901,0.00397515974098032,0.00689229793793613
"ENSG00000132840",-0.533298127341997,1.9039679546194,8.44552293232334,0.00398430648314561,0.00690749845729219
"ENSG00000184508",0.293390503447357,2.23287788791548,8.44383035644013,0.00398789449372955,0.00691305995539011
"ENSG00000287430",-0.648734100214339,0.314892491689179,8.44273993455654,0.00399020778031929,0.00691641085566066
"ENSG00000142731",-0.270452700779285,4.24272198525832,8.44185388806639,0.00399208850523092,0.00691901140967601
"ENSG00000148335",-0.252340920268181,3.60751911890775,8.44038426111499,0.00399520994277811,0.00692376164261537
"ENSG00000182752",-0.531718157671907,2.05303923879708,8.44002934455964,0.0039959641482976,0.006924408910941
"ENSG00000171451",0.640337249845214,3.30664403559568,8.4379826594163,0.00400031624683672,0.00693129007311292
"ENSG00000152763",0.380097529441208,2.46313483901084,8.43643321795674,0.0040036142299761,0.00693634364781914
"ENSG00000036054",-0.178963073547155,5.73346269912795,8.43460587223472,0.00400750731262314,0.00694237945049372
"ENSG00000038210",-0.218485896786792,5.3745965562979,8.43443973196036,0.0040078614597638,0.00694237945049372
"ENSG00000157106",0.22662959507827,7.41759538602518,8.43241887886011,0.0040121717093825,0.00694918379680496
"ENSG00000112782",0.467946017121433,2.55573065396712,8.42941626057576,0.00401858472639841,0.00695962854729902
"ENSG00000203805",0.582310116296276,2.8581597063806,8.42180183485456,0.00403489481703532,0.00698721002877639
"ENSG00000179362",0.400922264924255,0.0676359341578223,8.41887241960233,0.00404118767615987,0.00699744111328976
"ENSG00000035681",-0.232331696472317,5.61198369503284,8.41864589105181,0.00404167471497583,0.00699761824997433
"ENSG00000177663",-0.189534591861943,5.36671898094198,8.41662091465074,0.00404603110906181,0.00700449398549554
"ENSG00000272848",-0.518519125896663,0.930088259999517,8.41440057212951,0.00405081333141754,0.00701210553648256
"ENSG00000114054",0.241795300146912,5.96891720864429,8.41187026899851,0.00405627021622909,0.00702088339291728
"ENSG00000140367",0.219612878156691,5.92026370669593,8.40633440467582,0.00406823521948945,0.00704092322505225
"ENSG00000196369",0.333008701487886,1.26598136783453,8.40598843764806,0.00406898417903507,0.00704154940516554
"ENSG00000142634",-0.301263556483134,5.97637152841503,8.4051411761078,0.00407081895242877,0.00704405433419983
"ENSG00000197779",0.232189786778824,3.96007390381686,8.4048647830769,0.00407141767423564,0.00704442015401424
"ENSG00000128563",-0.233832260528995,4.66100430191393,8.40152150668288,0.00407866702212222,0.00705629180998373
"ENSG00000136783",-0.232920435421146,4.80864967224127,8.39581161751714,0.00409107858608742,0.00707709001641431
"ENSG00000132792",0.223444525640114,5.94026555385789,8.39563322279568,0.00409146698496791,0.00707709001641431
"ENSG00000143156",0.241826906664103,3.80480454147767,8.39484748768266,0.00409317812800446,0.00707937654927208
"ENSG00000087263",-0.176415560559839,5.4377879550184,8.39335451953001,0.00409643147638424,0.00708432972258977
"ENSG00000286482",-0.424182741443853,-0.891282976764427,8.38027731643077,0.00412504171583822,0.00713312975163202
"ENSG00000279453",0.322649514295274,3.06731416601706,8.37874033026492,0.00412841774918795,0.00713828900296895
"ENSG00000126432",-0.306865035726548,7.28580824944983,8.37383722779898,0.00413920649018343,0.00715561737635088
"ENSG00000226887",-0.634483291482524,3.06725178135601,8.37382817529819,0.0041392264359241,0.00715561737635088
"ENSG00000198400",0.694196678217205,-0.154756212275008,8.37083759438916,0.00414582109843624,0.00716633664116692
"ENSG00000103351",0.246689040291401,4.51021983857944,8.37044092154865,0.00414669662784851,0.00716716889359581
"ENSG00000127870",0.233117174089875,5.6598730340237,8.37012564479143,0.00414739263640434,0.00716769073269879
"ENSG00000128829",0.193612140193804,6.35850634963223,8.36841218020812,0.00415117739455444,0.00717355006671318
"ENSG00000105708",0.240507208297587,3.657088076863,8.36820388864888,0.00415163771720542,0.00717366395596924
"ENSG00000119801",0.165761618862647,6.55444998367961,8.36747926794675,0.00415323953069832,0.00717575003176033
"ENSG00000227155",-0.446668120133445,-1.1109064910925,8.36558480564407,0.0041574303362681,0.00718230841147836
"ENSG00000264575",-0.356288011067436,0.755272873453093,8.3650334345028,0.00415865085754356,0.00718373461838753
"ENSG00000123200",0.226048792529577,6.5321164420625,8.36196599580785,0.00416544768199666,0.00719479225452567
"ENSG00000227473",-0.550147899089397,0.307705534393672,8.36080691739955,0.00416801892867186,0.00719854983141998
"ENSG00000163577",-0.3498165908717,2.92335483777343,8.35929095132672,0.00417138433414359,0.00720367814939267
"ENSG00000261663",0.321762908747915,0.261252327050051,8.35471043387279,0.00418156989610986,0.00722058229093763
"ENSG00000130176",-0.502609291060469,3.55970128842175,8.3530141955496,0.004185348236304,0.0072264205166031
"ENSG00000106078",-0.561503085011738,5.77412725482142,8.35125477833953,0.00418927100370598,0.0072325069782064
"ENSG00000154781",0.223420423585905,4.57101932761326,8.34645871903128,0.0041999833673267,0.00725031297313383
"ENSG00000248727",0.567837543003131,2.16840633010807,8.34200557228048,0.0042099549478547,0.00726683691672975
"ENSG00000223745",0.331943517731053,3.12638827827715,8.33996303317117,0.00421453675948673,0.00727405528388164
"ENSG00000227268",0.372590674458102,0.715133234215374,8.33963942203578,0.00421526315099349,0.00727461867257516
"ENSG00000147027",-0.490728850641252,4.84179376305044,8.33719764023019,0.00422074821868207,0.00728339360544492
"ENSG00000111450",0.241924373076331,3.72259274453451,8.33264064272834,0.00423100435224331,0.00730039912329013
"ENSG00000149485",0.450305883628125,5.80186795180739,8.32474057419093,0.00424884508905367,0.00733048704986798
"ENSG00000123636",0.28447399769317,5.18344689381547,8.32362718824964,0.00425136564293144,0.00733414002785138
"ENSG00000011304",-0.12943415712989,8.27157551304656,8.32311814890731,0.00425251854910331,0.00733497058368872
"ENSG00000269949",-0.371126177146013,-1.44672770681838,8.32305850214726,0.00425265366202978,0.00733497058368872
"ENSG00000102699",-0.258775519220023,6.43831381095265,8.32050059679879,0.0042584520185485,0.00734427511031292
"ENSG00000275560",0.440458000030514,-0.11665787375777,8.31894832521908,0.00426197471717537,0.00734965356556231
"ENSG00000159692",-0.169870101525605,6.27707148059655,8.31771449689596,0.00426477687688457,0.00735378857003949
"ENSG00000125388",0.22059331526552,2.1834192978665,8.31145621161868,0.00427901924318162,0.00737764735946415
"ENSG00000167702",0.44866180837238,4.4796054426891,8.30917130596833,0.00428423128656747,0.00738593352038759
"ENSG00000198794",0.39563866687283,4.65311961992112,8.30248349316607,0.00429952412987414,0.00741159557142933
"ENSG00000172315",0.202884271657232,5.06797438867153,8.30147005452204,0.00430184641091204,0.00741489599333474
"ENSG00000260018",-0.554423934355796,-0.0731183217166547,8.30113459989142,0.00430261538392202,0.00741541899105906
"ENSG00000168389",-0.539583948819564,3.28391739789127,8.30098199408699,0.00430296525355385,0.00741541899105906
"ENSG00000168137",-0.185363656339446,7.34593606641544,8.3005770586589,0.00430389376466135,0.0074163164179688
"ENSG00000065029",-0.186521825603988,5.21258558033983,8.29852256141609,0.00430860786301856,0.00742373624598158
"ENSG00000219891",0.411980984803025,0.959673246715034,8.29217496303055,0.00432320606538479,0.00744818337759009
"ENSG00000188599",-0.327869435774013,1.44414274605867,8.28790657141267,0.00433305101388837,0.00746443756777815
"ENSG00000100417",-0.255246861465894,4.13712176935771,8.28733087621747,0.00433438059974489,0.00746602086827919
"ENSG00000230295",0.368896150608717,-0.678336597969562,8.28334799592135,0.00434359064920062,0.00748109508544172
"ENSG00000136933",0.218309385130074,4.73852777665592,8.28319080885317,0.0043439545413102,0.00748109508544172
"ENSG00000129204",-0.414473658208181,0.323920265753806,8.28294509922926,0.00434452342803,0.00748136641819822
"ENSG00000258733",-0.478327540560867,-0.87357772800657,8.28236700053948,0.00434586218997711,0.00748296331641613
"ENSG00000274422",0.347001001576534,0.450893143339057,8.28122155525137,0.00434851606354953,0.00748682413516081
"ENSG00000198909",0.240581925375514,5.24546571861059,8.27802543424156,0.004355929921939,0.00749887869571478
"ENSG00000197083",0.493445899303298,-0.142053549304794,8.27753916195396,0.00435705903513083,0.00750011259993939
"ENSG00000212664",-0.356363495546594,-1.20806630957515,8.2744768119887,0.00436417664069342,0.00751165370880401
"ENSG00000001561",0.396700018718514,4.82004086464126,8.2726024093863,0.0043685390635997,0.00751845084110062
"ENSG00000167397",-0.296322525857868,3.70674320582928,8.26844302749155,0.00437823544736695,0.00753442580345445
"ENSG00000148541",-0.403960946072473,0.674662192264473,8.26594062376907,0.00438407969914737,0.00754376930634743
"ENSG00000119318",0.188227728039661,8.13759758120777,8.26496895419034,0.00438635114520742,0.00754696382830694
"ENSG00000286585",-0.388507986275294,-0.463008898034767,8.26354235533895,0.00438968825378706,0.00755199110479371
"ENSG00000231028",0.425313730141668,0.0778318990609063,8.26301164303722,0.00439093036339368,0.00755341354860535
"ENSG00000136161",-0.263549530096374,3.65235286661518,8.26264548115428,0.00439178755981072,0.00755417364647601
"ENSG00000205089",-0.704434701802734,0.885230764259752,8.260845134581,0.00439600472382509,0.00756071242713292
"ENSG00000142528",-0.197234413045674,4.15118660939301,8.25922798250188,0.00439979630946273,0.00756651808590282
"ENSG00000138439",-0.267577409035022,4.73372258962414,8.25544847798695,0.00440867084248971,0.00758106318267967
"ENSG00000085788",0.444117515787857,6.48559433276517,8.24921268644509,0.00442335304589314,0.00760559134039559
"ENSG00000007923",-0.193973122574868,5.12120580395252,8.24824599498564,0.00442563361035848,0.00760844437955886
"ENSG00000198920",0.19352694915704,4.26280635462883,8.24815472325345,0.00442584899580673,0.00760844437955886
"ENSG00000079277",-0.177518651512415,4.52255651448683,8.24767525621664,0.00442698063134885,0.00760967051535516
"ENSG00000198933",-0.322716178465001,3.31520660021599,8.24621118578556,0.00443043795901541,0.00761489374395883
"ENSG00000160883",-0.477558119619988,2.81376213379946,8.245756276832,0.00443151276696801,0.00761574741768628
"ENSG00000113851",0.186180990172223,4.95317535865472,8.2456465385693,0.00443177208427488,0.00761574741768628
"ENSG00000186001",-0.153460676081326,5.25683810902034,8.2451600568891,0.00443292185355088,0.00761700355903481
"ENSG00000229413",-0.327319127434691,-0.761405289273178,8.24496018421362,0.00443339432886331,0.00761709579192951
"ENSG00000103490",0.503935012672683,4.64481075416884,8.24368376068647,0.0044364128608237,0.00762156202065377
"ENSG00000169223",0.240158355265288,7.35441424576683,8.23934794343348,0.00444668210261799,0.00763848262961995
"ENSG00000136643",0.210269376963556,5.50569386789419,8.23905477947178,0.00444737733102157,0.00763895541567857
"ENSG00000086289",0.44489511169029,3.60091872928183,8.2328014661652,0.00446223342572255,0.00766374896572633
"ENSG00000142765",0.399366645760803,4.64358010614169,8.23091795082333,0.00446671808714282,0.00767072689726689
"ENSG00000107290",0.225299099824636,6.76705928565932,8.22983610630189,0.00446929605489397,0.00767442944169293
"ENSG00000258136",0.403056279834924,-1.62021276763588,8.22877296847035,0.0044718309321275,0.00767805730138158
"ENSG00000139549",0.467700343389062,-0.998460454915881,8.22820045999708,0.00447319659504631,0.00767967714467645
"ENSG00000010932",-0.571205160432139,3.35804644663422,8.22601414300207,0.00447841577643821,0.00768791185859916
"ENSG00000181790",-0.795820743702092,1.59621088836345,8.22459635413002,0.00448180366285382,0.00769300160626513
"ENSG00000274576",-1.20671333287156,2.86461610272189,8.21924455031749,0.00449461580126584,0.00771426556510551
"ENSG00000197548",0.163999692859174,4.91221496736136,8.21896414236881,0.00449528812827641,0.00771441231536165
"ENSG00000105723",-0.17855982618246,5.65949787510249,8.21885510163746,0.00449554960031439,0.00771441231536165
"ENSG00000174059",0.268759717246609,5.71217357760331,8.21454035488819,0.00450590858917268,0.00773104725517084
"ENSG00000177613",0.202775740805966,5.62878378685226,8.21446335072521,0.00450609368551056,0.00773104725517084
"ENSG00000114859",-0.317933153801033,3.21511005134013,8.21213273602464,0.00451169951815737,0.00773993499681628
"ENSG00000119508",-0.49925407529871,2.42319347823934,8.21070009722852,0.00451514899612101,0.00774512212972263
"ENSG00000196862",0.441745238565721,-0.286335629002406,8.20709961515151,0.00452383010675522,0.00775928159012297
"ENSG00000214652",-0.703886281417575,2.66217652477181,8.20643662505145,0.00452543050516186,0.0077612946749537
"ENSG00000088766",-0.33094345146561,0.0952598255100208,8.20427773937058,0.00453064588548684,0.00776920798685459
"ENSG00000237773",-0.462149229063607,-0.966529981336225,8.20417307160204,0.0045308988957866,0.00776920798685459
"ENSG00000211952",-0.824554838575348,1.43055366620569,8.19975639251533,0.00454158841980332,0.00778680337286791
"ENSG00000143367",0.341018174033008,6.07816815389712,8.19002060698835,0.00456524301489234,0.00782662267460288
"ENSG00000181896",0.276412599281463,4.36102692732445,8.1877590457613,0.00457075588851125,0.00783494137997584
"ENSG00000128973",-0.212267311316151,4.79244215972677,8.18750547118018,0.00457137443774319,0.00783494137997584
"ENSG00000244538",-0.347425465284129,-1.00235544676845,8.18750006992995,0.00457138761404792,0.00783494137997584
"ENSG00000212123",-0.435988618533313,0.547606378092859,8.18292644490515,0.00458255892626603,0.00785273463304501
"ENSG00000196639",-0.334760277826511,3.00598906603569,8.18275574386484,0.00458297641382499,0.00785273463304501
"ENSG00000197622",-0.208061386878667,7.45468484625063,8.18271970693163,0.00458306455518874,0.00785273463304501
"ENSG00000143742",0.220820727458999,8.03614096141415,8.18062092015555,0.00458820089811725,0.00786079483185348
"ENSG00000095203",-0.397424278875638,5.18993641098085,8.17848764951588,0.00459342768328025,0.0078690084490441
"ENSG00000143847",-0.511599839025938,2.49628262122176,8.17757907679102,0.00459565565624473,0.00787208373288559
"ENSG00000162994",0.276895364532961,2.29482634279777,8.1773519096534,0.00459621288140454,0.00787229681580052
"ENSG00000269837",-0.357246330918226,2.68908628332334,8.17693001034408,0.0045972479548707,0.00787332823005539
"ENSG00000140470",-0.547746263703704,2.17983981880636,8.17449454255954,0.00460322772402445,0.00788282702613282
"ENSG00000105643",-0.304957708400419,4.94787963488009,8.16996869375707,0.0046143611706392,0.00790114865106249
"ENSG00000226210",-0.367975168039754,3.09946638166515,8.1691106569839,0.00461647502658044,0.00790402407826838
"ENSG00000163041",-0.240795231075328,6.05913440792626,8.16867060823697,0.00461755951416679,0.00790513671344745
"ENSG00000108389",0.260839609577982,6.40656512308995,8.16420970847676,0.00462856803581814,0.00792323721745509
"ENSG00000188343",-0.341403754770232,4.30238887264073,8.16382635314353,0.00462951532777413,0.00792411300409899
"ENSG00000127954",0.923221226084849,5.4873156317499,8.16304914972557,0.00463143645011314,0.00792665532649457
"ENSG00000224805",0.440293007003041,-0.450881867523812,8.16127630478554,0.00463582169917292,0.00793308437519445
"ENSG00000187609",-0.29338204055613,3.35523792559751,8.1611779147384,0.00463606519814943,0.00793308437519445
"ENSG00000260261",0.36181562828062,1.12927999222349,8.15631799850977,0.0046481090224915,0.00795294514591491
"ENSG00000189077",-0.256662564558624,5.12734777325588,8.15434917427889,0.00465299728387036,0.00796056011654916
"ENSG00000162222",-0.176097842665341,4.56409404865927,8.15092312048489,0.00466151617748404,0.00797438452182841
"ENSG00000165684",-0.23234082260219,4.33573207470552,8.14598162778288,0.00467383140048429,0.00799470003874807
"ENSG00000078747",0.190889070830091,6.34803953922413,8.14538427727858,0.00467532238082687,0.00799649835080676
"ENSG00000122432",-0.365593010282099,-1.19745391077999,8.14331206967177,0.0046804983711007,0.00800459843663184
"ENSG00000150776",-0.183104078810017,5.32674216319168,8.14007955686209,0.00468858432710278,0.00801767316108926
"ENSG00000108788",0.181285587997366,5.52783306216183,8.13986675719906,0.00468911713636712,0.00801783044808171
"ENSG00000175556",-0.515480603994737,0.855704057284166,8.13381991726843,0.00470428324051815,0.00804300654056628
"ENSG00000245888",0.412024475590434,-1.08720633823979,8.13117527968953,0.0047109320730985,0.00805361712054851
"ENSG00000155287",-0.208871974981852,4.89805911894855,8.1306905860302,0.00471215167693198,0.00805494499060515
"ENSG00000272861",0.434804849820767,-1.39843493242797,8.12728362725951,0.0047207335349877,0.00806885645469
"ENSG00000146535",-0.200575806484344,6.48929937311706,8.12581820679137,0.00472442974193776,0.00807441534921669
"ENSG00000067445",-0.514717095243205,3.25126899770007,8.11948561190246,0.00474043651052332,0.00810101092299146
"ENSG00000162849",-0.47260092160625,5.19772085175624,8.11858132169955,0.00474272680109886,0.00810416338391451
"ENSG00000118680",-0.204420022797454,8.79342588501103,8.11763785132946,0.00474511753299192,0.0081074868661397
"ENSG00000121361",0.461258698517507,3.14825986360851,8.11708401437788,0.0047465215187056,0.00810912393220152
"ENSG00000184545",0.377112431065139,4.05786345413343,8.11604188862738,0.00474916447990282,0.00811287720113388
"ENSG00000136100",0.220343390556998,5.530492557271,8.11577790983928,0.00474983420271639,0.00811325924859182
"ENSG00000181982",0.253089172275176,4.79734220181958,8.1121988781885,0.00475892389011422,0.00812802213479175
"ENSG00000197771",-0.168244598688595,6.66964833064416,8.11187369784986,0.00475975063627952,0.0081286708518922
"ENSG00000066629",0.348107317384723,4.10190689497916,8.11039428157762,0.00476351379947203,0.00813433377004951
"ENSG00000099783",-0.158809328218643,7.94391573944027,8.10948672014274,0.00476582385666028,0.00813751448600611
"ENSG00000273247",-0.232825596628834,2.24087046823756,8.10479858096162,0.00477777510339406,0.00815669955915392
"ENSG00000139679",0.292116656886722,4.6330285264374,8.10472742466025,0.00477795673538739,0.00815669955915392
"ENSG00000169813",0.175673815418964,8.44451788123518,8.10289259285693,0.00478264273333735,0.00816393299239228
"ENSG00000113966",0.23450718921832,3.14036595251576,8.10185497261563,0.0047852948102619,0.00816769350685469
"ENSG00000101457",-0.219846440840804,5.05923545139038,8.10090405748799,0.00478772660046162,0.00817107735846823
"ENSG00000144744",-0.182812027442774,5.71979189686522,8.09921322131877,0.00479205373405693,0.0081776950004717
"ENSG00000154783",0.413300999793443,4.64595280502087,8.09862344086064,0.00479356402486417,0.00817950487702687
"ENSG00000166333",0.355858338977735,-1.31099976626327,8.09789851133487,0.0047954210700448,0.00818190604333723
"ENSG00000231177",-0.32360151625854,-0.395878783978086,8.08892538278393,0.00481846865161459,0.00822045847815085
"ENSG00000101928",-0.200780736556429,4.07617875262614,8.08695853083528,0.00482353569931422,0.008228331204195
"ENSG00000266916",-0.416820953092658,1.02025470700945,8.08538433000877,0.00482759512877569,0.00823448374774193
"ENSG00000233930",0.644224018726367,0.894333693147812,8.08251714847749,0.00483499780634808,0.00824633721885398
"ENSG00000188389",-0.618588395315887,1.54741922888244,8.07967958811802,0.0048423354722225,0.00825761948725564
"ENSG00000132879",-0.316500984671677,4.28079952278648,8.07960795261545,0.00484252086271545,0.00825761948725564
"ENSG00000232884",0.397987130396057,-0.414734153217367,8.07837429712406,0.00484571466820317,0.00826229102702534
"ENSG00000110721",-0.317365733618878,4.82760666879748,8.07811700818844,0.00484638103474934,0.00826265263029818
"ENSG00000104142",0.205856795346878,5.15894648117255,8.0737586342485,0.00485768331945637,0.00828114576945097
"ENSG00000286786",-0.520302396126808,-0.775672600749939,8.07251782454406,0.00486090597244546,0.00828586296408978
"ENSG00000246982",0.442030240744901,-0.215087988705615,8.07233256927563,0.00486138730887395,0.00828590688537151
"ENSG00000144401",-0.223757148603452,3.89837466809175,8.06734548603228,0.00487436330890673,0.00830724511454232
"ENSG00000023228",0.211069476506025,6.82116271984819,8.05802957305587,0.00489869785914638,0.00834793560031428
"ENSG00000258819",-0.560154251771817,-0.900882876611923,8.0577975686025,0.00489930547753306,0.0083481888725287
"ENSG00000143761",-0.20833225625462,9.64155520833983,8.05676945301616,0.00490199903734713,0.00835199611159434
"ENSG00000198189",0.36842172257026,3.92240151103163,8.05441588597681,0.00490817086898434,0.00836172834067883
"ENSG00000078900",0.518190573506205,2.57540006238073,8.05414656325736,0.00490887763047316,0.00836214913768342
"ENSG00000158473",-0.374136278385105,0.997357572643726,8.05238434775189,0.00491350464548054,0.00836924728338641
"ENSG00000144134",0.235578645741778,2.98210936899972,8.05077908614868,0.00491772344445439,0.00837564884424914
"ENSG00000255182",0.488828902594066,0.163630561255479,8.0501518390598,0.00491937292650663,0.00837767366922309
"ENSG00000122873",-0.267859869778593,4.58475748189315,8.04995352159571,0.00491989456333029,0.00837777757867721
"ENSG00000167377",-0.304821116230806,-0.76120986879673,8.04964903839068,0.00492069555964735,0.00837835712777252
"ENSG00000125409",-0.921955189766114,0.568570356125575,8.04712095437844,0.00492735129651019,0.00838890436964592
"ENSG00000113282",0.1878215157499,6.6477650492848,8.04313885575714,0.00493785378617287,0.00840599819008912
"ENSG00000124406",0.527943073919533,4.20190016685583,8.04191919488692,0.00494107514406244,0.00841069487320614
"ENSG00000233871",0.381874276255543,0.423202423325248,8.03970346857084,0.00494693281963597,0.00841987779557729
"ENSG00000052802",0.333347147178196,6.04109043408592,8.03873707877666,0.00494948987799975,0.00842344174240287
"ENSG00000236809",0.387356306874921,-0.518740610000493,8.03196083220946,0.00496745790081264,0.00845323019273769
"ENSG00000132669",0.303866534913084,6.55138028807739,8.03126703389652,0.00496930136279418,0.00845557612372537
"ENSG00000246889",0.400473682813863,0.0480190050882656,8.02999238027731,0.00497269002049195,0.00846055061671728
"ENSG00000265158",0.545267629380037,-1.17841881763268,8.0167190280024,0.00500811836185978,0.008520031499907
"ENSG00000105793",0.174948432794624,4.62729632653729,8.014258416418,0.00501471446728751,0.008530455174993
"ENSG00000187189",0.259391153364424,5.25612234624516,8.0108588926782,0.00502384216293695,0.00854452495774419
"ENSG00000106049",-0.234681432710665,5.93583812188866,8.01082802895215,0.00502392510985905,0.00854452495774419
"ENSG00000138069",-0.153507608874517,7.71279883652597,8.00843033112974,0.00503037327127176,0.0085546918240197
"ENSG00000104626",-0.303854493189279,4.62821208895143,8.00779992190553,0.00503207004901149,0.00855677730473271
"ENSG00000198744",1.42276924850536,4.19460104349371,8.00683661856405,0.00503466396231897,0.00856038778598275
"ENSG00000282939",0.698848672634726,0.123094067359135,8.00514885621026,0.00503921195481946,0.00856731978260014
"ENSG00000215845",0.318780450457238,5.49812166522311,8.00211943601335,0.00504738587452069,0.00858041445796639
"ENSG00000135999",-0.192830362232971,5.14735546751513,8.0005108627943,0.00505173162313024,0.00858699951041989
"ENSG00000233098",-0.859308516616951,2.87756956920755,7.99875645092299,0.00505647574987618,0.0085942604372253
"ENSG00000169592",0.202499323571223,4.99703627679585,7.99660187800438,0.00506230821299643,0.00860336962978688
"ENSG00000081870",-0.257487335636555,4.67774411523291,7.99340321635897,0.00507097977698649,0.00861730170829022
"ENSG00000178685",0.425556107627042,6.59584164072005,7.99144573189731,0.00507629403016167,0.0086255265153756
"ENSG00000109079",0.215552296791285,6.15134559415951,7.98356167651833,0.0050977558973424,0.00866061298823334
"ENSG00000100365",-0.337306391440582,3.14261720737522,7.98351051896367,0.00509789546140456,0.00866061298823334
"ENSG00000141127",-0.221652081310423,4.83222164543092,7.98081524900424,0.00510525403580807,0.00867230413778623
"ENSG00000165934",0.193585377725623,6.44369982298647,7.97902805074114,0.00511013942017304,0.00867979228372313
"ENSG00000119431",-0.264266744297593,4.81487519578227,7.9756316199901,0.00511943693930506,0.0086947725326436
"ENSG00000130762",0.333256927690988,4.45518409181916,7.97474911568343,0.00512185558063762,0.00869806809529757
"ENSG00000132465",-0.720431095937615,7.04993550787157,7.97056626065852,0.00513333531272009,0.00871674938546848
"ENSG00000214135",-0.238995781999211,3.94704801960351,7.96900869187786,0.00513761676249661,0.00872320516022109
"ENSG00000137574",-0.234910695580664,5.52575650269567,7.96583171541418,0.00514636101042083,0.00873723644707683
"ENSG00000211653",-0.817413281939285,5.61092312172681,7.96466660805556,0.00514957165599133,0.00874187131595765
"ENSG00000130813",-0.312289882946664,3.99772989338275,7.96276378325046,0.00515481962485104,0.0087499635405311
"ENSG00000172724",-1.00870834555407,4.49194583165911,7.96044061682219,0.00516123433394507,0.00875976865767713
"ENSG00000130638",0.193465209341097,7.0530917701571,7.96032300211455,0.005161559308573,0.00875976865767713
"ENSG00000165322",0.254997386712524,5.72866527467568,7.95828680060758,0.00516718875352231,0.00876850429642319
"ENSG00000231991",-0.337954015407183,2.81153593755121,7.95734005827534,0.00516980833861407,0.00877213117480293
"ENSG00000109063",-0.358382075046087,0.862719384599601,7.95564782397826,0.00517449405604432,0.00877926286299759
"ENSG00000215790",0.343599490913508,1.11592597150602,7.95246592749226,0.00518331638569632,0.0087930439172125
"ENSG00000271780",0.364232433072142,0.611205563993843,7.95236967209338,0.00518358351002597,0.0087930439172125
"ENSG00000115392",-0.235885921313188,4.34661474872408,7.95174685503546,0.00518531226982124,0.00879515616557947
"ENSG00000188283",-0.202780337263574,3.42732797887607,7.94857761550318,0.00519411833272939,0.00880927118945189
"ENSG00000169914",-0.2502569962893,3.91247344591662,7.94656234112664,0.0051997259655061,0.00881720333585141
"ENSG00000166922",-0.411375875542836,2.21713416195861,7.94654837678473,0.0051997648438719,0.00881720333585141
"ENSG00000233369",0.299031939170717,3.54763311679506,7.94535943870462,0.00520307608134834,0.00882199569008703
"ENSG00000168234",0.308822013153876,4.92514232307603,7.94119563849078,0.00521468949473589,0.00884086246553471
"ENSG00000186352",-0.309995016577513,1.33236556424761,7.93857831618776,0.00522200318364379,0.00885243675124552
"ENSG00000134575",0.207825582347804,5.92001728901057,7.93816396596131,0.00522316198413229,0.00885357597086655
"ENSG00000102753",-0.214616182788403,5.92354929868765,7.92979909382225,0.00524661230022395,0.00889249692633242
"ENSG00000198108",0.365143203910254,2.19806898786458,7.92547583403307,0.00525877458230486,0.00891228029285881
"ENSG00000148110",-0.186665203411783,6.53191132100416,7.92504561630947,0.00525998646174563,0.00891350356528738
"ENSG00000256745",0.301370472763872,-1.67466843118447,7.92219405530424,0.00526802626897373,0.00892629604808032
"ENSG00000163840",0.277862300140247,7.15047193830369,7.92186447736669,0.00526895630731849,0.00892704027177538
"ENSG00000214087",-0.236953562411115,4.62732977111183,7.91543300958556,0.00528713908793509,0.00895701245634905
"ENSG00000232140",0.621525594195886,-0.746846242920771,7.91040738269123,0.00530139215734354,0.00898022433634113
"ENSG00000267940",0.387518682077765,-0.461974139275534,7.91025389899139,0.00530182806925616,0.00898022433634113
"ENSG00000172009",-0.302405775120483,5.41129368410504,7.90982334370021,0.00530305109374881,0.00898145947416923
"ENSG00000094804",0.364941100245822,5.44900372167097,7.90833057504396,0.00530729365797035,0.00898780791910286
"ENSG00000148019",-0.239526618524857,5.17289138836413,7.90708856247156,0.00531082620944292,0.00899295289985548
"ENSG00000235552",-0.339828401862207,2.48759533340272,7.90681540042724,0.00531160346493801,0.00899343174644317
"ENSG00000165948",-0.302078291298265,3.09737221293103,7.90295146087505,0.00532261043885076,0.00901122951334055
"ENSG00000164669",-0.597044792039847,-0.175412970513133,7.90224300627166,0.00532463111003558,0.00901358930176327
"ENSG00000088812",0.229758632905308,6.75300947106693,7.90211530053558,0.00532499543916023,0.00901358930176327
"ENSG00000287825",-0.328798968361729,-0.530956401487062,7.89817001141625,0.00533626349204234,0.00903182210992612
"ENSG00000163815",0.479660044724684,1.00604136317017,7.89561959483035,0.00534356070434999,0.00904333135672444
"ENSG00000177917",-0.245391419658183,4.33169398615749,7.89501880681992,0.00534528116001786,0.00904540135266142
"ENSG00000105429",-0.288303863740218,5.72899339167804,7.89446485545108,0.0053468679951355,0.0090472448688738
"ENSG00000127481",-0.235705095739019,7.6413704699426,7.8937161903123,0.00534901337092656,0.00905003304096858
"ENSG00000158201",0.269652249934054,4.78407692804238,7.89208787054103,0.00535368253798506,0.00905709031726092
"ENSG00000286219",-0.482718891801104,-0.0746350685283678,7.89022013995749,0.00535904336236032,0.00906531628298079
"ENSG00000171103",-0.186362754612951,3.31434884357024,7.8854158391347,0.00537285816582984,0.00908784007440837
"ENSG00000136152",0.217072498868982,5.07628717408022,7.88216721496285,0.00538222032466717,0.00910282901850906
"ENSG00000155085",0.31660275436137,3.08440567218798,7.88020490463481,0.0053878835882493,0.00911155989800821
"ENSG00000247137",-0.399744714523396,0.995066024815549,7.87345189834655,0.00540741968630191,0.00914374760640192
"ENSG00000085832",-0.155389408262407,6.53287884598859,7.8639170182537,0.00543512751817683,0.00918974614675098
"ENSG00000172543",-0.542506393138653,2.72348846862243,7.86250235179932,0.00543925086129964,0.00919586304752908
"ENSG00000106080",-0.246754252721288,4.47031243684783,7.85843264994542,0.00545113078361165,0.00921509124382644
"ENSG00000205542",-0.292984142983239,10.1117150293845,7.85802543117836,0.00545232096680618,0.00921562159475788
"ENSG00000250474",0.33434892727565,-1.5749605843033,7.85797859133651,0.00545245788328511,0.00921562159475788
"ENSG00000203499",0.318073281297133,6.34075843432527,7.85685528878086,0.00545574244120278,0.00922031625353989
"ENSG00000198818",-0.241230415714239,5.47817457337843,7.85357588011119,0.00546534312233563,0.00923568342553567
"ENSG00000197442",-0.346522471998741,4.76900566475362,7.85287209468186,0.00546740575962093,0.00923831066109118
"ENSG00000247134",-0.526537856104421,-0.420974150167104,7.85045362754458,0.00547449983919105,0.00924943827916459
"ENSG00000240053",-0.337531959538556,0.00595600676365692,7.84874457520899,0.0054795186940986,0.00925705796101294
"ENSG00000144320",0.209455907745229,5.89151062352961,7.84644030758163,0.00548629295636246,0.00926764152413118
"ENSG00000261342",-0.446284653800319,0.163287582543157,7.83116575806852,0.00553141622575386,0.00934299761459985
"ENSG00000125386",0.150521012035889,5.24579248042234,7.82699826922191,0.00554379365068604,0.00936303453604585
"ENSG00000136051",0.216007966726835,5.83962805681849,7.82516477930197,0.00554924811366184,0.00937137648015613
"ENSG00000136986",0.216673921254317,7.35538899171837,7.82400887490285,0.00555268965438078,0.00937631783807239
"ENSG00000228300",-0.303393911229653,4.87416764806148,7.82188854653349,0.00555900832898682,0.00938611617968921
"ENSG00000119335",-0.179050809241464,8.87899265736278,7.82130217984876,0.0055607570312543,0.00938819724166465
"ENSG00000269985",-0.648594460418294,-0.0698673569184361,7.81041679612686,0.00559332294002275,0.00944230161807441
"ENSG00000131323",-0.254079109582404,5.19346577346859,7.80839106150566,0.00559940493288536,0.00945169159344028
"ENSG00000095261",0.230694494093675,5.99012822634036,7.80598218033663,0.00560664611204902,0.00946303632943092
"ENSG00000141540",-0.376959189538309,3.1355021679401,7.79597875803846,0.00563681978367131,0.00951308139792277
"ENSG00000256294",0.231553368541025,2.6441071538069,7.79539286269701,0.00563859220169342,0.00951478440040143
"ENSG00000272636",0.646834707376154,3.49751194928571,7.79529935124293,0.00563887514030828,0.00951478440040143
"ENSG00000105058",-0.17255658859052,6.45489028169406,7.79431988364377,0.00564183960234503,0.00951890340328863
"ENSG00000283632",-0.277690285270754,2.29474177705842,7.79103397534798,0.00565179644750107,0.00953481808618398
"ENSG00000135913",0.363135153794763,4.16937436474399,7.78798805835421,0.00566104219734893,0.00954953028059566
"ENSG00000124802",-0.25734077521587,2.68030367797708,7.78671058131004,0.00566492454631455,0.0095551931418315
"ENSG00000267751",0.519827659654611,-0.24621240516744,7.78544342841757,0.00566877822091114,0.00956080659142543
"ENSG00000180398",-0.18778289444087,6.9511336865898,7.78045935439676,0.00568396196412652,0.00958552621265953
"ENSG00000149743",0.243644026718759,4.13023485329398,7.77503628102898,0.005700530556264,0.00961257646554142
"ENSG00000233223",-0.392993662230152,2.06861491313025,7.77361164468358,0.00570489133174035,0.00961903805893145
"ENSG00000277075",-0.641220833927198,2.37800827899199,7.77134905280204,0.00571182411089827,0.0096298347171874
"ENSG00000115267",-0.405904089704476,6.35917290364557,7.77000036227864,0.00571596073224367,0.00963591563611529
"ENSG00000139880",-0.319572181956953,3.52391515526283,7.76926189486134,0.00571822701801964,0.00963832685068043
"ENSG00000162618",0.283658021711532,4.55517732432542,7.7691889580418,0.00571845090420566,0.00963832685068043
"ENSG00000288162",0.429477915465654,-1.64103592721457,7.76897126865503,0.00571911917507112,0.00963856000335373
"ENSG00000138081",-0.205583420997612,5.30013544350079,7.76492401525895,0.00573155820147773,0.00965862879352145
"ENSG00000165025",-0.324687466377825,5.47517216075047,7.76191892513763,0.0057408121664884,0.00967332700427007
"ENSG00000170448",-0.209911490114292,3.91313577518611,7.75838707795181,0.00575170786341582,0.00969078857061667
"ENSG00000151365",1.05920340039847,3.41934199208664,7.75722300064094,0.00575530367721036,0.00969594880336254
"ENSG00000198722",0.307297854627169,5.86982280182848,7.75611018777989,0.00575874329482912,0.00970084496122553
"ENSG00000231528",-0.441274932673017,0.728619030930902,7.75468807483954,0.00576314200844551,0.00970735570009325
"ENSG00000167842",0.185717649233988,4.51553525645164,7.75350819099202,0.00576679410673447,0.00971260776120813
"ENSG00000174442",-0.226392808797968,4.61252366560819,7.75222794007805,0.00577075956077791,0.00971838656402117
"ENSG00000172840",0.202275678397163,4.07463047157016,7.74964967844936,0.00577875398050349,0.00973094874524558
"ENSG00000117505",-0.171107976331458,6.4236598825663,7.74813822302421,0.00578344584102583,0.0097379478760024
"ENSG00000233426",-0.385681191828898,2.05643486924418,7.74545429284707,0.00579178694392716,0.00975108959882877
"ENSG00000141378",0.301721640443778,5.07855707762796,7.74405414548461,0.00579614321762302,0.0097575206258911
"ENSG00000010256",-0.23916688793957,7.27509669199532,7.7421138825986,0.00580218551524619,0.00976678853783413
"ENSG00000145332",0.229327682031705,4.62163728067892,7.741911825392,0.00580281512648934,0.00976694443092616
"ENSG00000181588",-0.250207987039737,4.75289638121513,7.7391276230137,0.0058114978642971,0.00978065357229904
"ENSG00000073578",-0.252206081954671,2.90856644489326,7.73860355302309,0.00581313370659285,0.00978250146701617
"ENSG00000164327",0.262771007368342,5.48768567912954,7.73618038124085,0.0058207035942722,0.00979366216181956
"ENSG00000149636",0.222766334832549,5.35484354870038,7.73613586629949,0.00582084275177422,0.00979366216181956
"ENSG00000133027",-0.300681051391368,3.1937153647557,7.73485559047643,0.00582484646608067,0.00979949195496024
"ENSG00000261542",0.300910251613495,0.052810717837107,7.73253653543094,0.00583210588431075,0.00981079743098816
"ENSG00000273820",-0.203261061599545,2.85693355000327,7.72950702504423,0.00584160326875607,0.00982586518562243
"ENSG00000008394",-0.503340408278717,7.61924174603091,7.72510595003598,0.00585542876352856,0.009848209575648
"ENSG00000136682",0.184401346837615,3.85105269689921,7.71935536077828,0.00587354428084456,0.00987776452889514
"ENSG00000004799",0.596796270223874,4.93061890991869,7.7184143980636,0.00587651398021747,0.00988184506954468
"ENSG00000226781",0.270595798748236,0.281369323791416,7.71591361435261,0.00588441400923378,0.00989421484699491
"ENSG00000134046",-0.179555711682467,6.66025250465977,7.71270508894842,0.00589456579117584,0.00991036814659883
"ENSG00000221829",-0.334215277828145,-0.255946482433576,7.71026742424016,0.00590229059458185,0.00992243842631063
"ENSG00000126458",-0.295977446548861,4.97096282178519,7.70033094387625,0.00593388642185773,0.0099746327394407
"ENSG00000100028",-0.228867214821593,6.03590550239689,7.69819014407197,0.00594071641728187,0.00998440741565342
"ENSG00000142871",-0.379642130357996,7.12136527409244,7.69816419138416,0.00594079926612059,0.00998440741565342
"ENSG00000272631",-0.283388984242233,0.754620323957599,7.69554499243008,0.0059491666505222,0.00999754624777768
"ENSG00000138741",-0.453360623622785,-0.934566675750159,7.69417697701823,0.00595354177295828,0.0100039742947677
"ENSG00000165178",-0.434947502615503,1.09375521167707,7.69280213097954,0.00595794207140084,0.0100104434544701
"ENSG00000100104",0.187618605073951,3.84505441465505,7.69240233137943,0.005959222287194,0.0100116695879812
"ENSG00000100065",0.403028146084995,4.12983598645444,7.69134919699191,0.00596259592787261,0.0100164121858453
"ENSG00000152413",-0.410981097890314,3.82371822619458,7.68490800217525,0.00598327258234272,0.0100502181130079
"ENSG00000137871",0.169123670280772,4.09503554624361,7.68318017940891,0.00598883152698935,0.0100586266333809
"ENSG00000110911",-0.228948641068724,6.56578066823463,7.68284639810139,0.00598990601696983,0.0100595023671881
"ENSG00000115970",-0.177224006118218,5.84884843816535,7.68212699476522,0.00599222255323204,0.0100624636504648
"ENSG00000160753",0.25300443498954,6.28813540610462,7.68100266260582,0.00599584483634002,0.0100676168651544
"ENSG00000077984",-0.477717841945412,2.84564768013916,7.68008573290816,0.00599880059236537,0.0100716500668274
"ENSG00000221817",0.289759364550156,1.50098903220791,7.67668625171785,0.00600977201362313,0.0100891391345558
"ENSG00000086758",-0.209389952990253,8.87271993070609,7.67592401534144,0.0060122348693218,0.0100923422061121
"ENSG00000153071",0.279589658977049,6.16815808474125,7.67427732024035,0.00601755903315778,0.0101003473325096
"ENSG00000188706",-0.206154017426209,6.68583503580867,7.67004849798394,0.00603125404555536,0.0101223999797509
"ENSG00000027075",0.254748159419599,4.84893321948932,7.66939693659881,0.00603336696824221,0.010125011848901
"ENSG00000174173",-0.213712693285068,5.28442745233865,7.6664160403254,0.00604304330306462,0.0101403147519272
"ENSG00000224650",-0.807077664474191,4.2153952147211,7.65660944529512,0.00607498932001858,0.0101920835508739
"ENSG00000288670",0.24470475958088,2.98776626539476,7.65660150013966,0.00607501527243367,0.0101920835508739
"ENSG00000111229",0.197910159035323,7.4040522276302,7.65565253885767,0.00607811582204093,0.010196344823029
"ENSG00000185627",-0.207132293589469,7.12947861284787,7.65447148907595,0.00608197694784241,0.0102018810963163
"ENSG00000142856",-0.213372604613671,4.16335451075411,7.65300303787395,0.00608678117087066,0.0102089981497414
"ENSG00000272079",-0.521199477733214,1.68900782582088,7.6459624099471,0.00610986970099228,0.0102467782500367
"ENSG00000111291",-0.60244784387917,-0.544901710442241,7.64515688681682,0.00611251700694581,0.0102502728491914
"ENSG00000161643",-0.482796003661272,-0.609135237930205,7.64212530538839,0.00612249069707617,0.0102660515164028
"ENSG00000183354",-0.226909797151092,5.41498989427541,7.64154930637237,0.00612438758319905,0.010268285523896
"ENSG00000169248",-0.669164116766798,4.82430740251326,7.63743680469323,0.00613794847891726,0.0102900734569589
"ENSG00000213799",0.207456037909412,4.16171439174739,7.63328736428499,0.00615166245579321,0.0103113720180076
"ENSG00000168497",0.493737467084481,1.98540579464289,7.63324979409422,0.00615178676970532,0.0103113720180076
"ENSG00000103241",-0.409048353995834,-0.546671647127243,7.63155291762029,0.00615740416211765,0.0103198366108179
"ENSG00000224897",0.395216538867127,0.138456160446866,7.63051051578402,0.00616085757491158,0.0103246731385324
"ENSG00000133466",0.383896758387737,5.1469717585548,7.62639053261482,0.00617452631651742,0.0103466265565523
"ENSG00000169902",-0.276106799756731,3.87322110773687,7.62445607747321,0.00618095494713041,0.0103564448252794
"ENSG00000185515",0.265677413930812,5.61051011723074,7.62207990347454,0.0061888609241033,0.0103687364119004
"ENSG00000166192",0.232518145823147,1.51645174771773,7.61983220605964,0.00619634900042758,0.0103795150525392
"ENSG00000138434",0.465075878759381,7.23439935091891,7.61980616596868,0.0061964358060518,0.0103795150525392
"ENSG00000211673",-0.953950017646603,6.94857521510413,7.61955522386799,0.00619727239505462,0.0103799604310943
"ENSG00000274536",-0.514920063791201,-0.898674160307277,7.61659227061929,0.00620715904905106,0.0103955625031437
"ENSG00000090054",0.180669784638233,6.49978676018998,7.61575029626168,0.00620997146916476,0.0103993150797504
"ENSG00000184903",-0.252198055063534,3.22838844339265,7.61056731212711,0.0062273128941371,0.0104273952235837
"ENSG00000145494",-0.31835186599546,5.76621862091913,7.60987804528888,0.00622962281585128,0.0104303028421894
"ENSG00000163935",0.223565754450305,4.46466193365318,7.60834380352213,0.00623476764187334,0.0104379559895427
"ENSG00000242338",0.396558261381834,-1.52752339454297,7.608083651997,0.00623564044990492,0.0104384563739412
"ENSG00000130052",0.239600317751737,3.015770073,7.6038850076844,0.0062497442775416,0.0104602273690881
"ENSG00000149532",-0.144743175665172,6.72364273444787,7.60386960891744,0.00624979606443149,0.0104602273690881
"ENSG00000182944",-0.144356520277756,7.85955266512246,7.603269749057,0.00625181376900117,0.010462641592804
"ENSG00000134955",0.418541193771099,4.37694445783683,7.60189587555096,0.00625643748949552,0.0104694162350671
"ENSG00000227039",-0.542589591545572,0.931144485768952,7.60102689552617,0.00625936382406279,0.0104733495153684
"ENSG00000271270",0.301121971741731,1.48109370827475,7.60052540696841,0.00626105325251976,0.0104752126351605
"ENSG00000156136",0.226123798881991,5.06874856341919,7.59979456576124,0.00626351616971951,0.0104783693979818
"ENSG00000238287",-0.388393939836129,-0.828223142038728,7.59642463623267,0.00627488563906369,0.0104964241702649
"ENSG00000170089",-0.384681876904037,3.35951535338311,7.59470390171995,0.00628069923234294,0.010505182788105
"ENSG00000078596",-0.458663768449292,3.97565567099773,7.59263814395133,0.00628768581817359,0.0105159015780176
"ENSG00000184207",0.27120734735968,4.31061502730957,7.59101847807418,0.00629316926610522,0.0105241046903201
"ENSG00000256443",0.526560382051696,0.0868002857571763,7.59035058959886,0.00629543186212868,0.0105269205395234
"ENSG00000135930",-0.149068771849833,6.05228068698735,7.58447726602474,0.00631536487672926,0.0105592807848825
"ENSG00000030419",0.468931028474718,4.08020511875184,7.57657283574614,0.0063422935567019,0.0106033307481657
"ENSG00000139364",-0.551370307519564,-0.920591742070712,7.57198466077282,0.00635797858439802,0.0106285766997271
"ENSG00000153048",-0.223836715421572,5.36715421542106,7.57097008371555,0.00636145237394749,0.0106334064679126
"ENSG00000143486",-0.230016776132116,6.18858854429044,7.57039154139146,0.00636343410650845,0.0106354409637951
"ENSG00000072274",-0.386145503305924,7.92422039923771,7.57027335608231,0.00636383901522886,0.0106354409637951
"ENSG00000100311",0.392686507386967,5.70570543787849,7.56961751745227,0.00636608643215539,0.0106375022002906
"ENSG00000151846",-0.370899813461774,0.532929299950294,7.56957209728272,0.00636624210744245,0.0106375022002906
"ENSG00000105397",-0.197296873045791,6.1038303413036,7.56519111005795,0.00638127612218605,0.0106616434053206
"ENSG00000164048",0.203194012357574,3.79899742622875,7.56122882200311,0.00639490473767248,0.0106834322925312
"ENSG00000115414",0.440410882568143,12.3393868963379,7.55926743845214,0.00640166214554923,0.0106937390800192
"ENSG00000164190",0.230611556853135,6.92617444952423,7.55650852660444,0.00641117964417104,0.0107086541801986
"ENSG00000215218",0.624289138918941,2.72250685038434,7.55613915063529,0.00641245499486419,0.0107098008674555
"ENSG00000223891",0.275866162641828,3.84495370059434,7.55535033624568,0.00641517942096797,0.0107133673040644
"ENSG00000198856",-0.190773983809258,6.72706541347829,7.55056046818013,0.00643174835225823,0.0107400513249057
"ENSG00000111664",-0.429610185337345,0.000319918839443512,7.54614916251975,0.00644704668920406,0.0107646089399838
"ENSG00000135643",-0.476851743529153,2.34051793314471,7.54496364767399,0.00645116440956151,0.0107704955279149
"ENSG00000130382",-0.187243436151373,6.45574069212485,7.5403680961228,0.0064671519877962,0.0107961964528717
"ENSG00000253755",-0.900751348580315,7.79115221534963,7.53260266330099,0.00649425997425312,0.0108404552507081
"ENSG00000164904",-0.228900464812806,6.4733495081136,7.53011128958294,0.00650298172376016,0.0108540177656006
"ENSG00000177951",0.202685572645143,5.76146210704522,7.52066831757447,0.00653614895714793,0.0109083755948437
"ENSG00000023909",-0.250837167637267,5.24011690823057,7.5186108979864,0.00654339842668207,0.0109194724822914
"ENSG00000183762",-0.336758851886259,4.8195839291296,7.51485916098839,0.00655663923818911,0.0109405646297416
"ENSG00000211677",-0.804669790127363,7.77279016616623,7.51247964968907,0.00656505139829178,0.010953010119168
"ENSG00000137801",0.421668454359226,9.20153358009543,7.5124087560977,0.00656530219480806,0.010953010119168
"ENSG00000128487",-0.360746052242482,5.16333757996577,7.51084867850406,0.00657082369324166,0.0109612163012638
"ENSG00000239653",-0.401599294953831,-0.647558249387367,7.51003346030864,0.00657371085009917,0.0109650268655176
"ENSG00000006283",-0.743422379951709,0.132929168196483,7.50919793483001,0.00657667128024279,0.0109689589403994
"ENSG00000137393",-0.37500131367745,5.9657381964482,7.50836808643948,0.0065796129522219,0.0109728590110959
"ENSG00000205220",-0.330130361896616,3.86178873816536,7.50110174769587,0.00660542875048798,0.011014902183357
"ENSG00000286039",-0.534361650087276,0.00973435339138011,7.49913331418402,0.00661244009983079,0.0110247532757014
"ENSG00000177542",-0.332057792117155,5.37782365302636,7.49910287664599,0.00661254857513891,0.0110247532757014
"ENSG00000109919",-0.179806546731941,7.06440648646872,7.49704212971518,0.00661989705837857,0.0110359933728496
"ENSG00000235531",-0.447461092847714,1.89177602616289,7.49615909017052,0.00662304848674347,0.0110402351642279
"ENSG00000018189",-0.208791295005548,5.48478351162671,7.49410815027056,0.00663037392025869,0.011051300792085
"ENSG00000152926",-0.408989194955745,4.99618322744828,7.49396039156467,0.00663090199824192,0.011051300792085
"ENSG00000005801",-0.212078006912059,4.85701947723203,7.49357790722674,0.00663226916803398,0.0110525665776253
"ENSG00000213782",-0.318516152225248,-0.299119387689587,7.48945438825228,0.00664702688585369,0.0110761452130011
"ENSG00000111785",0.199394988979874,4.3764875630013,7.48818342766654,0.00665158234829806,0.0110827207540166
"ENSG00000260005",-0.335618667852552,-1.08130310330369,7.48735972548566,0.00665453643146671,0.0110866271517373
"ENSG00000154485",0.383308479370302,-1.1234245568379,7.48698145667593,0.00665589348727203,0.0110878723893116
"ENSG00000066230",-0.520767614115875,-0.392034475579472,7.478630100142,0.00668592694886906,0.0111368842701741
"ENSG00000274523",-0.184793308010058,5.82079437899201,7.47769513774408,0.00668929795865627,0.0111414790542161
"ENSG00000068028",-0.220322838406519,4.90133552685851,7.47333384796837,0.00670504570936837,0.0111666854099434
"ENSG00000233038",0.382024328151157,-1.35588974000811,7.47069998357936,0.00671457452940406,0.0111815309962279
"ENSG00000241294",-1.07905358192794,3.20688555068597,7.46853382782164,0.00672242170415922,0.01119357373938
"ENSG00000214022",0.223015695841594,6.98119847727301,7.46708189272645,0.00672768680242868,0.011200746031219
"ENSG00000075426",-0.263184524926391,7.40411959972583,7.46700637519177,0.00672796076484864,0.011200746031219
"ENSG00000173812",0.17963906723266,8.98567350175009,7.46549058328984,0.00673346217977437,0.0112088788326685
"ENSG00000163602",0.194460683541564,6.25931093714336,7.46022057892644,0.00675262516114717,0.0112397498335266
"ENSG00000263823",-0.281180444519346,-1.03756381690945,7.45704329808716,0.00676420559664112,0.0112579951859177
"ENSG00000146700",-0.385711719365616,1.52915113368113,7.45494919066551,0.00677184928681063,0.0112696856829089
"ENSG00000176720",-0.333077242954166,5.07323830869056,7.4546591796206,0.00677290855462444,0.0112704172727822
"ENSG00000197182",-0.599365255505236,1.53834570007869,7.45442944717716,0.00677374777528821,0.0112707825941764
"ENSG00000155066",0.377598991243407,6.97135095107998,7.45258456419626,0.00678049107643147,0.0112809707005247
"ENSG00000127080",0.271039430468232,2.77352856416076,7.4467616087629,0.00680182009922511,0.0113154215645025
"ENSG00000132698",-0.319398738184474,7.01369586689551,7.43966775631242,0.00682789758491734,0.0113577648870017
"ENSG00000144893",0.538960147383814,1.18136518894784,7.43927392707743,0.00682934833730798,0.0113591392372161
"ENSG00000244480",0.409517191895592,-1.45523643022989,7.43668712709987,0.00683888523963425,0.0113739616622593
"ENSG00000136827",0.158479912789147,5.66901375154416,7.43617123290896,0.00684078885372069,0.0113760873796719
"ENSG00000166068",-0.268404555708067,5.59069927433047,7.43299596923613,0.0068525173642371,0.0113945498099053
"ENSG00000078808",-0.246717771160869,7.01908401567564,7.43255032834674,0.00685416508771973,0.0113962477937148
"ENSG00000182308",0.506404425698027,-0.660491822093114,7.42392830862322,0.00688612469138656,0.0114483396605977
"ENSG00000215105",0.408859389024618,3.13521359864481,7.42173160304884,0.00689429178624773,0.011460870030918
"ENSG00000204584",0.490054123574423,-0.934441598388253,7.42136790428587,0.00689564493680922,0.0114615582900545
"ENSG00000186470",-0.338102416925907,6.00385533491141,7.42128157916291,0.00689596615175203,0.0114615582900545
"ENSG00000163131",-0.362144355154394,7.11404822478402,7.4199332447564,0.0069009852889811,0.0114688523790194
"ENSG00000229132",-0.288383202025076,-0.829729073105983,7.41432902105931,0.00692188715484828,0.0115025384716656
"ENSG00000106952",0.377037622225407,1.81254166888379,7.41055341182091,0.00693600560903146,0.0115249470141663
"ENSG00000103202",0.321908253517922,6.9279292756079,7.40984971976746,0.00693864025723168,0.0115282715811208
"ENSG00000130208",0.39863380726872,4.64836622326094,7.40948906898015,0.0069399909456416,0.0115294624880644
"ENSG00000109103",0.228015714077228,4.97496957595297,7.40832261913576,0.00694436131816255,0.0115356693446653
"ENSG00000240694",0.615424308683688,2.15854063326774,7.40719947719495,0.00694857210296512,0.0115416099916648
"ENSG00000225828",-0.360632754040669,0.459353143101682,7.40100247748444,0.00697185261842524,0.0115792215709906
"ENSG00000118518",-0.161582433601309,5.22224843785168,7.3997366626399,0.00697661781536164,0.0115860778694118
"ENSG00000272129",0.309646037094144,0.0377356161145377,7.39953123977536,0.00697739145164768,0.0115863047313584
"ENSG00000166473",-0.604592065010398,0.790281329121386,7.39857095674159,0.00698100911261859,0.0115912537648628
"ENSG00000167261",0.348477385193309,0.826068215190859,7.39651380908431,0.0069887654719927,0.0116030731542312
"ENSG00000080845",-0.196662693433195,6.62241865874968,7.39354019096505,0.00699999300375433,0.0116199506097545
"ENSG00000109265",0.553303999658729,3.06249898524876,7.39348306815608,0.00700020886469539,0.0116199506097545
"ENSG00000188322",-0.37591014265794,5.64752942703674,7.39127961316515,0.00700854071239561,0.0116327193353761
"ENSG00000138798",0.68259374102691,3.1091443636275,7.39080597323682,0.00701033300228351,0.0116346324158712
"ENSG00000120509",0.204578434294772,5.50959380439607,7.3893722878485,0.0070157610521696,0.0116425786511734
"ENSG00000277744",0.358762027892515,-1.39047098760515,7.3810188317536,0.00704747402103104,0.011694138992292
"ENSG00000162971",0.174666083488995,3.52208247565436,7.37922852559109,0.00705428988795589,0.011704380996364
"ENSG00000240382",-0.985909374169858,4.45487101238163,7.37812163746629,0.00705850730914737,0.0117103102197184
"ENSG00000220205",0.245523824462967,5.64165653942173,7.3760976543901,0.00706622571839521,0.0117220460932298
"ENSG00000107560",0.200381932923454,4.19751347605905,7.37513303766456,0.0070699073150395,0.0117270838345589
"ENSG00000231711",-0.352980479826553,2.04028779099118,7.37014626123285,0.00708897155054468,0.0117571715481917
"ENSG00000170949",0.188891133689922,5.05550369831665,7.37005024240661,0.00708933914498671,0.0117571715481917
"ENSG00000038274",0.191358016462801,6.11168563512588,7.36880078422251,0.00709412430652046,0.0117640347271147
"ENSG00000134049",0.218864131515033,5.56491504700612,7.36610562374427,0.00710445752110532,0.011780096033719
"ENSG00000120265",0.211929891629025,6.30485451599969,7.36512172238285,0.00710823364496242,0.0117852829110826
"ENSG00000185379",0.225698310704,4.23583431438587,7.36473514400828,0.00710971786255753,0.0117866692629839
"ENSG00000180044",0.366380314926024,1.74399006923595,7.36342283916108,0.00711475866578276,0.0117939510219884
"ENSG00000065802",-0.224020133567987,4.35191917869922,7.361580628418,0.00712184113924214,0.0118046155691731
"ENSG00000042753",-0.252661293185849,6.51487439119338,7.36088064853509,0.00712453414905931,0.0118080031987508
"ENSG00000082258",0.182459312653584,5.46842517400095,7.35947266390141,0.00712995421614224,0.0118159095474437
"ENSG00000089597",-0.175588822474441,9.24484295842488,7.35637724996657,0.00714188499923874,0.0118346031674703
"ENSG00000137207",-0.198867074983281,7.07930067422463,7.35514436662801,0.00714664267097075,0.0118414081169369
"ENSG00000213609",-0.334972439580542,-0.61168725793429,7.35482432894783,0.00714787822289283,0.0118423764909797
"ENSG00000139668",-0.2370239497799,4.00794561616733,7.35370482150245,0.00715220197319596,0.0118483123804911
"ENSG00000181284",-0.261736196155079,2.08129512056567,7.35355937651014,0.00715276390685022,0.0118483123804911
"ENSG00000160161",0.52712290355158,3.63912978128401,7.35256136662925,0.00715662099099388,0.0118536219455602
"ENSG00000183655",-0.24832897546409,3.83909113987493,7.35056129944116,0.00716435724467217,0.0118653550870604
"ENSG00000152234",-0.193351328444458,8.93049920021236,7.34535287549032,0.0071845438173884,0.011897703992594
"ENSG00000203943",-0.619870284957049,0.615735581246151,7.34294533055329,0.00719389463964103,0.0119121044888739
"ENSG00000196263",-0.447288085174524,2.88575557636595,7.34186584631369,0.00719809138474549,0.0119179686941967
"ENSG00000186806",-0.561725813488277,2.52898500553433,7.33908393791834,0.00720891831325821,0.0119348085091517
"ENSG00000178429",-0.268812600132567,-0.710844341328886,7.33763842764254,0.00721455071882486,0.0119430461885853
"ENSG00000257335",0.861712353159375,1.38772503591797,7.33358713455141,0.0072303606535216,0.011968128828381
"ENSG00000205930",-0.308884764672242,0.562772256631709,7.33153323273268,0.00723838949911024,0.0119803283474217
"ENSG00000187498",-0.296682006562908,9.03557440830576,7.32885080700745,0.00724888910504979,0.0119966146535619
"ENSG00000158623",0.230352082566892,5.75641841314241,7.32836802864359,0.00725078046951713,0.0119986530051476
"ENSG00000157103",0.429971318869372,0.790534752961548,7.32726987529062,0.00725508455922204,0.0120046832208088
"ENSG00000262001",-0.360572205232212,0.979525025922995,7.32363301498483,0.00726935760828814,0.01202720605654
"ENSG00000196236",0.192532945600365,4.90822348584168,7.3216159970572,0.00727728595398917,0.0120392283910456
"ENSG00000185947",-0.194667697280789,4.47763095061228,7.32107077876754,0.0072794305852403,0.0120416810808868
"ENSG00000171202",-0.233504805664485,4.0577690976355,7.32086827960613,0.00728022728692875,0.0120419037736141
"ENSG00000237037",0.253004566122485,0.754707385963487,7.31968799194774,0.00728487273246052,0.012048491884877
"ENSG00000231249",0.400058501054166,-1.64492285078265,7.31938489479972,0.00728606617218571,0.0120493700254331
"ENSG00000196998",-0.188707293716747,4.29567882889939,7.31700181026542,0.00729545653828547,0.0120638024837109
"ENSG00000131981",-0.400103260093385,7.40175027143405,7.31463197343053,0.00730480705351525,0.0120781664263032
"ENSG00000273265",-0.310011148652708,-0.920574635399988,7.31424611669036,0.00730633067111019,0.0120795875144216
"ENSG00000214021",0.306256188044736,3.2782326284403,7.31181569084136,0.00731593511996708,0.0120943672025051
"ENSG00000185475",0.19022223328345,4.75048660863354,7.3104259306546,0.00732143295030929,0.0121023559483982
"ENSG00000139579",0.197591282537872,5.50260779295464,7.30711699279378,0.00733454008264929,0.0121229203038191
"ENSG00000214944",-0.310407435002728,4.42077671611811,7.30413965955808,0.00734635432466427,0.0121413441578368
"ENSG00000229358",0.290307099899144,0.702397675626536,7.29701062471736,0.00737472242858876,0.012187120800579
"ENSG00000112419",-0.25986671085127,5.17522832893965,7.29607985109156,0.00737843450676798,0.0121921474342778
"ENSG00000272189",-0.439501524360979,1.14990394474356,7.29426931644517,0.00738566072569112,0.0122029794039671
"ENSG00000259807",-0.451036280308252,1.01927580577657,7.29379595235461,0.00738755122064559,0.0122049942411756
"ENSG00000214655",0.203783767578839,5.46643422993574,7.29192973819849,0.00739500925539063,0.012216206025163
"ENSG00000187118",0.188535734413973,3.95986040336192,7.2903306337783,0.00740140599197483,0.0122245375742053
"ENSG00000116754",-0.158528223950419,7.30846906047699,7.29021953961406,0.00740185060228441,0.0122245375742053
"ENSG00000143353",0.238690800003334,4.54741973541322,7.29016495308571,0.00740206907327485,0.0122245375742053
"ENSG00000214719",0.322971875357083,-1.72141447780955,7.28674937476975,0.00741575240805506,0.0122460236787457
"ENSG00000286369",0.431946584304521,-0.972386315725245,7.28170415717054,0.00743601197462299,0.012277478632923
"ENSG00000233058",0.462455614914297,2.08211987150546,7.281669718277,0.00743615046295799,0.012277478632923
"ENSG00000188779",-0.571628776974901,-1.44039791094786,7.27468321486005,0.00746430009579344,0.0123223712246563
"ENSG00000103855",-0.229115533011312,7.0999265575261,7.27458521217352,0.00746469574187724,0.0123223712246563
"ENSG00000156973",-0.165557915176343,4.26325626005605,7.26974657327428,0.0074842566482635,0.0123535402412757
"ENSG00000198783",0.184212412980791,4.1470606997543,7.26512471118402,0.00750299047036103,0.0123833385367447
"ENSG00000029639",-0.222985151393705,3.28841329170636,7.26357073917854,0.00750930003119568,0.012392627617039
"ENSG00000172667",-0.282792305464897,5.30178320920511,7.26238861328805,0.00751410345014107,0.0123994296453607
"ENSG00000177556",0.251118180474611,5.82490921347477,7.26082552872331,0.0075204597024966,0.0124087926217008
"ENSG00000126709",0.548615518723674,8.69066328637124,7.25502860375242,0.00754408114604102,0.0124466389590161
"ENSG00000053254",-0.237703725114169,5.58610094141338,7.25343175425461,0.00755060143177139,0.0124562665615472
"ENSG00000115756",-0.305515838790307,5.51644684870066,7.25014824036444,0.00756402697062506,0.0124772830166632
"ENSG00000111667",-0.223467414275426,7.08335081784964,7.2463661595049,0.00757952149276862,0.0125017082534212
"ENSG00000011376",0.191003258127668,4.96310277409556,7.2438194192914,0.00758997344499955,0.0125178125696093
"ENSG00000177548",0.28789117099735,4.75501845795119,7.24147036237569,0.00759962724861073,0.0125325977330431
"ENSG00000180257",0.226143570762846,3.42203329644642,7.23969071346735,0.00760694939886416,0.0125435354185441
"ENSG00000267013",0.739780108778871,1.32498828321213,7.23673362450863,0.00761913204685384,0.0125624074736515
"ENSG00000135932",0.168169412016704,6.68116789549276,7.23657754201828,0.00761977563499687,0.0125624074736515
"ENSG00000275807",-0.255072739361512,-1.27938463546519,7.23384778807773,0.00763104051312093,0.0125798391056506
"ENSG00000090060",0.161657699154574,7.90605275419716,7.22776589966899,0.00765620033931822,0.0126201714492949
"ENSG00000175105",0.222466293288911,4.54089403113094,7.22690270809642,0.00765977814249123,0.0126249247716928
"ENSG00000198734",-0.586641056218109,2.47041875210888,7.22399210659056,0.00767185485307972,0.0126436839496026
"ENSG00000078304",-0.163743966586871,7.06591424833876,7.22196925266029,0.00768025965259348,0.0126563887434421
"ENSG00000090273",-0.221944323470307,6.90789757641848,7.21879938526273,0.00769344927369441,0.0126769754837791
"ENSG00000249485",-0.28831128510046,-0.605470536540833,7.2177374364705,0.00769787318948737,0.0126831160042029
"ENSG00000008853",0.273310816883245,3.69210507960187,7.21667236494643,0.0077023127446344,0.0126892811774828
"ENSG00000115816",-0.20587193165529,5.55885591014362,7.21434362207217,0.00771202886677437,0.0127037054862575
"ENSG00000118705",0.21815673328994,9.19224048640957,7.21423912758135,0.00771246514071119,0.0127037054862575
"ENSG00000163960",-0.194769560451964,6.28948860145962,7.21084635212654,0.00772664409900914,0.0127259080750501
"ENSG00000131503",0.283531199526484,0.803078038498896,7.210151541275,0.00772955113538233,0.0127295432859773
"ENSG00000117543",-0.179817566663775,4.57217925296265,7.2086148149514,0.00773598468287788,0.0127373247375551
"ENSG00000272674",-0.572971558046122,2.64715213391065,7.20859051441457,0.00773608646201846,0.0127373247375551
"ENSG00000170439",-0.708774182893229,1.3788353298973,7.20852112840589,0.0077363770824594,0.0127373247375551
"ENSG00000178425",0.213400550621106,5.3234963807499,7.20706442924139,0.00774248100274147,0.0127462205356501
"ENSG00000182183",-0.446729100374911,-0.402542030420796,7.20619167386984,0.00774614043294802,0.0127510907950456
"ENSG00000079999",-0.226630223836941,6.38921608445558,7.20551797469201,0.00774896644588068,0.0127531230379487
"ENSG00000151092",0.168312786823701,5.1658709404054,7.20538756674674,0.00774951359979674,0.0127531230379487
"ENSG00000171204",-0.212878599543901,4.82531532177773,7.20532210975057,0.00774978825336155,0.0127531230379487
"ENSG00000272994",-0.261427740600177,1.43639445134602,7.2052288148241,0.00775017973050619,0.0127531230379487
"ENSG00000158747",0.418932085305562,6.9856269866653,7.20327129846782,0.00775839841021781,0.0127654921553321
"ENSG00000159921",-0.352712159721776,5.25539963643887,7.20265832880334,0.00776097382260873,0.0127685745712897
"ENSG00000279368",0.42630277574843,0.0182161873254691,7.2010407824166,0.00776777422436558,0.0127786068734408
"ENSG00000173110",-0.594489320605487,3.5182706125909,7.19970544813309,0.00777339278784554,0.0127855972170038
"ENSG00000176920",-0.557314148514082,3.40654422329312,7.19969674868937,0.00777342940541173,0.0127855972170038
"ENSG00000259612",-0.320670398933303,-1.44715830854948,7.19617913752449,0.00778825024493321,0.0128088159376838
"ENSG00000238045",0.351283611322573,-0.285626008587436,7.19127154916966,0.00780897613645092,0.0128417412269231
"ENSG00000171045",-0.312994459299187,4.16874754479686,7.18866427981079,0.00782001033522584,0.0128587241639171
"ENSG00000157540",-0.157868966554484,6.67160757193321,7.18091819868163,0.00785288724343978,0.0129116175360407
"ENSG00000134247",-0.246635191574019,7.20869578195012,7.17519999750571,0.00787724845180083,0.0129505012059436
"ENSG00000115677",-0.193239927881625,9.65143263033908,7.1708819579745,0.00789569612265469,0.0129796566412548
"ENSG00000153561",-0.194537993523539,6.75953427208615,7.16872018698518,0.00790494841715012,0.012993691984738
"ENSG00000178449",0.197873329860442,4.21336030545619,7.16799921620246,0.00790803662566402,0.0129975935430668
"ENSG00000230795",-0.452584186040189,0.625669313738009,7.16779697348127,0.00790890313587937,0.012997843158523
"ENSG00000148337",-0.18417891689456,6.62859449858644,7.16759846745981,0.00790975373125938,0.0129980665760883
"ENSG00000131508",0.146299049123287,6.65446960184999,7.16690338699691,0.00791273288331522,0.013001787485928
"ENSG00000160710",0.217643595297165,9.55824794432188,7.16557639699416,0.00791842364252394,0.0130099628916193
"ENSG00000256073",-0.294008393225043,2.28038892485031,7.16146974927762,0.00793606160350319,0.0130377642890901
"ENSG00000126012",-0.161590839922205,7.36851467667469,7.16046456107831,0.00794038502469005,0.0130436888393301
"ENSG00000101276",0.391926460994031,4.54861120545801,7.16000830955587,0.00794234821117303,0.0130457355066211
"ENSG00000062524",-0.705777076012761,0.0525070675035729,7.15086803198639,0.00798178303304865,0.0131093254293922
"ENSG00000284773",0.328649990255946,-0.822229047481975,7.14989488288316,0.00798599344842745,0.013115056328668
"ENSG00000188130",-0.480687240655851,3.2334956866426,7.14967938477923,0.00798692612926243,0.0131154037955061
"ENSG00000269397",-0.447696690106672,0.838399105534967,7.14858275139666,0.00799167412240748,0.0131220157929356
"ENSG00000261351",0.211180659533984,0.211838170583947,7.14736673830565,0.00799694238172701,0.0131294807762097
"ENSG00000176435",0.260460492625787,3.74831191904858,7.14601662274939,0.00800279581720551,0.0131379050747661
"ENSG00000196569",0.461034996451376,4.30809653040734,7.14128275965886,0.00802335439563273,0.0131704665837336
"ENSG00000287733",-0.333757956179292,0.0607643743958495,7.14079139665821,0.00802549143754394,0.0131727856931729
"ENSG00000110218",-0.216465544221035,4.93554106239973,7.1382704820899,0.00803646465219992,0.0131896064874763
"ENSG00000136167",-0.392821067103068,7.67722633664753,7.13716850982488,0.00804126624726547,0.013196296174796
"ENSG00000149328",-0.589477453893169,4.61940366352306,7.13483461859016,0.00805144540868763,0.0132118088319389
"ENSG00000214900",-0.445478774059322,3.02143062042587,7.13341526897272,0.00805764232654356,0.0132207847212606
"ENSG00000258017",0.333953733563194,-1.50913853606887,7.1329767355467,0.0080595579682054,0.0132227350104384
"ENSG00000149313",0.194000149704691,5.3331238942755,7.13242137095004,0.00806198463559377,0.0132255232752034
"ENSG00000144867",-0.198246689996463,6.71958931233563,7.13222056293396,0.00806286225209116,0.0132257700794583
"ENSG00000126003",-0.200011321793117,5.31209364558015,7.12587629255502,0.00809064013547644,0.0132701382256331
"ENSG00000010322",0.17368308265921,6.23649925826349,7.12474448708011,0.00809560600683509,0.0132770858478194
"ENSG00000262155",0.415274533004899,0.862246374781767,7.12445670781824,0.00809686915788439,0.0132779601698315
"ENSG00000198363",0.37245709710117,8.00185602594069,7.12411547008947,0.00809836721752974,0.0132792195232989
"ENSG00000166189",0.176480808317413,4.53447118422395,7.12311137940849,0.00810277690823578,0.0132852525382667
"ENSG00000137177",0.254591078358022,6.22090159305837,7.12189282189023,0.0081081318004946,0.0132928340713355
"ENSG00000134369",0.356341608779886,6.17933025562208,7.11725749249377,0.00812853485864797,0.0133243259822269
"ENSG00000186446",-0.348331432479329,2.24898432964655,7.11719600346039,0.00812880586643887,0.0133243259822269
"ENSG00000149201",-0.294380387444119,-0.709440482614062,7.11678219734602,0.00813062992448242,0.0133261149019092
"ENSG00000123983",0.26706917511948,7.62806534866002,7.11454785028393,0.00814048621645337,0.0133410671566817
"ENSG00000155016",0.267716023001426,3.28461874745721,7.11228398558742,0.00815048527070069,0.013355281093764
"ENSG00000104325",-0.280613203802061,6.38580609387425,7.1122517151865,0.00815062789425888,0.013355281093764
"ENSG00000124212",-0.470950086418587,4.76584955168296,7.10776272931251,0.00817049266818225,0.0133866246868659
"ENSG00000145241",0.167341049031318,4.5788351274799,7.10416792544477,0.00818643643961165,0.013411538998708
"ENSG00000178188",-0.218472705172362,5.55534164972293,7.1017576832882,0.00819714435485622,0.0134278718838264
"ENSG00000089022",0.145569296070743,5.41327996867443,7.09962197030048,0.00820664468277757,0.0134422238373882
"ENSG00000237883",-0.302381089367527,0.282703722518103,7.09843505577533,0.00821192935696002,0.0134496687207914
"ENSG00000156469",-0.253107659569302,5.27775522452498,7.09787818641489,0.0082144099963811,0.0134520033018079
"ENSG00000163738",-0.29083335689543,3.60655070190262,7.09778302224765,0.00821483399346714,0.0134520033018079
"ENSG00000255306",0.398526462561132,-1.24041509647246,7.09518388774797,0.00822642297018265,0.0134697678233419
"ENSG00000226049",0.293139373450321,-0.993589331695905,7.09316026092372,0.00823545754275024,0.0134829136267721
"ENSG00000257084",-0.405703277195123,1.78561779430199,7.09305356970362,0.00823593415402674,0.0134829136267721
"ENSG00000286873",-0.262075502982007,0.25694067019099,7.0925343925511,0.00823825382903502,0.0134854973127971
"ENSG00000180801",-0.518622790509219,2.70442372060788,7.09127597934527,0.00824387919172102,0.0134934912472122
"ENSG00000100697",0.229331243471732,6.44496586136212,7.09079101503442,0.00824604813686037,0.0134958268256291
"ENSG00000114107",-0.220202698045878,4.93619350346441,7.08798978062671,0.00825858783348995,0.0135151336616443
"ENSG00000184575",-0.234017934296689,7.56728345276212,7.08579614008802,0.00826842135619062,0.0135300087833014
"ENSG00000197361",-0.368866515863934,0.460474261155942,7.08312639371066,0.00828040541296356,0.013548399932618
"ENSG00000166145",-0.258954506406973,7.82021588219164,7.08201735248839,0.00828538897750218,0.0135553345977161
"ENSG00000161960",-0.324574647272149,0.741980271706019,7.07878275734125,0.00829994154205223,0.0135779219973778
"ENSG00000177674",-0.24519451048008,5.78834632538257,7.07285570688647,0.00832667593493932,0.0136204318647969
"ENSG00000135951",0.253670742620702,2.43260026280602,7.06976283139246,0.00834066178435358,0.0136420824221064
"ENSG00000142512",-0.38205825187842,3.00182739689054,7.06702078470526,0.00835308144001196,0.0136611676315923
"ENSG00000142186",-0.186047313411529,6.59485904209519,7.06492594335746,0.00836258252101498,0.0136754766132189
"ENSG00000105849",-0.198676130974229,4.9409189212752,7.06099891178261,0.00838042344862022,0.013703420092017
"ENSG00000196262",-0.194286509413366,8.86748964606214,7.05904389823445,0.00838931990185134,0.0137167341221568
"ENSG00000197635",-0.483153136086446,3.50182867332926,7.058121999535,0.00839351845471179,0.0137223652722964
"ENSG00000131042",-0.347791804163509,3.37380065546571,7.0569972123121,0.00839864394379658,0.0137295107001413
"ENSG00000103489",-0.456193387002864,4.99521528199032,7.0510868441054,0.00842562965943312,0.0137714200832112
"ENSG00000167208",-0.395391455778682,3.52400380470237,7.05105065284289,0.00842579517736827,0.0137714200832112
"ENSG00000233762",-0.387335100259453,1.7615139746582,7.05053667724313,0.00842814616661376,0.0137740248430561
"ENSG00000213707",-0.336181018151583,1.27054715928938,7.04644777070554,0.00844687343409832,0.0138033902982372
"ENSG00000146963",-0.156740813276286,5.17741665702274,7.04606826702471,0.00844861374088232,0.0138049938657055
"ENSG00000256087",0.216887426168406,3.85530992573263,7.03932898185471,0.00847957998623936,0.0138543478970285
"ENSG00000162772",-0.467816149905691,5.17692976023032,7.03343248153317,0.00850676965103026,0.0138975232563494
"ENSG00000269028",-0.732059661875582,1.33015664609616,7.02877271370455,0.00852832009198815,0.0139314788784876
"ENSG00000163002",-0.164657033280153,4.00545857131455,7.02850904327862,0.00852954119232528,0.0139322222906163
"ENSG00000178966",0.231388502682885,4.72961490881478,7.02706842238797,0.00853621612241507,0.0139418730993611
"ENSG00000169045",0.156071557314965,8.24802402047135,7.0266696196198,0.00853806487442818,0.0139436404719493
"ENSG00000073605",0.427396883917976,3.76136006538047,7.02458813399382,0.0085477208309955,0.0139581564440785
"ENSG00000111144",0.206115829823416,6.50832996640478,7.02230112531409,0.00855834317883179,0.0139742477544297
"ENSG00000172183",-0.362206665376794,4.64965192631835,7.02202193273958,0.00855964086109283,0.0139751120270697
"ENSG00000181555",0.161402307884878,6.70076502388485,7.01870188719335,0.00857508792639303,0.0139990754156033
"ENSG00000102738",-0.169836212100921,3.971330364086,7.01683135098618,0.00858380355657334,0.0140120462293085
"ENSG00000144909",-0.152091673707931,4.99370774952177,7.01408545141486,0.00859661441948323,0.014031699099126
"ENSG00000167291",0.278494189192395,7.01163274767024,7.01218499675906,0.0086054924354791,0.014044929685615
"ENSG00000130545",0.25904233679832,3.79185325827289,7.00982328715123,0.0086165383823728,0.0140616958365721
"ENSG00000010017",0.202635224348223,6.05072868606695,7.0037224889137,0.00864514008740244,0.0141071063977818
"ENSG00000120802",-0.216706556850267,7.33434533208682,7.00204250725742,0.00865303332974203,0.0141187198529961
"ENSG00000102543",0.185692678001835,2.82447532873017,7.00125270554065,0.0086567467081112,0.0141235117623903
"ENSG00000161847",-0.24800031866124,4.42991302734489,6.99889034758472,0.00866786351536796,0.0141403804482476
"ENSG00000172046",0.160156341125425,5.99778636712073,6.99477318097087,0.00868727329684509,0.0141707736971317
"ENSG00000243199",-0.245432669179306,1.83408047187224,6.99234663043074,0.00869873389025424,0.0141881958565101
"ENSG00000163687",-0.58772683261462,-0.0764450915797592,6.9914361629378,0.00870303804558138,0.0141939433261329
"ENSG00000170946",0.186601026599132,3.74623275615876,6.99072173048931,0.00870641699928884,0.0141981809722107
"ENSG00000052749",-0.204637703323298,5.88960968028943,6.99041732381365,0.00870785712077121,0.0141992563486271
"ENSG00000138363",0.191857371226856,7.04368521979781,6.98940438024821,0.00871265103655947,0.0142057998254544
"ENSG00000169629",-0.331050937506645,0.355097228983664,6.98719331262522,0.00872312471522674,0.014221602036621
"ENSG00000121022",0.216701828640688,6.01670732739621,6.9868900203374,0.00872456240214311,0.0142226710558554
"ENSG00000100811",-0.129093132651346,7.12290987287681,6.98618443182307,0.00872790802626465,0.0142268498997761
"ENSG00000127415",0.31753153209353,3.39866617784628,6.98578483748769,0.00872980333238937,0.0142274271171979
"ENSG00000141644",-0.150425815983482,5.8348808282528,6.98577992749701,0.0087298266234841,0.0142274271171979
"ENSG00000147123",-0.230967309425076,6.51035061388028,6.98357902031217,0.00874027332642761,0.0142431763516769
"ENSG00000090432",0.171214674617629,5.13475893275504,6.98237115857052,0.00874601197042974,0.0142512511842122
"ENSG00000162244",-0.268447178462835,8.84375665770594,6.98034400367049,0.00875565186877047,0.0142656809270982
"ENSG00000088827",0.367881707053992,4.93487872132046,6.97970589449343,0.00875868858806082,0.0142693504155903
"ENSG00000129197",-0.185267947334796,4.19417239491538,6.97753260580579,0.00876903927199404,0.0142845146658754
"ENSG00000169562",0.942336068261523,1.40781716895534,6.97742180076963,0.00876956733885885,0.0142845146658754
"ENSG00000279108",0.453296257897136,-0.0852397882120277,6.97715810551932,0.00877082417099497,0.0142852825308549
"ENSG00000011028",-0.403044033526463,7.05180721315882,6.97488066338105,0.00878168671234696,0.0143016939402012
"ENSG00000142330",-0.24738350388053,3.61828056020324,6.9744105377621,0.00878393076059293,0.0143040677476644
"ENSG00000261360",-0.354026131917085,-0.958341748660939,6.96662557353511,0.00882117674403772,0.0143634344333534
"ENSG00000102393",0.24315087224827,5.16806705550219,6.94979117811807,0.00890227603182327,0.0144941899979233
"ENSG00000246308",-0.298515273734107,-0.91224428723083,6.94918703887739,0.00890520070323529,0.0144976539912678
"ENSG00000171208",-0.42488161588959,4.91137423683218,6.94827055724321,0.00890963933253304,0.0145035818652207
"ENSG00000122367",0.365579573682069,0.504164019383599,6.94733414138329,0.00891417686124906,0.0145087184687543
"ENSG00000272977",-0.432014117635621,0.562887386726316,6.94729012726119,0.00891439019619142,0.0145087184687543
"ENSG00000133800",-0.481764236150101,1.57540238354713,6.94418919868876,0.00892943354607297,0.0145319020522526
"ENSG00000211660",-0.86142520489576,5.9275991039936,6.94378888740413,0.00893137745869261,0.0145337651622708
"ENSG00000169371",-0.185434091393219,3.46872418498671,6.94235666633722,0.00893833590108273,0.0145437872042309
"ENSG00000135605",-0.27065111435485,1.28814207414562,6.94082076203574,0.00894580429875543,0.0145546371397946
"ENSG00000143498",-0.231076552355641,2.88408566618436,6.93716928693353,0.00896358558420479,0.0145816338582433
"ENSG00000256235",0.283971205983078,4.18002493300451,6.93708409130423,0.00896400088899374,0.0145816338582433
"ENSG00000123243",-0.432490805759093,3.7520092711363,6.93190206198056,0.00898929916336874,0.0146214785533313
"ENSG00000171163",-0.254537736311294,4.96428857809528,6.92920930369646,0.00900247405522819,0.0146415986869794
"ENSG00000187837",0.522225465174745,6.31574601754075,6.92804690373856,0.00900816749385016,0.0146495484959001
"ENSG00000131797",0.270676930128194,3.15717293651274,6.92498569282992,0.00902317908220245,0.0146726491861509
"ENSG00000158286",-0.354372650637041,3.05170632084463,6.92260667153591,0.00903486315269964,0.0146896006276526
"ENSG00000215067",-0.267930305410416,1.19750094797738,6.92253427703784,0.00903521894774299,0.0146896006276526
"ENSG00000204386",0.232471605731992,6.78793846264643,6.9219432735299,0.00903812407513267,0.0146930104288982
"ENSG00000066382",-0.669034255155734,2.27360324233418,6.92146682349586,0.00904046680642576,0.0146955054316983
"ENSG00000142273",-0.452830269514043,4.38211776148875,6.91965623422128,0.00904937528622084,0.0147086718235732
"ENSG00000213199",0.478920566041645,1.00811447364028,6.91189043559539,0.00908768742799253,0.0147696237101535
"ENSG00000175426",2.16749459244512,5.13865222018507,6.91128937593432,0.00909065968690713,0.0147731342374434
"ENSG00000178631",-0.362051122362727,-0.229536385139032,6.90516255202629,0.0091210142660457,0.0148211388788385
"ENSG00000119689",0.142644726374572,6.60311438020689,6.89809971251687,0.00915613592912552,0.0148768804965995
"ENSG00000173421",0.384991650730477,-0.798991990502864,6.8944825327756,0.00917417718981808,0.0149048624143288
"ENSG00000184988",0.264759801083337,3.22740636515385,6.89349770584605,0.00917909551683456,0.0149115210128784
"ENSG00000152253",-0.235583908505141,3.524109248412,6.89155374129993,0.00918881185759066,0.0149259721412752
"ENSG00000142230",-0.177703470044933,7.08055223755496,6.89126890841629,0.00919023640236926,0.0149269529993117
"ENSG00000133812",0.262269886592289,4.98974645654444,6.88586667030044,0.00921729796904173,0.0149695700920556
"ENSG00000273259",0.644784007989983,-0.0777375223593124,6.88333527542557,0.00923000680836473,0.0149888717705837
"ENSG00000272345",0.28537212586501,-0.0312875225833705,6.88161976423894,0.00923862978391332,0.0150015354441403
"ENSG00000164318",-0.336331528994306,3.10925191137445,6.8796991469957,0.00924829357721146,0.0150158867686415
"ENSG00000109323",0.248828127097499,5.8216982472778,6.87927406024835,0.00925043385565808,0.0150180211520762
"ENSG00000115607",-0.50798646162999,0.0957344101671078,6.87759193515745,0.00925890823455536,0.015030437608898
"ENSG00000250073",-0.392473540644658,-1.49775199882903,6.87480693990462,0.00927295636791198,0.0150518991896103
"ENSG00000198821",-0.491279060513193,2.89793613955652,6.87247936899276,0.0092847140124538,0.0150696393412913
"ENSG00000115446",0.138933926962146,5.01773276927352,6.86973201218013,0.0092986119766578,0.015090849882346
"ENSG00000146828",-0.208516989224756,5.39684197270263,6.86326823572706,0.0093313947511592,0.0151427023317348
"ENSG00000104880",-0.186647410527725,4.76618440716186,6.86232264077646,0.00933620057381059,0.0151478132768107
"ENSG00000227376",-0.32978868392599,0.402935914814968,6.86232079356717,0.0093362099644297,0.0151478132768107
"ENSG00000279048",-0.318532130115937,-0.410805223005307,6.86193737620794,0.0093381593460815,0.0151496246709955
"ENSG00000138002",-0.174504941120396,5.07084027138567,6.86087219405026,0.00934357717937073,0.0151570622313945
"ENSG00000215861",0.465846996495719,0.929889569215156,6.86050717819118,0.00934543450429588,0.0151587231574185
"ENSG00000236859",-0.188797095454758,2.01232605711166,6.86023839552061,0.00934680240542017,0.0151595899901714
"ENSG00000181523",0.20338971748453,5.27857650722779,6.85472645634239,0.00937489960258459,0.0152038050799651
"ENSG00000185168",0.768859156422677,0.409048887088853,6.8485397172514,0.00940654038590021,0.0152537586072355
"ENSG00000072736",-0.216837937033853,4.80521083785927,6.84652076110032,0.0094168897342371,0.0152691798597044
"ENSG00000244682",-0.490425974653856,2.1946841191677,6.8452998511636,0.00942315392451379,0.0152779750025902
"ENSG00000129968",-0.214409206911349,4.58872441722656,6.84342207243031,0.00943279673748096,0.0152922459275607
"ENSG00000185684",0.220342443193707,3.6939522320044,6.84202880227093,0.00943995806762573,0.0153024917409961
"ENSG00000197024",-0.159627205418472,4.96152983826649,6.84016244638254,0.00944955981982995,0.0153166913825031
"ENSG00000204967",0.827536714351068,0.937638992955559,6.83871887432302,0.00945699340474308,0.0153273744471099
"ENSG00000019485",-0.288141396379949,3.46488060050481,6.83749102283269,0.00946332089674435,0.0153362630731521
"ENSG00000287574",-0.322790438976777,-0.90143512768767,6.83604466109655,0.00947078004034582,0.0153469839071463
"ENSG00000120694",0.266501870023085,7.77578177566456,6.83568571087672,0.00947263214927599,0.0153486176865062
"ENSG00000176049",-0.550904321355382,0.505186343570955,6.83506183100333,0.00947585212945114,0.0153524673552875
"ENSG00000101230",-0.465466365169804,3.30086145145978,6.83439900016078,0.0094792743810089,0.0153566440226053
"ENSG00000242474",-0.289783011977638,2.06533875393848,6.83420995809687,0.00948025065475809,0.0153568577581707
"ENSG00000211659",-0.915064108128453,5.78654827369874,6.83298902974853,0.00948655841808973,0.0153657070538976
"ENSG00000153201",-0.19468325545528,7.39058070030094,6.82877644542232,0.00950835542843914,0.015399641009123
"ENSG00000205413",0.437686847949931,5.83652773599781,6.82650034192043,0.00952015407189807,0.0154173771044147
"ENSG00000185624",-0.23342658003037,9.72449772921866,6.82537412652575,0.00952599762128552,0.0154254669458637
"ENSG00000115239",-0.173892844762965,4.15314675471665,6.82241284492262,0.00954138036708073,0.0154490008115788
"ENSG00000163376",-0.330816804444485,1.49748859172375,6.82125507003442,0.00954740153808615,0.01545737396962
"ENSG00000269352",0.277902889959488,0.16011228215334,6.81867008033388,0.00956085928958365,0.0154777844912281
"ENSG00000172795",0.224214905306231,5.8453398470928,6.81841043169513,0.00956221213106393,0.0154781831300081
"ENSG00000110723",-0.310279410110425,4.01540415426591,6.81829616474051,0.00956280755618544,0.0154781831300081
"ENSG00000196150",-0.245903168376348,4.6015426009659,6.81689551252853,0.00957010921840531,0.0154886231059224
"ENSG00000085449",0.18154480051074,5.69902286549782,6.81560589346191,0.0095768371452176,0.0154969944034076
"ENSG00000100600",-0.23819452376788,7.18803703654056,6.81557741634632,0.00957698576502645,0.0154969944034076
"ENSG00000101773",0.347181746341912,6.2585538976323,6.80906376963987,0.00961104255958185,0.0155507198713348
"ENSG00000081019",-0.216069765197164,5.01235013416018,6.80604644664867,0.00962686103977353,0.0155749287129871
"ENSG00000276718",-0.380067304723348,-0.851731094918067,6.80422349954919,0.00963643095196588,0.0155890248291697
"ENSG00000285728",-0.282466380479463,0.597667353845682,6.80291646690751,0.0096432985122498,0.0155975612899641
"ENSG00000163154",-0.327701928757596,2.33168315354436,6.80289279184679,0.00964342295500584,0.0155975612899641
"ENSG00000185250",0.380786650301576,2.08169617581943,6.79741781178133,0.00967224552259821,0.015642788686201
"ENSG00000288538",0.486510178038463,-0.168234369040344,6.79602997222859,0.00967956579558321,0.0156532357686554
"ENSG00000282458",0.374548766454242,-1.07604290613991,6.79373908153967,0.00969166179233155,0.0156714033320525
"ENSG00000138085",-0.173106897178511,6.63234824643088,6.792911904504,0.00969603315197918,0.0156770780485552
"ENSG00000175711",-0.283373574277879,2.65280066461954,6.78420069498295,0.0097421927441792,0.0157503112561006
"ENSG00000173950",-0.221935694212599,4.68781965224465,6.78220164827462,0.00975281738559613,0.0157660868019929
"ENSG00000228340",-0.675240531813379,1.28990238068559,6.78067916130273,0.00976091720073075,0.0157767426360068
"ENSG00000076650",-0.187539467640272,4.27199434503821,6.78063657220692,0.00976114387964505,0.0157767426360068
"ENSG00000140943",0.208416172881874,7.48351916557551,6.77790709172651,0.00977568277452627,0.0157988375957956
"ENSG00000143570",-0.301190073259762,0.455411136876695,6.77735925451333,0.00977860358437407,0.0158021538865034
"ENSG00000138030",-0.31348823389488,2.45508251546111,6.77595187671446,0.0097861111880552,0.0158128811556812
"ENSG00000158488",-0.679708122791213,1.22825298842206,6.77299036421319,0.00980192869525649,0.0158370328781492
"ENSG00000163239",-0.548522821559722,-0.547472845452772,6.77269130388473,0.00980352744915375,0.0158382090287092
"ENSG00000159596",-0.182469708682979,5.04596802058079,6.77249417653163,0.00980458142419863,0.015838504924356
"ENSG00000257704",-0.344061198568308,3.15250368302933,6.77121278100247,0.00981143547485667,0.0158481694863848
"ENSG00000025708",-0.377404217817341,6.65491492242085,6.76939632609658,0.00982115997456499,0.0158624684856929
"ENSG00000280132",-0.516146710428301,-0.925062645693583,6.7685459650346,0.00982571585030479,0.0158684176776189
"ENSG00000167244",-1.02396023294264,2.57577465664533,6.76808208362575,0.0098282020503353,0.0158710236075201
"ENSG00000134900",-0.193077929388142,6.09601819666615,6.76736604205995,0.00983204099208196,0.0158758133490755
"ENSG00000143622",-0.181031745988201,5.55521576132617,6.76700695843943,0.00983396674366556,0.0158775132830705
"ENSG00000205808",0.254026208026825,3.99964066768796,6.76629161338252,0.00983780427159834,0.0158822993158025
"ENSG00000225791",0.216583747281173,3.12554386535539,6.76042347348187,0.0098693427828168,0.0159318014142071
"ENSG00000283199",-0.628758212343733,0.434068425739442,6.75915734804306,0.00987616128845865,0.0159413934606395
"ENSG00000178773",0.605762035210683,3.20858248065796,6.75833052704173,0.00988061661738556,0.0159471696722876
"ENSG00000230185",-0.311642003708383,-1.23900087558126,6.75465552604943,0.00990044448743993,0.015977358179067
"ENSG00000120709",-0.165193950803473,5.5397018242557,6.75453825951118,0.00990107785552365,0.015977358179067
"ENSG00000143324",0.230192248217533,6.0653390224681,6.75067609569433,0.00992196116365167,0.0160096371224713
"ENSG00000279170",0.236441785937054,1.74596403678322,6.74648160671666,0.00994469289915805,0.016044892615088
"ENSG00000110700",-0.248795359146897,8.57491749147523,6.74428031706282,0.00995664412884296,0.0160627499924956
"ENSG00000163904",0.161001633152278,5.73057970569783,6.74394158713377,0.00995848447491682,0.0160642940691607
"ENSG00000255085",0.720387590006742,1.15542188381895,6.74261541874888,0.00996569302917524,0.016074496702256
"ENSG00000188993",-0.493812704658725,-0.901041086807094,6.74178419071574,0.00997021401830203,0.0160803629125545
"ENSG00000187980",0.561334409895767,-0.250405232224227,6.74109486170931,0.00997396483427586,0.0160849860264062
"ENSG00000189195",0.30894168376925,3.0637731741453,6.74043539475434,0.00997755452609915,0.0160893484990417
"ENSG00000143545",-0.291690086702799,4.21513701714614,6.73479443235883,0.0100083146400015,0.0161375200950662
"ENSG00000198042",-0.273270798537347,4.42596021496505,6.73400450918427,0.0100126298887294,0.0161417626048562
"ENSG00000260597",0.628843625828277,0.183768444976376,6.73398787333608,0.0100127207888711,0.0161417626048562
"ENSG00000103569",-0.570410241025622,2.73027412754487,6.73211007865353,0.0100229867453801,0.0161568805215788
"ENSG00000267508",-0.401368911800385,2.508176277727,6.7271528995349,0.0100501400059534,0.0161992153871217
"ENSG00000158691",-0.272561863870405,2.94757933197216,6.71854844441841,0.0100974518484653,0.0162740322746909
"ENSG00000248487",0.311321138817888,1.99983006124878,6.71766697681377,0.0101023115863765,0.0162804220390764
"ENSG00000151623",-0.451050189409462,2.80339681182548,6.71574316498568,0.0101129263982842,0.0162960844628328
"ENSG00000183317",0.480000207192102,2.91336314825715,6.71445185501274,0.0101200577780187,0.0163061313666375
"ENSG00000111961",0.331307284198256,5.95598562020592,6.71034556337432,0.0101427696716988,0.0163412786596562
"ENSG00000185344",-0.191180473855322,4.87674495914659,6.70866248021971,0.0101520939973444,0.0163548525796014
"ENSG00000168078",-0.307421956047736,4.61157580666802,6.70830245211138,0.0101540897111327,0.0163566188704349
"ENSG00000180190",-0.435811351520755,3.67834276288764,6.70533647810202,0.0101705461644605,0.0163816767303585
"ENSG00000170312",-0.260583676917057,6.24095185752208,6.69781076036886,0.0102124256246751,0.0164476753087391
"ENSG00000204923",-0.190738704902536,2.31120143078372,6.69638590084289,0.0102203747685799,0.0164590203905553
"ENSG00000196793",0.275435602447536,3.9331906255871,6.69515337841565,0.0102272560354722,0.0164686438931535
"ENSG00000176953",0.155559042548869,5.61477596322811,6.69458237304339,0.0102304456229544,0.0164723216174127
"ENSG00000278318",-0.522542313754869,3.24350390487247,6.69292104123449,0.0102397315223145,0.0164858136609592
"ENSG00000166311",0.223508878226905,5.0159421581181,6.68660467764472,0.010275115896491,0.0165413177487501
"ENSG00000100162",-0.292796613913057,3.71237983897109,6.68543396883661,0.0102816880796558,0.0165504330288326
"ENSG00000205531",0.152038557104852,7.37623679019916,6.68522869702836,0.0102828408917819,0.0165508239061708
"ENSG00000111907",-0.406233158756073,6.00917853010772,6.68367090477881,0.0102915938456482,0.0165634464971816
"ENSG00000197093",-0.283387767641838,4.42051357464363,6.67868027686468,0.0103196871104279,0.0166071906887687
"ENSG00000130414",0.16251652511131,6.62008593390103,6.67847226607308,0.0103208597628402,0.0166076083664989
"ENSG00000205534",-0.308383648767143,0.0506073648734027,6.67403100487306,0.0103459300434105,0.0166464769665207
"ENSG00000100209",0.226499728311059,3.06266295729612,6.67288028488026,0.0103524359411591,0.0166554714637595
"ENSG00000172379",0.499197831523007,5.79411210879173,6.67090130498279,0.0103636345032469,0.0166720134747085
"ENSG00000104320",0.203969598668517,7.10693475599602,6.66650918995615,0.0103885331061057,0.0167105899118997
"ENSG00000165275",0.220342928632797,3.23517011557777,6.66369286538257,0.0104045311481483,0.016734843696721
"ENSG00000141380",-0.153644081550743,6.95058723850227,6.66223352859483,0.0104128308666666,0.0167467121587172
"ENSG00000146540",-0.26627619302998,5.85034771238047,6.65991828220039,0.0104260124460961,0.0167664292103975
"ENSG00000159496",-0.456565777710858,-0.716676567426276,6.65647059256596,0.0104456733929235,0.0167965615480942
"ENSG00000102038",0.414938012003081,5.94853217468808,6.65451432703244,0.0104568462972121,0.0168130410584948
"ENSG00000178234",-0.178539604930565,5.46482343279766,6.65081023058583,0.0104780354765495,0.0168456209005111
"ENSG00000122140",-0.256430262196202,4.70994997355691,6.648258610216,0.0104926577324748,0.0168676382215177
"ENSG00000259673",0.246041629844519,3.10317897008982,6.64599609106676,0.0105056408949024,0.0168870169329638
"ENSG00000273763",-0.286981337123278,-0.834937758792548,6.64540556905824,0.010509032255015,0.0168909754908284
"ENSG00000135404",0.223637625684993,8.97527854397487,6.64369240741595,0.0105188773177305,0.0169053053507893
"ENSG00000234797",-0.293350522375348,0.261408969564371,6.64238216638098,0.010526413334488,0.0169159220469754
"ENSG00000121390",-0.190434763147926,5.63213816609163,6.64141977510901,0.0105319522003991,0.0169233277339746
"ENSG00000196954",-0.266070529202832,5.31532308102875,6.64023649971184,0.010538766449129,0.0169327812876995
"ENSG00000110074",-0.211292130884164,4.58745206348899,6.63967648066286,0.0105419930749124,0.0169364693972711
"ENSG00000160284",-0.467250158731738,3.2837538479741,6.63741431324036,0.010555037245546,0.0169559280535234
"ENSG00000166532",-0.288166041223184,4.91318152992056,6.63457578011413,0.0105714284513553,0.0169807595754879
"ENSG00000105063",0.179647865474642,6.56494813224155,6.63234273826913,0.0105843416977551,0.017000000600386
"ENSG00000260711",0.458737419844367,3.01881344805985,6.63162244780385,0.0105885104707166,0.0170051945643614
"ENSG00000211640",-1.045574465302,5.59697820267568,6.63136869563749,0.0105899794975778,0.0170060521898239
"ENSG00000121316",-0.378311836911318,5.27929551107885,6.62974020693521,0.0105994121858732,0.0170196970810155
"ENSG00000227540",-0.25873677229997,-0.25647620235972,6.62667011209023,0.0106172186864112,0.0170460368393252
"ENSG00000126603",0.303823661888147,4.68109650753371,6.62658886979938,0.0106176903096941,0.0170460368393252
"ENSG00000225434",-0.32822891132351,-0.0622900395995392,6.62411094488432,0.0106320854205847,0.0170676407440066
"ENSG00000273568",-0.293911374049858,-1.03591285753163,6.62042153650498,0.0106535558047025,0.017100597738587
"ENSG00000100201",0.138755540826211,9.04127412257902,6.6199156952114,0.0106565030188153,0.0171038189998422
"ENSG00000204308",-0.165529705813558,5.56449183406403,6.61727572330572,0.0106718981182316,0.0171270169394156
"ENSG00000179115",-0.20544798478051,6.22011371307266,6.61525396688214,0.0106837035985124,0.0171444504190703
"ENSG00000285979",0.344051799091504,0.572559383518564,6.61363613506567,0.0106931601877438,0.017158111821322
"ENSG00000140939",0.306424498974241,4.63454671377362,6.61068931209439,0.0107104072463759,0.017184270200872
"ENSG00000255121",0.272162420472711,0.778169424815885,6.60966246367459,0.0107164238948346,0.0171924069682678
"ENSG00000166819",0.821474264137704,3.87239628685481,6.60863317337422,0.0107224583541333,0.0172005708718448
"ENSG00000137845",0.197956505224694,6.93853180615213,6.6074644632693,0.0107293144498682,0.0172100512579771
"ENSG00000187446",0.179759875732691,7.06282937846132,6.60596159688383,0.0107381374875698,0.0172213601822478
"ENSG00000102908",-0.323582326105742,5.52627876525123,6.60594099103435,0.0107382585125837,0.0172213601822478
"ENSG00000279443",-0.360134814670916,0.379391744255603,6.60524620559058,0.010742340043426,0.017226386943205
"ENSG00000132718",-0.294735985961011,4.16397968369701,6.60146406451194,0.0107645864227754,0.0172605393509159
"ENSG00000183647",-0.243186030393518,2.42452483380412,6.59957101191877,0.0107757391329217,0.0172768990964016
"ENSG00000105617",0.29595777669567,2.9396956295969,6.59606852167753,0.0107964051434155,0.0173085074260415
"ENSG00000214226",0.349771159172645,1.44680677568915,6.59550504652033,0.0107997336793719,0.0173123176591236
"ENSG00000204516",0.403626266286636,3.60949638926304,6.59490631782609,0.0108032716249101,0.0173164628812783
"ENSG00000007384",0.240608267581823,5.5584703665091,6.59446440794354,0.0108058836807799,0.0173191234037739
"ENSG00000280079",-0.478880911603315,1.54230253945802,6.59411379729688,0.0108079565460937,0.017320919346229
"ENSG00000248569",-0.213873049364888,-1.01134695153059,6.59153673910437,0.0108232051282067,0.0173438286230682
"ENSG00000268307",0.591846382946518,-0.112646750138609,6.59036112541136,0.0108301686717863,0.0173534585325037
"ENSG00000102048",-0.497027923175592,1.56061242371147,6.58955252990194,0.0108349609327022,0.0173596079496113
"ENSG00000011021",0.175661721833409,3.90626390508387,6.58610696455223,0.0108554061492869,0.0173908329994918
"ENSG00000234284",-0.309902529768304,2.36512735089267,6.58507512671098,0.0108615365951159,0.0173991216832806
"ENSG00000079435",0.522873722986823,3.38921233624798,6.58180007192006,0.0108810183371607,0.0174287944972504
"ENSG00000152061",-0.222665925043453,6.09812140679279,6.57983822812228,0.0108927056945385,0.0174459784406716
"ENSG00000011114",0.195283437736432,5.44421528791523,6.57585627918536,0.0109164673767563,0.0174824961388082
"ENSG00000187736",-0.243619906030178,2.03366345433086,6.57456073227937,0.0109242098968819,0.0174933553094284
"ENSG00000205937",-0.159312962374377,7.5066301181648,6.57122297354581,0.010944183340652,0.01752379668983
"ENSG00000229117",0.220511766656272,7.51988496717557,6.57069941860678,0.0109473197606719,0.0175272756872447
"ENSG00000061938",0.22997457355739,6.05667399367317,6.56968203034762,0.0109534172051357,0.0175354944218826
"ENSG00000161654",0.17538870194079,3.83641095715482,6.56945159435005,0.0109547987488737,0.017536162616134
"ENSG00000125520",0.296463453341564,6.38393183105336,6.56893843686364,0.0109578759527736,0.0175395448234662
"ENSG00000159792",-0.211460397571903,4.90896700537885,6.56779906967871,0.0109647114828113,0.0175489416094132
"ENSG00000136811",0.17278953273169,6.06225731379572,6.5646655155328,0.0109835336809886,0.0175769241776262
"ENSG00000125148",-0.392543728883804,7.06371165020339,6.56456666130337,0.0109841280076369,0.0175769241776262
"ENSG00000198225",-0.245037427379796,-0.745107554925002,6.56413511963498,0.0109867228908003,0.017579529861694
"ENSG00000196268",0.30732273337095,3.4680594779355,6.56241727187052,0.0109970586806583,0.0175945199932982
"ENSG00000075035",0.826098540605608,0.865043214276934,6.55986185427307,0.0110124524722844,0.0176175992229667
"ENSG00000149256",0.414759848879065,3.83265819653691,6.5582414175165,0.0110222254870201,0.0176316831273458
"ENSG00000165792",0.161676137121353,4.15780715875647,6.55767883553486,0.0110256205696112,0.0176355630041411
"ENSG00000100908",0.261310670538267,3.41094348076423,6.55516864976033,0.0110407822650451,0.0176582613292859
"ENSG00000109445",0.151543337146593,4.85971910993826,6.55098674264017,0.0110660891218179,0.0176971800710124
"ENSG00000122729",-0.226335305222179,5.54931656072904,6.54893132838366,0.0110785494410803,0.0177155492557032
"ENSG00000179772",0.326914551939212,1.1935424672057,6.54648005560292,0.0110934284841678,0.0177377826171468
"ENSG00000253392",-0.345932562330808,-1.44603083477117,6.54587092397654,0.0110971290692214,0.0177421399007558
"ENSG00000268205",-0.205639237702273,4.88148755378909,6.54459735682023,0.0111048703418601,0.0177529561200449
"ENSG00000189319",-0.27363407544224,5.55221086705073,6.54428794412046,0.0111067519235991,0.017754403584674
"ENSG00000132517",-0.574909467016517,1.15091393277595,6.54239399240577,0.0111182764886192,0.0177712639753059
"ENSG00000173193",0.342928576617864,7.54887089162373,6.54219688540712,0.0111194765806134,0.0177716203908784
"ENSG00000154930",0.381262030482227,5.89017660311411,6.54170984073704,0.0111224425409267,0.0177747987816866
"ENSG00000188051",0.42445721880329,-0.921134463330358,6.54127029426749,0.0111251199526834,0.0177775155244602
"ENSG00000070366",0.221206653446206,4.58419116276424,6.54101664065149,0.0111266653373042,0.0177784230128164
"ENSG00000173137",-0.314128908233302,3.63871605905417,6.5397989714013,0.0111340870754673,0.017788718879884
"ENSG00000119487",-0.149562513553185,6.32375692453284,6.53771233543517,0.0111468170912824,0.0178074931274699
"ENSG00000076513",-0.163474321208282,5.69087381981983,6.5367823710517,0.0111524954021519,0.0178149996815686
"ENSG00000100347",-0.191439082385474,5.62421841995978,6.53640668414192,0.0111547901729926,0.0178171005239649
"ENSG00000126214",-0.197305578803272,3.97665045962359,6.53368083515581,0.0111714548218321,0.0178421514137235
"ENSG00000148303",-0.225879550382708,9.96327054143587,6.5322993636894,0.0111799103536705,0.0178540881124382
"ENSG00000243232",0.811683870455782,0.400992262096055,6.52901000780042,0.0112000700443997,0.0178847123764304
"ENSG00000164975",-0.20797449164382,5.48384752214866,6.52556091364425,0.0112212490768336,0.0179169588455315
"ENSG00000198298",-0.250624866980827,2.61252857100302,6.52343211079826,0.0112343415579469,0.0179362889971856
"ENSG00000205581",-0.186251600608553,7.8668639566546,6.52215171365054,0.0112422238076584,0.0179472980438595
"ENSG00000198743",-0.284617897976173,5.69252037391883,6.52049641694802,0.0112524224453104,0.0179620027589349
"ENSG00000277072",-0.244939753853884,2.18411071767377,6.51640643437,0.0112776627167133,0.0180007134262028
"ENSG00000183137",-0.21820493617317,4.10191090469835,6.51272212523222,0.0113004495639569,0.0180355016382282
"ENSG00000136235",-0.320780496004452,8.24317108397392,6.50862052943232,0.0113258732319777,0.0180744917384584
"ENSG00000183977",0.312573980185961,-1.52886671639525,6.50343610804549,0.0113580933693607,0.018124320249336
"ENSG00000223612",-0.384547816335912,1.09927544737187,6.49708067552762,0.0113977203746218,0.0181859582571823
"ENSG00000167283",-0.222242652460535,4.35591102342557,6.49469771083742,0.0114126152941629,0.0182081269272136
"ENSG00000146859",0.187147569687249,4.35748506057265,6.49405096886407,0.0114166612783533,0.0182129844163397
"ENSG00000165572",-0.222251760611342,4.46999987000252,6.49052694564535,0.0114387334434465,0.0182465956735139
"ENSG00000188986",-0.203834068424932,6.27946645366458,6.48657175475707,0.0114635586909201,0.0182845922538328
"ENSG00000178074",0.18552987752534,4.80346102193417,6.48068131763676,0.0115006340117522,0.0183421195550464
"ENSG00000175198",0.300043744024294,4.1131170063853,6.47984504312693,0.011505907689683,0.0183489214432226
"ENSG00000075975",-0.158334269351558,5.25841490871693,6.47779435012681,0.0115188502621506,0.0183679509528314
"ENSG00000070950",-0.195833629466468,4.96311445944962,6.47517518062741,0.0115354025545214,0.0183927326783234
"ENSG00000238228",-0.427642432985969,-1.00023233156867,6.4724196735053,0.0115528429937347,0.0184189260492678
"ENSG00000178175",0.334763293583428,0.946692876073165,6.46650536972839,0.0115903684990003,0.0184771340397771
"ENSG00000106290",-0.173465167101127,4.95345216222093,6.46174069407274,0.0116206913799104,0.0185238505537082
"ENSG00000082068",-0.177285650293985,5.09039076490522,6.46128293285566,0.0116236089330097,0.0185268775106109
"ENSG00000133265",-0.251434170244426,5.34279367737855,6.45975755100864,0.0116333364603904,0.01854075740813
"ENSG00000205090",-0.36781788184054,-1.05300032990378,6.45887647429363,0.0116389590167498,0.0185480931040608
"ENSG00000196437",-0.245915424621447,3.38143431160242,6.45833312314046,0.0116424277908899,0.0185519955020769
"ENSG00000125772",0.288661701937801,5.33357190977107,6.45629276782526,0.0116554630390819,0.018571139882157
"ENSG00000278576",-0.372393796563969,-1.51133691579091,6.44919350454776,0.0117009358926421,0.0186419605829866
"ENSG00000210082",-0.404716467451515,13.0468131669222,6.44876322207917,0.0117036978648359,0.0186447277538439
"ENSG00000127399",-0.299599005522618,3.76591714228094,6.44760467716998,0.0117111378857475,0.0186549462135204
"ENSG00000007216",1.02344409927458,2.52399126227892,6.44733100570934,0.011712896081115,0.0186561129628969
"ENSG00000148606",0.214742239512352,5.61794341964785,6.44291788541617,0.0117412857679487,0.0186996940059064
"ENSG00000243238",-0.814340111034941,3.71317392913623,6.43848231052349,0.0117698915883666,0.0187436116109983
"ENSG00000277969",0.354527631778169,1.53997908039042,6.43828258188162,0.0117711813681728,0.0187440244024099
"ENSG00000139318",-0.383138709904672,5.59182427329788,6.43682044071341,0.0117806278308834,0.0187564446545231
"ENSG00000066027",0.288780955307036,6.87541749618936,6.43675609176447,0.0117810437504548,0.0187564446545231
"ENSG00000215493",0.336846959308355,-0.0842556589694757,6.43389468513213,0.0117995538125274,0.0187842699993215
"ENSG00000196220",0.310410136386841,3.58004359324021,6.43023151741798,0.0118232942527284,0.0188204162321568
"ENSG00000105856",0.1951228751097,5.73610716051623,6.42343052062387,0.0118675015281173,0.0188891325626497
"ENSG00000163449",-0.368710295869014,0.533086575421858,6.41928433296943,0.0118945360472674,0.0189305059177195
"ENSG00000101082",-0.467513183511695,2.14601185736753,6.41716861914596,0.0119083557305386,0.018950842070788
"ENSG00000204439",-0.182929061521247,4.68899906284328,6.41358450518597,0.0119318047869917,0.0189864974160809
"ENSG00000259275",0.496266329524334,-0.126071928232614,6.40357464393615,0.0119975474709974,0.0190894404166303
"ENSG00000251474",-0.247547856014799,3.09929326205248,6.39445653256347,0.0120577593128148,0.0191835659885825
"ENSG00000137491",0.325175232058508,5.6029798014386,6.39409938053196,0.0120601241311564,0.0191856501091116
"ENSG00000186642",0.351770217058238,2.41373741946085,6.38564643686375,0.0121162340105084,0.0192732258337525
"ENSG00000172575",-0.436100470326152,3.99887383954964,6.38032607109801,0.0121516884843834,0.0193279326763416
"ENSG00000179335",-0.148046338773118,5.41835532880633,6.37996995440154,0.012154065443982,0.0193300229359168
"ENSG00000105697",0.425055813738447,0.520646230481281,6.37292371645312,0.0122011957303324,0.0194032830238075
"ENSG00000168701",-0.224171859064953,5.22814262695671,6.37141841102144,0.0122112887696938,0.0194176359628598
"ENSG00000164761",-0.693751267504166,3.05992651006742,6.37011144531631,0.0122200589485787,0.0194298830454366
"ENSG00000143184",-0.507187404061881,-0.17501271682864,6.3695578735022,0.0122237755650349,0.0194340935294454
"ENSG00000211625",0.809517140458583,2.72180059760251,6.36905776609903,0.0122271342328197,0.0194377342388361
"ENSG00000173848",-0.281639795343911,7.91045455468869,6.36888353283003,0.0122283045889684,0.0194378958105364
"ENSG00000164093",-0.666321588185277,0.700270579648677,6.36780346458318,0.0122355621868943,0.0194477326798246
"ENSG00000279342",-0.350728278987264,-0.297936385114202,6.36573924150637,0.0122494452812497,0.0194680977608676
"ENSG00000171848",-0.284510587045325,6.53735864567187,6.36444298130833,0.0122581717075962,0.0194802644838584
"ENSG00000143630",0.28851101389093,2.64249636718104,6.36305716375697,0.01226750814571,0.0194933984059211
"ENSG00000134072",0.245260647759323,-0.144508227211337,6.36052204063944,0.0122846066470127,0.0195188630816691
"ENSG00000182768",0.293974364840991,3.96836221135904,6.35902880218629,0.0122946895411219,0.0195331772688614
"ENSG00000154889",0.174904539022579,3.71595862794369,6.3581837057722,0.0123003997348051,0.019540542438347
"ENSG00000123352",0.180848945938166,5.55752207719026,6.35739609369696,0.0123057239846325,0.0195472932604801
"ENSG00000104267",0.613111410670772,5.75929904370552,6.3565761537302,0.0123112693031341,0.0195543940341808
"ENSG00000068784",0.174383614127529,4.66279049326807,6.35562822769596,0.0123176834228201,0.0195628733927918
"ENSG00000286747",-0.493220290972565,-1.10400873402406,6.35469626883857,0.0123239928705288,0.0195711850457677
"ENSG00000262089",-0.330167503268837,0.0952327724065589,6.35318466839264,0.0123342336542295,0.0195857378822356
"ENSG00000231628",-0.409805159847551,-1.18589772528911,6.35252256011042,0.0123387220739718,0.01959115469938
"ENSG00000168916",-0.416953491556895,3.71825301479819,6.35177113218642,0.0123438180365797,0.0195975351300028
"ENSG00000056050",-0.168869384264179,4.39472135100992,6.3466709805255,0.0123784633410934,0.0196508240593354
"ENSG00000173715",0.30205710170325,4.63359362292022,6.34381862918237,0.0123978831892265,0.019679935367922
"ENSG00000111276",0.279865576255052,6.6197305347265,6.34352737709854,0.0123998679120485,0.0196813681459411
"ENSG00000210196",-0.328877007723748,5.69990081743604,6.34254154490639,0.0124065882556337,0.0196903165090285
"ENSG00000204856",-0.329311994162315,2.69834683673587,6.33934425836943,0.0124284098517574,0.0197220357388138
"ENSG00000218510",0.27668383918006,0.0331910071113326,6.33929552327448,0.0124287427775613,0.0197220357388138
"ENSG00000102781",0.227049331489446,4.26472383979239,6.33610778676691,0.0124505393248617,0.0197533904193231
"ENSG00000155980",0.665842586544556,1.51185059805162,6.33608803578435,0.0124506744978623,0.0197533904193231
"ENSG00000175449",0.256330569388935,0.0375624786408675,6.33481549720388,0.0124593867769376,0.0197654885912726
"ENSG00000272341",0.329182559647118,1.85177113349153,6.33369851055541,0.0124670392858854,0.019775903587274
"ENSG00000047315",-0.196111770687718,7.14099636011708,6.33350409038698,0.0124683717609824,0.0197762924556334
"ENSG00000225793",-0.302800403176995,-0.649659669799347,6.32735106116201,0.0125106182674163,0.019841570025093
"ENSG00000167264",-0.199135688280689,3.55419911415895,6.32617695839268,0.0125186964296539,0.019852650681188
"ENSG00000198680",-0.245912428501085,4.28932889844795,6.31714503664425,0.0125810193277435,0.0199497453821272
"ENSG00000198844",0.250845944373477,3.20532319431926,6.3165821694064,0.012584913885324,0.0199541813047052
"ENSG00000110442",-0.203370636246452,5.42216045239817,6.31392601457051,0.0126033090315418,0.0199816060552372
"ENSG00000116106",-0.526947135558212,4.19825260456609,6.31338174215412,0.0126070818118432,0.0199858453755603
"ENSG00000101247",-0.181211922382384,3.6697467043015,6.31168843231079,0.012618826948566,0.0200027213300086
"ENSG00000259668",0.382177205711104,-0.782718394935084,6.31060572424828,0.0126263427616695,0.0200128908191063
"ENSG00000204839",0.485699892441249,4.19450447884562,6.30819279774046,0.0126431091922546,0.0200377195877245
"ENSG00000213551",-0.21099864709311,4.03231448149601,6.30755121684152,0.0126475711486136,0.0200430447025341
"ENSG00000103932",0.166599702019027,5.00177151130332,6.30629571569276,0.0126563074059609,0.020055141932359
"ENSG00000108433",0.142499069312574,5.66761412371888,6.30521246949109,0.0126638500647462,0.0200653458469905
"ENSG00000008735",0.534269744474095,5.02525290214866,6.29669724557163,0.012723303904884,0.0201577919357169
"ENSG00000103326",-0.210413534368732,5.05961143253512,6.29473810751711,0.0127370235530812,0.0201769937359085
"ENSG00000163938",-0.165392054111022,6.8371897870345,6.29464977238757,0.0127376425157082,0.0201769937359085
"ENSG00000137094",-0.261694347927274,3.15626211472612,6.29124976633286,0.0127614899636043,0.0202130087484138
"ENSG00000286431",-0.32052087055394,1.36998125661926,6.28800206436587,0.0127843123005107,0.0202473939499904
"ENSG00000132376",-0.17706535119318,5.38984970693328,6.2866720209328,0.0127936710024304,0.0202604517363696
"ENSG00000164930",-0.368752856540477,6.32712630938345,6.28619995215578,0.0127969943659287,0.0202639503332327
"ENSG00000225125",0.355530303889407,-1.32659175050357,6.28581025467277,0.0127997385087248,0.0202646880735797
"ENSG00000145284",-0.520719403536173,4.51095281604104,6.28576132380941,0.0128000831094689,0.0202646880735797
"ENSG00000067066",0.234175424651127,6.47937995665137,6.28565913763348,0.0128008027973035,0.0202646880735797
"ENSG00000179632",-0.252864198974203,7.15716276631887,6.28386610017339,0.0128134378106324,0.0202829248824876
"ENSG00000215717",0.145053396898662,6.04567344221311,6.28216015919753,0.0128254710605198,0.0203002060437503
"ENSG00000186493",0.566803124810834,3.52925170228315,6.28163140020512,0.0128292031580229,0.0203043462441804
"ENSG00000143379",-0.19522308688005,5.56799537431801,6.27802265062651,0.0128547045342473,0.0203429362280423
"ENSG00000052126",-0.266499183471269,5.31288617181285,6.27354679239724,0.0128864062619044,0.0203913308762412
"ENSG00000280347",0.282468317364485,2.14320079392131,6.2714632764003,0.0129011910301108,0.0204129501918795
"ENSG00000111859",-0.376736838296707,5.65738132968037,6.27022365726258,0.0129099957778824,0.020425104663198
"ENSG00000135249",-0.17674397330379,4.29025119010929,6.26782331754367,0.0129270625570998,0.0204503273713605
"ENSG00000182362",-0.282142048436753,3.21339756508882,6.26488372437107,0.0129479953213027,0.0204816610631287
"ENSG00000249637",0.252493013178623,-1.22167394826425,6.26082745984385,0.0129769374870905,0.0205256577976522
"ENSG00000049192",0.318274957754495,1.63914470675421,6.25798202625555,0.0129972801099245,0.0205560461425483
"ENSG00000144115",0.379215489068156,5.45855227679641,6.25764729456907,0.012999675348093,0.0205580467116872
"ENSG00000153317",-0.211068885182354,6.41294107273537,6.25292906713393,0.0130334861946471,0.0206097241269554
"ENSG00000118777",0.356645815180194,1.43259986430002,6.24962395015681,0.0130572248809541,0.0206454669333906
"ENSG00000130856",0.198200934640641,4.38249102615064,6.24749587995891,0.0130725332200416,0.020667875017917
"ENSG00000176915",-0.147172940958353,6.6215718058442,6.24718854064699,0.0130747456095495,0.0206695761100814
"ENSG00000089091",0.298062623209869,3.00330353267916,6.24624793563001,0.0130815189858922,0.0206784866430913
"ENSG00000269556",0.166091961129828,3.88009669522531,6.24299650052802,0.0131049608344442,0.020713741866418
"ENSG00000065268",-0.255563274927139,4.80127241316222,6.24105687264918,0.0131189656568647,0.0207340760659589
"ENSG00000049656",-0.187783323775238,7.30135064919626,6.24002389910633,0.0131264304244338,0.0207440712972111
"ENSG00000135407",0.306366694255361,2.53598470467934,6.23953974778376,0.0131299306496484,0.0207467244112337
"ENSG00000102078",0.159847039082989,3.22057809425714,6.23947613382467,0.0131303906255615,0.0207467244112337
"ENSG00000118816",0.16483572899309,8.83740991553333,6.23524562652161,0.0131610177869526,0.0207933105897406
"ENSG00000100346",0.665585248217199,1.44061998539644,6.23188518473197,0.0131853987192469,0.0208300210115229
"ENSG00000278600",0.280023784256767,1.95109033770844,6.23076365532398,0.0131935461259642,0.0208410818950006
"ENSG00000105374",-0.558542611328939,3.46253856574749,6.22679811937553,0.0132223957741145,0.0208848401510721
"ENSG00000124225",-0.341880465475224,7.21629492877249,6.22526895463374,0.0132335380304983,0.0209006243225689
"ENSG00000261159",-0.412627391183278,-0.681167014089675,6.22348175251239,0.0132465727949082,0.0209193944598237
"ENSG00000169508",-0.402527729008863,3.76012287136098,6.22215290182688,0.0132562732373222,0.020932896131309
"ENSG00000134248",-0.177104319866661,5.49705602395544,6.22170675384491,0.0132595317099701,0.0209362238684726
"ENSG00000160949",-0.301312351053263,5.20138571658869,6.22066713853513,0.0132671278297776,0.0209463993895829
"ENSG00000142173",-0.402245861621951,9.64742052600986,6.2201394012545,0.0132709855524532,0.020950671402484
"ENSG00000196378",0.232493273892968,3.27434091197855,6.21935393035427,0.0132767294403662,0.0209579200712881
"ENSG00000204334",0.528464641986303,0.631209844477237,6.21711576755677,0.0132931105006221,0.0209818839061453
"ENSG00000285813",-0.295558264876162,-0.599988387693396,6.21696460313981,0.0132942176234011,0.0209818839061453
"ENSG00000196313",-0.216946372664585,5.29241004612367,6.21260468302438,0.0133261906365935,0.0210305210671031
"ENSG00000059915",0.467080434276824,1.65972535945627,6.21240817012479,0.0133276336166761,0.0210309734704238
"ENSG00000120686",0.181037655395183,6.31642225894344,6.21172612893693,0.0133326430511257,0.0210370531633447
"ENSG00000159915",0.362839061760169,1.51239660815412,6.21143639954209,0.0133347716362416,0.0210385866169295
"ENSG00000142039",0.160517019517194,5.75576516514566,6.20879865123891,0.0133541668458231,0.0210673594060048
"ENSG00000280334",0.488141645080584,-1.05646579126926,6.20843004058919,0.0133568795433206,0.0210698113732797
"ENSG00000179528",0.340771594236133,0.23906181016786,6.20809348788357,0.0133593568166499,0.0210718915775934
"ENSG00000135365",-0.137210785392566,5.60993047108783,6.20211699954432,0.013403427441126,0.0211395714792923
"ENSG00000141026",-0.187939549714833,4.21299186402979,6.20097271335358,0.0134118825612339,0.0211510725764087
"ENSG00000033800",0.149348236542881,5.19993920225445,6.19524895704011,0.0134542583142093,0.021216061229308
"ENSG00000256393",0.298714940609301,2.49494943982957,6.1950422602981,0.0134557911816079,0.0212166389259718
"ENSG00000068323",-0.137130680316656,6.09298022545366,6.19476695149833,0.0134578331582943,0.0212180191992941
"ENSG00000170092",-0.343081960852771,-0.817807669967722,6.19447979574074,0.0134599633462036,0.0212195382977162
"ENSG00000198711",-0.335623117127305,-0.697266901910721,6.19285153804507,0.0134720487427162,0.0212367500894888
"ENSG00000259802",0.292854239888398,0.882304457926852,6.19070151406891,0.0134880240532485,0.0212600902574299
"ENSG00000160808",0.390257380839142,-0.696262636598459,6.18864242578028,0.0135033420728124,0.0212823904350357
"ENSG00000235513",-0.283186215188103,-0.418649742105516,6.18684131110146,0.0135167557374065,0.0213016855863399
"ENSG00000163832",0.173120807161518,4.47735459228165,6.18622280719447,0.0135213651799456,0.0213055350929969
"ENSG00000198242",0.253168357283264,7.31560982148701,6.18619919109365,0.0135215412128031,0.0213055350929969
"ENSG00000259354",0.551126746799597,-0.207324015610273,6.18591137218898,0.0135236867866315,0.0213070699302888
"ENSG00000236287",0.167833567022193,5.40417465494375,6.18516891021452,0.0135292231688873,0.0213139463833453
"ENSG00000284946",-0.28570249313776,1.15599614070703,6.17913904777556,0.0135742735991583,0.021383066708946
"ENSG00000031698",-0.170580518579701,7.21405591232095,6.17769680197546,0.0135850719368375,0.0213982236413961
"ENSG00000119408",0.251028431400552,5.81187337689511,6.17706843304564,0.013589779422627,0.021403784909832
"ENSG00000102174",-0.501430732887666,2.57308756788797,6.17444066862929,0.013609483879769,0.0214329632700008
"ENSG00000261211",0.37954232512592,1.27010110654973,6.17392798638555,0.0136133317077491,0.0214371668485317
"ENSG00000104213",0.388027378807484,4.23484449041682,6.17167063374196,0.0136302871946498,0.0214620087867969
"ENSG00000163481",0.179044659572911,4.27041615389329,6.1691795567828,0.0136490236222743,0.0214896504191417
"ENSG00000105982",-0.250301407220815,0.960492404580062,6.16507244757533,0.013679973159954,0.0215365144839647
"ENSG00000228594",-0.396213694515527,4.37862057189327,6.16482981372843,0.013681803823871,0.0215375322787404
"ENSG00000112297",0.470560408995565,7.08292194741543,6.1642919000009,0.0136858632689324,0.0215420580818123
"ENSG00000272562",-0.299957015370326,-1.44620995129162,6.1604441831591,0.0137149370253973,0.02158595315143
"ENSG00000224982",0.282785889828636,-0.285790222552937,6.15723154669416,0.0137392610427439,0.0216223656524553
"ENSG00000067365",0.167159998714974,3.53584985938862,6.15647104034094,0.0137450256448429,0.0216284080633233
"ENSG00000271971",0.265415948687989,1.44964759165797,6.15641126814426,0.0137454788214182,0.0216284080633233
"ENSG00000198898",-0.242119009870032,6.95988809921368,6.15458485439998,0.0137593336576895,0.0216483356891053
"ENSG00000162928",-0.169419591708833,5.88509209041434,6.1528448142165,0.0137725467335504,0.0216672502369877
"ENSG00000008294",0.232747459886524,6.88348761151,6.14829893670535,0.0138071281129697,0.021719775654618
"ENSG00000103226",0.385246275441396,2.95645250835695,6.1479186642292,0.0138100249931139,0.0217224539111611
"ENSG00000088970",0.181405282762009,3.8622967712474,6.14718362418822,0.01381562624386,0.0217293851715087
"ENSG00000276571",-0.257134557656965,-1.1045793010567,6.14533299150851,0.0138297391054376,0.0217497012407868
"ENSG00000130640",0.160187909813732,6.18227723427135,6.14434190024585,0.0138373032721119,0.0217597157109779
"ENSG00000279329",0.254275357036647,0.964806722638504,6.14410922711535,0.0138390796915598,0.0217606277712535
"ENSG00000180900",-0.29776753576801,7.06461671032576,6.14358185390516,0.0138431069700506,0.0217650786282227
"ENSG00000105819",-0.141890832145261,5.98233705013261,6.14317092684768,0.0138462458504383,0.0217681320362841
"ENSG00000189308",0.188031255357315,4.52737836952459,6.13743750214222,0.0138901177878045,0.0218334656198152
"ENSG00000100731",0.202684222800274,5.88528950179117,6.13742625153346,0.0138902040184123,0.0218334656198152
"ENSG00000100033",0.723631496666097,2.06858166176695,6.13660945449542,0.0138964658639463,0.0218414207685322
"ENSG00000077616",-0.315296348073188,0.26728979244059,6.1336991413793,0.0139188010995876,0.0218735591829409
"ENSG00000137075",-0.201323443923894,5.87629255435801,6.13363171553051,0.0139193190006245,0.0218735591829409
"ENSG00000166886",-0.238099098523061,5.05368123823057,6.130858770343,0.0139406354193815,0.0219051643203206
"ENSG00000054690",0.357566544400062,3.92028619129426,6.127426298706,0.0139670686482163,0.0219448034358809
"ENSG00000135678",-0.396014805669099,5.40828627708015,6.12452107819314,0.0139894821182768,0.0219781204774309
"ENSG00000100372",0.172346930755408,5.27629890262375,6.12428701794735,0.0139912894893887,0.0219783040719456
"ENSG00000111224",0.313434851162916,3.98711723485292,6.12419297097147,0.0139920157713359,0.0219783040719456
"ENSG00000254759",-0.238116846921697,-1.22891709032875,6.12036136249097,0.0140216387698319,0.0220229331559329
"ENSG00000155729",0.154586412727948,4.35999100037229,6.12013233126971,0.0140234115164293,0.0220238156170293
"ENSG00000167081",0.303148578357039,4.77933030424983,6.11096145246305,0.0140945870365692,0.0221336858073839
"ENSG00000186940",-0.427945574323769,1.46513812373693,6.11053794236629,0.0140978829397614,0.0221369502640404
"ENSG00000087008",0.269376778503185,5.0588514561763,6.11012569196333,0.0141010919829746,0.022140077778517
"ENSG00000275131",-0.297020111734553,2.22831429307653,6.10688915866486,0.0141263121407011,0.0221777613478698
"ENSG00000230510",-0.27672957830698,-0.47873824628034,6.10661835945296,0.0141284244167832,0.0221791630668438
"ENSG00000119227",-0.301104806760432,2.8993478746842,6.09365313437962,0.0142299390296045,0.0223365954147274
"ENSG00000119685",0.146976030582791,5.08115933062791,6.09323935549051,0.0142331912354237,0.0223397723670941
"ENSG00000160606",0.35479896594205,3.95487869508778,6.09045084326587,0.0142551283849792,0.022372273282078
"ENSG00000087116",0.35195967677128,6.43289574775608,6.08897236255632,0.0142667737604532,0.0223886178736085
"ENSG00000241316",0.31793289264046,1.66327241573991,6.08389656677291,0.0143068287503374,0.0224495385481094
"ENSG00000159788",0.186030664439867,5.0160286708383,6.08079603917174,0.0143313534765356,0.0224860815244331
"ENSG00000159882",0.195496954145255,2.49140396799922,6.07993235595876,0.0143381928404775,0.0224948720247223
"ENSG00000139330",-1.02408465912601,1.22781301214665,6.07825697117484,0.0143514695795065,0.0225137595922084
"ENSG00000132906",0.156747882992749,3.77479043205509,6.07788334448523,0.0143544321549933,0.0225164650310494
"ENSG00000106701",0.303534282416479,3.26775598119915,6.07675211668873,0.0143634057955588,0.0225285981898607
"ENSG00000154217",-0.283978505699729,4.64494267559133,6.07342772724547,0.0143898106901437,0.0225680673305453
"ENSG00000086544",-0.218693687219664,5.41830390894099,6.06899815286244,0.014425072010913,0.022621418325098
"ENSG00000175115",-0.170276936270489,7.10248986381238,6.06160782519571,0.0144841016521134,0.0227120304206085
"ENSG00000138071",-0.154415577340559,8.67751261112474,6.06109661908785,0.0144881941148361,0.022716489186262
"ENSG00000225697",0.244788818283945,4.06776460509827,6.05947468620877,0.0145011864397446,0.0227349003504935
"ENSG00000138942",0.158695415138415,5.24917694814015,6.0562957520827,0.0145266859973131,0.0227729154386425
"ENSG00000044524",0.711826819788063,3.22483396151994,6.05490754753121,0.0145378359383999,0.0227884305824026
"ENSG00000227896",0.267322762387903,0.454873460244248,6.04559887877076,0.0146128318839994,0.0229040146765065
"ENSG00000169255",0.244285613699149,5.30244834087371,6.04389185304645,0.0146266281063929,0.02292366324852
"ENSG00000140941",-0.156784261826223,6.4510339082747,6.04214820684548,0.0146407342343934,0.0229437940940157
"ENSG00000133392",-0.534752779606026,4.93581531002816,6.04148339476953,0.0146461162878504,0.0229502509729839
"ENSG00000243964",0.34490073219354,-1.4146249984158,6.03962011857254,0.0146612115593653,0.0229719258995293
"ENSG00000070961",0.252476843929591,5.91863264986202,6.03451548328884,0.0147026492568621,0.0230348681784656
"ENSG00000149932",0.18181327796453,6.72581170900766,6.03430090811609,0.014704393761655,0.0230356170316091
"ENSG00000181192",-0.257976417052304,6.86707901318353,6.03221789473207,0.0147213398991757,0.0230601782866427
"ENSG00000070540",0.262004180870857,5.04543419482854,6.02795256215718,0.014756103261331,0.0231126426211753
"ENSG00000143753",0.320559151623318,7.13053285415325,6.02674617847647,0.0147659509722782,0.0231260756293632
"ENSG00000187068",-0.506866693060942,2.88492850735077,6.02620313579482,0.0147703860533243,0.0231310299240453
"ENSG00000122481",-0.206216974526996,1.06527808892665,6.02391053623524,0.014789125157016,0.0231583821227557
"ENSG00000198792",0.186990765012101,6.65584707444612,6.02244184493238,0.0148011428012701,0.0231748492826325
"ENSG00000213976",0.403238808562047,0.440545913305556,6.02231397509012,0.0148021895819409,0.0231748492826325
"ENSG00000129682",-0.587430488653726,3.9761987476637,6.02060073512618,0.014816222079881,0.0231942584357558
"ENSG00000035928",0.165399132500389,6.35329747630192,6.02048908337343,0.0148171370554787,0.0231942584357558
"ENSG00000135924",-0.240691659697928,6.71217244769039,6.01931524585827,0.0148267600891059,0.0232073246558225
"ENSG00000232093",-0.32231407682599,1.35170769089861,6.00812229036619,0.0149188451915713,0.0233494498188021
"ENSG00000140961",0.4148096039071,2.83951880036647,6.00712504198024,0.0149270783266765,0.023360325297332
"ENSG00000122870",-0.34764906043775,4.32092682508993,6.00384524216112,0.0149541891052674,0.0234007391763403
"ENSG00000186469",-0.260114259651429,3.87695582204001,6.00221102572137,0.0149677165646823,0.0234198923673814
"ENSG00000268001",-0.196969979024549,1.62423223758424,6.00097278012746,0.0149779747666583,0.0234339273166435
"ENSG00000004776",-0.527685653707116,0.349153027704205,6.00031832220111,0.0149833995443374,0.0234403983237922
"ENSG00000272070",-0.551576628970068,0.208558341928852,5.99800807748455,0.0150025653702832,0.0234683632024349
"ENSG00000213614",-0.192498950919772,4.34184160575384,5.9908225919689,0.0150623389051154,0.0235598400418162
"ENSG00000125347",-0.344238649842779,5.74440098081655,5.98952350895775,0.0150731718504408,0.0235747570397985
"ENSG00000264577",0.308566205523128,-0.157842149540103,5.98917398677904,0.0150760878657522,0.0235772902925453
"ENSG00000272812",-0.294265754734182,-1.34384732680084,5.98896727152775,0.0150778127378264,0.0235779604570188
"ENSG00000158079",0.208628904142842,3.54335741368683,5.98708034845676,0.0150935670509319,0.0236005671872722
"ENSG00000166716",-0.169561792756918,5.97427742619634,5.9857172501898,0.0151049584594714,0.0236163487029026
"ENSG00000213186",-0.228230220709334,4.14084711336135,5.98537980876713,0.0151077798328288,0.0236187295512713
"ENSG00000279103",-0.347587344263081,-1.35875902747201,5.98358221928853,0.015122818826377,0.0236402087506785
"ENSG00000165269",0.733380864445582,0.815637999676058,5.97873360741217,0.0151634607360414,0.0237017036668203
"ENSG00000155959",-0.173900780003345,5.93044405978721,5.97651144328781,0.0151821251346776,0.023728838356064
"ENSG00000230606",0.494294798705955,-0.529619831156777,5.97450037582637,0.0151990370258026,0.0237522591117924
"ENSG00000165914",-0.203748315148146,4.03650252021486,5.97441897099679,0.0151997220036371,0.0237522591117924
"ENSG00000286156",-0.346768029531429,1.54206966350893,5.96886600879952,0.0152465228434721,0.0238233468622913
"ENSG00000112367",0.212678802001312,4.99437941632477,5.96569108887673,0.0152733484603153,0.0238632129367078
"ENSG00000173253",-0.637991204717125,-0.0261741790609638,5.96552223348104,0.0152747765278244,0.0238633942181816
"ENSG00000206149",0.261963228475621,2.55290036847416,5.96237672378503,0.0153014045036989,0.0239029412619836
"ENSG00000146243",-0.245793886544078,2.93283266732717,5.95653252887482,0.0153510057964276,0.0239783659760757
"ENSG00000133398",-0.207524137198579,4.62312084412637,5.95475304934145,0.0153661418235382,0.0239983144458858
"ENSG00000118496",-0.203882369714832,4.81381584836356,5.95472085927257,0.0153664157706612,0.0239983144458858
"ENSG00000232934",-0.345495140210622,-1.55132914514842,5.94816034156027,0.0154223535902675,0.0240836066883992
"ENSG00000170873",0.401205676507929,5.98966409785377,5.94500811192743,0.0154493059428538,0.0241221950323946
"ENSG00000268006",-0.291141885772002,0.540066393790989,5.94496009904233,0.0154497168425536,0.0241221950323946
"ENSG00000269925",-0.256251333153302,-1.05726263333644,5.94336702385144,0.0154633569896444,0.0241414194787684
"ENSG00000132305",-0.14471474950354,7.01211326764101,5.94296955354478,0.0154667621361501,0.0241446630960688
"ENSG00000185513",0.40150841797958,1.39392391433387,5.9409913256105,0.0154837212781232,0.0241690630455291
"ENSG00000230797",0.256901201770212,0.0382968193939843,5.94079337017245,0.0154854193907209,0.0241696393957291
"ENSG00000283317",-0.417067138876194,-1.22307939099433,5.93982749578621,0.0154937076803365,0.0241805007113403
"ENSG00000267128",0.534700060788979,-0.519732714156804,5.9379401500518,0.0155099165140942,0.0242029854535687
"ENSG00000134057",-0.225077018435836,6.37376515108645,5.93784010004577,0.0155107762506486,0.0242029854535687
"ENSG00000136868",-0.205105022527008,6.41398317476433,5.93758816289728,0.0155129413827824,0.0242042873698246
"ENSG00000113555",0.247677349191476,4.12910094338698,5.93398987221918,0.0155438991037991,0.0242505092554381
"ENSG00000264281",0.334301817341369,-0.891783204673712,5.93196637738535,0.0155613362881824,0.0242756312213279
"ENSG00000169604",0.350146349627437,7.91959836654421,5.93118591799579,0.0155680672091496,0.0242840485763305
"ENSG00000163558",-0.211099463865442,6.23302188092438,5.92925575196015,0.0155847265256298,0.0243079500941733
"ENSG00000072952",0.314065655262273,4.01648022662468,5.9281887902466,0.015593943436976,0.0243202403731538
"ENSG00000173706",0.250607143717873,6.31339417871459,5.92646457749158,0.0156088499419514,0.0243414012470386
"ENSG00000145425",-0.221080150000652,7.91077221527178,5.91987996063826,0.0156659127203446,0.0244282939435551
"ENSG00000101166",0.223301001215503,7.07703724402583,5.91544034954045,0.0157045088275985,0.0244863786160618
"ENSG00000156509",-0.35495706066099,0.851025379807946,5.91527000082559,0.0157059917311596,0.0244865916000626
"ENSG00000227329",0.325313439017302,-1.38802852953286,5.91392736118139,0.0157176846367235,0.0245027211941997
"ENSG00000181847",-0.472925025795072,3.41350777544352,5.91207361790966,0.0157338435332714,0.0245258095803171
"ENSG00000168273",-0.251500288178467,3.03368394011495,5.91082357333617,0.0157447497765756,0.0245407069103057
"ENSG00000162736",-0.173302897027586,7.74263484614421,5.90926943565373,0.0157583200738781,0.0245597536849781
"ENSG00000166153",0.220947445098748,-0.0296023474645123,5.90727959926654,0.0157757124867953,0.0245847535523806
"ENSG00000245025",-0.265391495771473,0.27953224794749,5.90295088629625,0.0158136169626757,0.0246417122444435
"ENSG00000072958",-0.140083275520987,5.78998400208583,5.9025574815945,0.0158170665007475,0.0246447774328492
"ENSG00000213801",0.29184609164814,0.535836640982082,5.90241750915327,0.0158182940263405,0.0246447774328492
"ENSG00000161298",-0.272677654694566,2.78431650466368,5.90142223633262,0.0158270251868355,0.0246562684452389
"ENSG00000254153",0.563303224301624,-0.821828294849758,5.90071999927728,0.0158331886613578,0.0246637577400459
"ENSG00000132341",-0.166467774270531,8.30584835766163,5.90016607777389,0.0158380521398376,0.0246692208888727
"ENSG00000241058",-0.176723801129348,3.68498701756907,5.89965674498163,0.0158425254934432,0.0246740754987793
"ENSG00000171262",0.164656453061965,5.52287567230353,5.89801189696039,0.0158569807725484,0.0246944743806072
"ENSG00000163319",-0.152981365282019,2.24544167984197,5.89721888310996,0.0158639548378537,0.0247032200848359
"ENSG00000158481",-0.564442474256724,0.935994824612488,5.89558370727812,0.0158783452441942,0.0247235119682735
"ENSG00000048707",0.210809486446857,6.60006827662836,5.89440322238226,0.0158887425493569,0.0247375834178825
"ENSG00000140612",-0.166693520471801,6.97037893678221,5.89392734282861,0.0158929359304617,0.0247419942397704
"ENSG00000105127",-0.134271695724334,5.22393147947624,5.89091649573856,0.0159194937048711,0.0247812180335669
"ENSG00000128203",0.300271657307177,1.87586754459074,5.88874125121324,0.0159387095295653,0.0248090071821766
"ENSG00000162407",-0.220507099891657,5.40626823603349,5.88854694782044,0.0159404271507386,0.0248095575062155
"ENSG00000156873",0.187307998661013,4.92009546350937,5.88785512390499,0.01594654435952,0.0248169546342902
"ENSG00000112294",0.320638112714147,5.10763998606173,5.88310788868695,0.0159885858694684,0.0248802532335636
"ENSG00000179934",0.466239838673268,0.468941020738034,5.88263340427461,0.0159927942202976,0.0248846728786699
"ENSG00000074071",0.251241446513347,5.93874018706742,5.88247616459845,0.0159941890817711,0.0248847143729044
"ENSG00000250462",0.207169188160925,2.78415099965147,5.88208471954816,0.0159976621100478,0.0248879889194721
"ENSG00000137101",-0.350394934272211,2.45363158303742,5.88009644408294,0.0160153148251585,0.0249133207355443
"ENSG00000185386",-0.320259859097212,3.34961895676371,5.87794700444498,0.0160344211597745,0.0249403932422251
"ENSG00000169750",-0.358239904915657,4.69553135381347,5.87783013760616,0.0160354606649758,0.0249403932422251
"ENSG00000232811",0.285725372270183,0.530139433352464,5.87379785598756,0.0160713698019327,0.0249941063666141
"ENSG00000257446",-0.340106182446637,-1.05707620947191,5.87238173663065,0.0160840007215595,0.0250116112451884
"ENSG00000146842",0.177293639696724,5.36780093944023,5.86882920036221,0.0161157325329926,0.0250588136539343
"ENSG00000104946",0.161065332599893,5.25455513109296,5.8685786401893,0.0161179730269959,0.0250601550192342
"ENSG00000109790",-0.26964858769224,5.06536625985432,5.86583971802199,0.0161424853945669,0.0250961214083583
"ENSG00000117691",-0.260619811883861,6.31000059447905,5.86375204263759,0.0161611953186883,0.0251230615774618
"ENSG00000064607",0.175749925090231,6.60819221070401,5.86141011928368,0.0161822106210612,0.0251535806149783
"ENSG00000180747",-0.396867391137728,0.893240149047366,5.8603780487259,0.016191480930996,0.0251658396148484
"ENSG00000142892",0.188762801062748,5.47672165865751,5.85988622097392,0.0161959005869696,0.0251705579659749
"ENSG00000145191",0.136388804490742,6.29107753623904,5.85953225298245,0.0161990821841996,0.0251733515692261
"ENSG00000142611",-0.518498179207786,0.264127827034705,5.85477608119079,0.0162418954128806,0.0252377269345983
"ENSG00000072864",0.182712341633712,5.41873498088403,5.85389444800009,0.01624984442915,0.0252479216194584
"ENSG00000253671",-0.608274633418977,0.699003882956575,5.85140398227869,0.0162723208857901,0.0252806843999958
"ENSG00000103051",-0.174708624475331,6.0273434418681,5.84744097411981,0.0163081535893542,0.0253341900822663
"ENSG00000169019",0.193124548652382,3.8170136819878,5.84386068285586,0.0163405962635488,0.0253824207738855
"ENSG00000182484",-0.284322639729457,2.48608146441964,5.84290406867125,0.016349275922486,0.0253937344558647
"ENSG00000119917",0.418474551002506,6.51418246924057,5.83731986733862,0.0164000387165761,0.0254704042504557
"ENSG00000121089",-0.348829886071234,0.426477864202479,5.83556349892102,0.0164160386608015,0.0254930764312379
"ENSG00000279908",0.407762937601691,-1.48232173413687,5.83484556766599,0.0164225834451658,0.0255010627252348
"ENSG00000280351",-0.319403432359377,-0.147881526188286,5.83402642179428,0.0164300542276773,0.0255104854270953
"ENSG00000132313",0.137954770929002,5.6404595608137,5.83319242016366,0.0164376641222763,0.0255201224973078
"ENSG00000171246",1.75338325688919,4.13474971547093,5.83228166665558,0.0164459785231662,0.0255308516028804
"ENSG00000103152",0.222031477158725,3.95546322414124,5.82479409731755,0.0165144993326833,0.0256350357483011
"ENSG00000261461",0.222450463144737,-0.511726957140709,5.82327687579608,0.0165284199182404,0.0256544548108002
"ENSG00000204389",0.336627849893163,7.01497895219647,5.8225302720718,0.0165352745173365,0.0256629040806653
"ENSG00000086061",-0.187402865415448,8.20482222358644,5.82203448628926,0.0165398279772014,0.0256677808233224
"ENSG00000237181",-0.286460943924664,-0.410892599451186,5.82042849731371,0.0165545868487761,0.0256884929276973
"ENSG00000274828",-0.261385893905352,2.42087612616445,5.8174569364693,0.0165819312477105,0.0257287293579046
"ENSG00000046651",-0.179090131485086,5.60166711822498,5.81654688436557,0.0165903149525358,0.0257395417859525
"ENSG00000129657",-0.164362051216003,6.38030223400691,5.81575747383719,0.0165975908309474,0.0257486337455877
"ENSG00000108405",-0.483355114216602,0.687865303938872,5.81232364305235,0.0166292785016186,0.0257955921012742
"ENSG00000284691",-0.248100276339972,2.40371896558757,5.80968186760793,0.0166536997658391,0.0258312716477129
"ENSG00000007314",0.45495287124012,0.309684551723844,5.80846119518515,0.0166649965562333,0.0258465896959811
"ENSG00000113657",-0.327912685347576,7.3876618375545,5.80607480270256,0.0166871045638677,0.0258786713683173
"ENSG00000100099",0.16302839347743,5.24293498012017,5.80430286985825,0.0167035397950546,0.0259019508732588
"ENSG00000116791",0.255379755431311,5.27668031441335,5.80166748137325,0.0167280149410379,0.0259376927321055
"ENSG00000164120",0.925997494116203,3.37974998691373,5.80102021116004,0.0167340319053807,0.0259448105272409
"ENSG00000263731",-0.287708912630555,1.17629919800458,5.79931713226915,0.0167498743074953,0.0259671593849919
"ENSG00000129484",0.172453850124614,4.72451647885289,5.79857998876572,0.0167567362013805,0.0259755832294136
"ENSG00000267002",0.276611215145015,3.01297407440824,5.79737551544846,0.0167679546393851,0.0259907583928018
"ENSG00000232104",-0.420026376107485,-0.341723462964389,5.79586652828515,0.0167820203188388,0.0260103438908428
"ENSG00000007908",-0.569238607313597,3.4315760303735,5.79301095883571,0.0168086713966673,0.0260494304160349
"ENSG00000213563",-0.291937289927507,4.89072519533162,5.78939648183612,0.0168424684046462,0.0260995838241208
"ENSG00000286018",-0.2877954659968,-0.601722447467603,5.78771276716064,0.0168582359885253,0.026121792141702
"ENSG00000053747",0.637415443350216,5.67213244277979,5.78699907870792,0.0168649241345871,0.0261299293091294
"ENSG00000175029",0.19829904657114,6.66134512434552,5.77995870313125,0.0169310490338747,0.026230146493025
"ENSG00000168476",-0.249941044255662,5.09818098249359,5.77742755003216,0.0169548879812791,0.0262648413766718
"ENSG00000105373",-0.26523178362915,7.45284943017881,5.77668954172912,0.0169618452644702,0.0262733811676192
"ENSG00000186204",0.775006814052418,0.347533055079129,5.77562153334649,0.0169719187438661,0.0262863151931742
"ENSG00000279314",0.420826434238656,-1.35570062724853,5.77549783611361,0.0169730858603826,0.0262863151931742
"ENSG00000230479",0.35200080548692,-0.628643073167012,5.77317850957564,0.0169949847672297,0.0263179891823221
"ENSG00000169692",-0.30265086227495,5.58441865207189,5.7714039696338,0.0170117596527103,0.0263417235283071
"ENSG00000177425",0.222011285354119,6.2609096892135,5.7692640998598,0.0170320109070581,0.0263708363307715
"ENSG00000029993",-0.282172779137967,6.83513633654625,5.76595911731697,0.0170633377419492,0.0264170911517341
"ENSG00000187626",0.158597213339047,3.18774867420312,5.76294045215859,0.0170920029608515,0.0264592177931712
"ENSG00000180035",0.206755334966935,4.35447056086385,5.76269450988544,0.0170943406289786,0.0264605844561586
"ENSG00000285799",0.469167720984284,-0.485562641775113,5.75975536887753,0.0171223027174177,0.0265016119329753
"ENSG00000124731",-0.456193309303373,2.69786762791441,5.7550145663118,0.0171675054191174,0.0265693148879261
"ENSG00000211679",-0.776712738961993,7.13641911207931,5.75350171332375,0.0171819562748298,0.0265892394161675
"ENSG00000213904",-0.317709847506846,-0.454480548782762,5.75336076312076,0.0171833032822538,0.0265892394161675
"ENSG00000114127",-0.185630409482554,5.92209162757558,5.75147738721665,0.0172013125171883,0.0266148423702782
"ENSG00000145390",0.239234559272372,5.18521860678122,5.74864402282751,0.0172284426830356,0.0266540351981368
"ENSG00000272836",0.293516843053099,-1.26612580934076,5.7485259738587,0.0172295739951888,0.0266540351981368
"ENSG00000148344",0.425105253049504,5.44667491432318,5.74821166644024,0.0172325865095941,0.0266564282562084
"ENSG00000073169",-0.242833177213621,3.99167519971314,5.74510526587127,0.0172623895936686,0.0267002586894841
"ENSG00000162782",-0.435816949310105,3.63003597268074,5.74482298519782,0.0172651004720081,0.0267021809000751
"ENSG00000181191",-0.21283997539664,5.01889316873408,5.74349793004561,0.0172778315311359,0.0267195986640846
"ENSG00000147162",-0.185727029636155,7.37778646168841,5.74318961225263,0.0172807952302948,0.0267219098493964
"ENSG00000278156",0.302357854796508,-1.18385200485955,5.74297472372305,0.0172828611546527,0.0267228324985823
"ENSG00000189431",-0.784254108489265,3.08807537071577,5.74280050714197,0.0172845362498575,0.0267231507405991
"ENSG00000115307",-0.167085545880158,7.21701532294805,5.74115305665621,0.0173003848530419,0.0267453803405972
"ENSG00000124788",0.24579422626878,5.76841423168102,5.74051830940729,0.0173064951993948,0.0267525526675669
"ENSG00000090316",-0.131995395178504,5.89386415750843,5.73893510661918,0.0173217455525706,0.0267738512883618
"ENSG00000237984",0.290218547849491,0.247312732589068,5.73844490677933,0.0173264702795273,0.0267788784367814
"ENSG00000224165",0.287193410838866,0.795486048088254,5.73516886881635,0.0173580803323575,0.0268254537416023
"ENSG00000198125",0.457763859899776,4.80945650112152,5.72889846834303,0.017418749773266,0.0269169261577027
"ENSG00000204947",0.269900804742255,2.27321918419884,5.72785702477761,0.017428847603941,0.0269302421391962
"ENSG00000136859",0.322037643849004,5.96708942697504,5.72702128659196,0.0174369553147443,0.0269404810792192
"ENSG00000256667",-0.31805481219545,1.45191314721012,5.72532428536147,0.0174534304180672,0.026963644988007
"ENSG00000281189",0.310592302715219,-0.210416600106037,5.71800350050237,0.0175246888383632,0.0270714320190377
"ENSG00000159842",0.199499434959423,6.3431889736396,5.71746231120053,0.0175299686040484,0.0270772882352809
"ENSG00000178162",0.808401923094873,0.56055850646144,5.71588039120084,0.0175454110680806,0.027098839716903
"ENSG00000076716",0.484537991746864,5.96160162415094,5.71435945998578,0.0175602714964001,0.0271194886623524
"ENSG00000163900",-0.166293454896642,5.47318482327295,5.7096416265766,0.0176064508697935,0.0271884979130417
"ENSG00000196275",0.211827699764786,1.67656877396901,5.70809742901929,0.0176215932699043,0.0272095711344783
"ENSG00000267265",0.295171421388405,-0.789327745367503,5.70586148339357,0.01764354293788,0.0272411510147846
"ENSG00000135185",-0.202016974017904,3.46944230435989,5.70241147858631,0.0176774664457838,0.027291211248274
"ENSG00000134283",0.126174900845161,5.67789105039231,5.69736633655921,0.0177271968337113,0.0273656642345562
"ENSG00000266967",0.253122658867278,-0.202267488082052,5.6940793744486,0.0177596748886238,0.0274115396284059
"ENSG00000267219",0.242355228533191,-1.26425911201398,5.69405371310549,0.0177599286882084,0.0274115396284059
"ENSG00000139725",-0.339408668115031,-1.04694273585627,5.69380651955226,0.0177623737112326,0.0274129871073312
"ENSG00000156234",0.885030657072223,5.83068289618252,5.69312478844736,0.0177691186135133,0.0274206364981573
"ENSG00000287686",-0.290272124491334,0.0796565107632292,5.69300082021491,0.0177703454147669,0.0274206364981573
"ENSG00000140876",-0.331676709926088,-0.0103028882442572,5.69247502783447,0.0177755496839114,0.0274263401468426
"ENSG00000078142",0.161691427336387,5.45808886817641,5.69136092408407,0.0177865822666945,0.0274408800609507
"ENSG00000179295",0.169810736484345,7.41951691843458,5.69121874197929,0.0177879907586656,0.0274408800609507
"ENSG00000133063",0.785231765906227,3.72429762480792,5.68705406327307,0.0178292985851498,0.0275022714499791
"ENSG00000049618",-0.172567323277037,6.79024382363162,5.68520968167643,0.0178476241268651,0.0275282045131803
"ENSG00000105341",0.153013152671392,5.3432373171465,5.684298717765,0.0178566825696174,0.0275398408018486
"ENSG00000255248",-0.35292880629873,3.39890701017011,5.68312280407158,0.017868382685217,0.0275555489468143
"ENSG00000185477",0.367034916966721,4.56786982892545,5.68196985432598,0.0178798620495738,0.0275709140277786
"ENSG00000213619",-0.173457854846208,6.11331962022996,5.68080978080026,0.0178914200779362,0.0275863977939558
"ENSG00000165716",-0.305722099314278,1.85695543211131,5.6794567671149,0.0179049102152951,0.0276048577600905
"ENSG00000080503",-0.208297759682495,7.37765021701645,5.67847396842639,0.0179147157754529,0.0276176343892131
"ENSG00000163864",0.387547897315007,3.10198457796966,5.67819667732719,0.0179174833682351,0.027619559920456
"ENSG00000255320",-0.230106115154708,0.351541146184578,5.67698223832233,0.0179296097023088,0.0276359102767451
"ENSG00000139620",0.130524170391246,5.09076928155252,5.6764878798513,0.0179345483795325,0.0276411800632944
"ENSG00000097021",-0.251859787638775,5.35531434668099,5.67586933526536,0.0179407296764161,0.0276483639514198
"ENSG00000163545",0.345822696036036,3.64653672435732,5.67415464749779,0.0179578766323947,0.0276724443099207
"ENSG00000008086",-0.28119985614734,4.67202193351416,5.67358722751939,0.0179635546082965,0.0276788487983477
"ENSG00000138686",-0.166823703488228,3.80392268208032,5.67179182516542,0.0179815328761256,0.0277042032995317
"ENSG00000135363",-0.253908718146937,3.59733604610763,5.67029811957878,0.0179965043536961,0.0277249213268698
"ENSG00000160298",-0.266989812388863,3.7232128213039,5.66936809064447,0.0180058326194622,0.027736942803657
"ENSG00000163823",-0.33029853250083,4.45322727779795,5.66726924287281,0.0180269027065548,0.0277670483085043
"ENSG00000166148",0.39679030366158,2.82144144492586,5.66664420605462,0.018033182329107,0.0277743687189261
"ENSG00000097007",0.148444084992412,6.66740043049517,5.66523337461275,0.0180473650362323,0.027793859041405
"ENSG00000164654",0.156746284548272,5.30001732823819,5.66250044425431,0.0180748714389658,0.027833863494362
"ENSG00000204519",-0.240991924344247,3.3641941565755,5.65639839658356,0.0181364447304706,0.0279263170299526
"ENSG00000137942",-0.211544367477575,7.07522815548024,5.65476877190394,0.0181529254752747,0.0279493277359093
"ENSG00000278867",-0.276917891051012,-0.917608846899182,5.65435019297068,0.0181571611664408,0.0279534829266316
"ENSG00000197879",0.205092094640739,7.95488542851717,5.65305192934937,0.0181703051143285,0.0279713507760818
"ENSG00000151687",-0.224739093233234,1.00511070855463,5.64997222970166,0.0182015243458492,0.0280170383211159
"ENSG00000167363",0.302214015681797,4.68354033694142,5.64829936384375,0.0182185057246549,0.0280408041059511
"ENSG00000129460",0.164507482692914,5.06249964911547,5.64775296505827,0.0182240558247217,0.02804697303605
"ENSG00000123684",0.237337143601306,7.15148633145825,5.64435569688515,0.0182586033770801,0.0280977644658882
"ENSG00000125445",0.185001945170133,6.11112696224169,5.64360996488249,0.0182661959955021,0.0281070704539926
"ENSG00000246596",-0.403147596650588,0.215563838912418,5.63805260023137,0.0183228813948275,0.028191909889952
"ENSG00000180806",0.33320017878953,2.86740308032961,5.63509988781225,0.018353073580397,0.0282359754931704
"ENSG00000277559",-0.350696069156096,1.21553278420192,5.63472251652118,0.0183569360175373,0.0282395290778118
"ENSG00000244945",0.371234229224375,-1.49575073068609,5.63427433383825,0.0183615243150512,0.0282441985996406
"ENSG00000099250",-0.247299527146489,6.53906544807515,5.633958493961,0.0183647584612352,0.0282467845152596
"ENSG00000116852",-0.338372776242087,3.54412661256703,5.63170747822651,0.0183878256360676,0.0282798725409096
"ENSG00000138639",0.297945447159909,2.83857497935033,5.62967427712046,0.0184086866593754,0.0283095622694444
"ENSG00000254064",-0.296110612076988,-1.64613690947231,5.62823857972539,0.0184234320045852,0.0283281857076306
"ENSG00000184083",0.250723585705932,4.63203881162544,5.62819187906106,0.0184239118504268,0.0283281857076306
"ENSG00000134996",-0.154591784365344,5.50324627739656,5.62778243230689,0.0184281194417213,0.0283314456233296
"ENSG00000135297",-0.147639719985074,4.47277020057451,5.6276824136023,0.0184291474142079,0.0283314456233296
"ENSG00000170161",0.311983300960024,-1.03581971723918,5.62692762101794,0.018436906946272,0.0283409790009123
"ENSG00000149548",0.292877939010618,2.36364392536675,5.61828150566247,0.0185260347627175,0.0284755784893353
"ENSG00000139219",-1.19206974151444,6.68296336460244,5.61756712630424,0.0185334188972581,0.0284845211174015
"ENSG00000211899",-0.851466429644478,9.70165437860328,5.61056980064798,0.018605908297032,0.0285935158518308
"ENSG00000228065",-0.467204877131417,2.0861299014818,5.60489693536614,0.0186648932212991,0.0286817402761903
"ENSG00000136156",0.19565162357199,8.58412133722554,5.60355138377799,0.0186789124157256,0.0287008582425629
"ENSG00000126062",0.173562114093661,5.24764985336042,5.60164940838928,0.0186987476275118,0.0287289087556331
"ENSG00000105443",0.173634143989252,6.16878551669037,5.60014255603864,0.0187144777541868,0.0287506479764464
"ENSG00000101331",0.277650332873412,0.667254195534419,5.59942132259172,0.0187220116248923,0.0287597928575626
"ENSG00000099785",0.169079757677515,4.92459313449054,5.5971255134884,0.0187460142281615,0.0287942324788279
"ENSG00000174996",0.214316564132137,5.18256764427291,5.59469785999879,0.0187714300764935,0.0288308368714122
"ENSG00000068354",-0.136896916631224,4.23153842039862,5.59306133427543,0.0187885835865967,0.0288547461177929
"ENSG00000260259",0.272912514543245,-1.32626916227069,5.590799245241,0.0188123208862954,0.0288887615906738
"ENSG00000174791",-0.403500451001536,2.99874657148604,5.5884002388112,0.0188375290159285,0.028925029779798
"ENSG00000133317",0.698355446798161,0.859055534547577,5.58746735852166,0.0188473409619163,0.0289376529980866
"ENSG00000286158",0.304507208243353,-4.72059185326973e-06,5.58567858506426,0.0188661699822339,0.0289641174674492
"ENSG00000197140",-0.538259692391625,2.11910964593462,5.5852773337873,0.0188703963268861,0.0289681607354325
"ENSG00000104524",0.309885040507103,5.35548499562132,5.58441917979702,0.0188794384934685,0.02897959552023
"ENSG00000183506",-0.245688941184506,1.49488086979719,5.58380410774172,0.018885922135451,0.0289871014176862
"ENSG00000196482",0.586752602656378,3.04478446118643,5.57941602665125,0.0189322453467793,0.0290557487441753
"ENSG00000166619",0.177937652266327,6.38127170312082,5.57920570380829,0.018934468606525,0.0290567089955685
"ENSG00000100591",-0.158714751978968,6.90712151196308,5.57865326149703,0.018940309602232,0.0290632203699819
"ENSG00000185298",-0.242481436072369,5.02176066653935,5.57772785875844,0.0189500981239412,0.0290757874707476
"ENSG00000124356",-0.126898540098846,5.91670656273983,5.57452180609554,0.0189840511182413,0.0291254257054891
"ENSG00000138593",0.220476563218984,5.9507441319651,5.57349369505376,0.0189949524967902,0.0291396926460543
"ENSG00000270108",-0.368721051691012,-1.53453620037563,5.57222037115751,0.0190084629703004,0.0291579593913995
"ENSG00000156384",0.174614924670666,2.73867204883959,5.56941830377727,0.0190382292356957,0.0292011564630489
"ENSG00000137078",-0.460917851235944,1.76049762287551,5.56425940048639,0.0190931589756263,0.0292817265881295
"ENSG00000114742",0.150967067799913,5.83787376389204,5.56418256784278,0.0190939783008146,0.0292817265881295
"ENSG00000147316",-0.182524627988926,4.2731128621278,5.56382260343139,0.0190978173635177,0.029285144777646
"ENSG00000066294",0.335829786130848,4.8107789277358,5.56250126530362,0.0191119164750073,0.0293042941196622
"ENSG00000063761",0.17802077795406,3.22067693526285,5.56167771304702,0.0191207095253209,0.0293153051375315
"ENSG00000141258",0.22807122529478,5.46629111376466,5.55515635692634,0.01919048669913,0.029419805468963
"ENSG00000249936",-0.227737924906643,0.738526870355588,5.55368613527593,0.0192062543328379,0.0294414963173752
"ENSG00000111786",0.168843172037348,5.47483217099683,5.55275658354601,0.0192162304176238,0.0294543063235919
"ENSG00000031823",-0.146634059219833,5.95305956956509,5.55218869458218,0.0192223277375977,0.0294611693681155
"ENSG00000159140",0.154269866042364,8.24634575192569,5.55183009762211,0.0192261789643928,0.0294645890633954
"ENSG00000203734",0.371819934453762,-0.530780460955028,5.54585451807536,0.0192904732319851,0.0295606308150093
"ENSG00000136807",0.142203258484413,5.70833481646978,5.54520704587943,0.0192974531314127,0.0295688355142488
"ENSG00000070495",-0.184357741381596,4.95641364472923,5.54285467050858,0.0193228344047612,0.0296052322596072
"ENSG00000070718",0.280294451537205,5.4410908733138,5.54171993496201,0.0193350902045799,0.0296203741561535
"ENSG00000072133",0.483065228561701,3.26942676524866,5.54163809850264,0.0193359743982852,0.0296203741561535
"ENSG00000169131",-0.195164034870064,4.06143868236532,5.53778876103446,0.0193776117418675,0.0296816576015737
"ENSG00000230530",0.232600301991446,-1.25066127919127,5.53659415792727,0.0193905524328451,0.0296989783283021
"ENSG00000166762",0.321322428851658,1.4087737184786,5.53222842896118,0.0194379212846356,0.0297690225938829
"ENSG00000166171",0.244300450729462,4.18903824694034,5.53164129920945,0.0194443009153902,0.0297762856823371
"ENSG00000151612",0.231191593716644,5.15045851963815,5.52653541023454,0.0194998724013667,0.0298588717996343
"ENSG00000167554",-0.306345317009978,2.82373947787962,5.52569149979379,0.0195090732600607,0.0298704456986265
"ENSG00000072609",-0.168498035149164,4.94428493190218,5.52537141873942,0.0195125641728432,0.0298732758565381
"ENSG00000167920",0.280511692879181,4.45017160580539,5.52215791877242,0.0195476477416588,0.0299244690788057
"ENSG00000259153",0.272090931504826,1.61936469141148,5.52147916123106,0.0195550665094229,0.0299333066548883
"ENSG00000200534",-0.403833717953628,-0.0146962716443737,5.51999138129015,0.0195713380820631,0.029955692757432
"ENSG00000119927",0.251329714891868,4.59048041366253,5.51675825865693,0.0196067467436738,0.0300073636632396
"ENSG00000103145",0.276500300691713,5.62334900813784,5.51418673483814,0.0196349572768142,0.0300480103450312
"ENSG00000167272",-0.19323170550895,4.2630282159619,5.50932605004965,0.0196883961742955,0.0301272547213602
"ENSG00000211648",-0.777190469325848,5.183012534115,5.50764063564652,0.0197069611289849,0.0301531260211977
"ENSG00000049768",-0.306505881046814,2.86015913819829,5.50718533190739,0.0197119794559611,0.0301582673574209
"ENSG00000172270",-0.220755363294565,8.98673297305596,5.50615111978657,0.0197233834145143,0.0301731766795513
"ENSG00000237424",-0.348354981069859,1.8417616531554,5.50239287093322,0.01976488239094,0.0302341195060064
"ENSG00000106772",-0.509644097510988,3.24820235648648,5.50100094231097,0.0197802752666937,0.0302551212303948
"ENSG00000068831",-0.412153794867034,2.18307852542863,5.50001831952899,0.0197911492785586,0.0302692081297026
"ENSG00000088448",-0.219202725345334,6.24816483992432,5.4967500499291,0.0198273617628392,0.030322042860718
"ENSG00000113593",0.137904409638288,4.48364676419482,5.49622441715014,0.019833192218327,0.0303284092876182
"ENSG00000122966",-0.218834260741915,5.16816761270854,5.49436321345441,0.0198538515255793,0.0303574486378509
"ENSG00000101342",-0.29192864033911,-1.36249005569875,5.48403344170254,0.0199689195903123,0.0305308262868696
"ENSG00000140750",-0.127731052837537,5.97768357038571,5.48261921722534,0.0199847272320166,0.0305524265693804
"ENSG00000146054",0.598398043292152,0.566184302910302,5.47836297738903,0.0200323804468455,0.0306227042836801
"ENSG00000158793",0.170792464515348,5.01640795811846,5.47762150534186,0.0200406941212417,0.0306328384466883
"ENSG00000110801",0.174391157665502,1.65522981822196,5.47744538266216,0.0200426694054613,0.0306332832896244
"ENSG00000119950",-0.258303495014445,5.7284446402608,5.47205039362924,0.0201032746070978,0.0307233306910256
"ENSG00000007129",0.381009016508772,0.703338395655674,5.46941275544077,0.0201329742194792,0.030766134691975
"ENSG00000197980",0.271572781195021,0.339628338365143,5.46503373994574,0.0201823825346149,0.0308390467562444
"ENSG00000267053",-0.382234126750303,-1.34283688713783,5.46454466261237,0.0201879086133398,0.0308448993497501
"ENSG00000141510",-0.31457544225318,6.54288855763186,5.46200079099766,0.0202166772067052,0.030886259977787
"ENSG00000064601",0.193613134249507,6.75730215852816,5.46162816412835,0.0202208948195366,0.0308901087668177
"ENSG00000077713",-0.188421616632561,5.01271540842242,5.46121060536007,0.0202256220869244,0.0308947354091694
"ENSG00000162521",-0.164433250830535,7.40727705942011,5.46074679917435,0.0202308742796896,0.0309001630331705
"ENSG00000131791",-0.216263919799652,4.97321785806775,5.45773331036575,0.0202650339697073,0.0309497386716799
"ENSG00000253159",0.315692468595044,0.922432625693136,5.45516740656857,0.0202941673574095,0.0309916302180154
"ENSG00000266709",-0.485228394299067,-0.534193537214633,5.454502362683,0.0203017254101752,0.0310005693695128
"ENSG00000176723",0.257590987181904,0.590108930089243,5.45151958336476,0.0203356600020112,0.03104978039931
"ENSG00000115233",-0.152763136951905,6.54818198786209,5.45105549511665,0.0203409451656849,0.0310552430683688
"ENSG00000164867",-0.248218998246318,2.98263747161746,5.44754749170866,0.0203809415659076,0.0311136952493476
"ENSG00000134864",-0.279231861066072,2.13467534361604,5.44737263825332,0.0203829372941068,0.0311141303823092
"ENSG00000147804",-0.391974330548575,5.1360711489272,5.44674343945944,0.0203901204762431,0.0311214039693638
"ENSG00000085563",0.33053059471231,1.71874588243345,5.44643539693112,0.020393638172706,0.0311214039693638
"ENSG00000126524",-0.14944676418482,6.28895828507438,5.44638147534033,0.0203942539961472,0.0311214039693638
"ENSG00000162910",-0.24630443210393,5.25220751656909,5.44635585381318,0.0203945466192461,0.0311214039693638
"ENSG00000008324",-0.191609982549854,4.17378584513943,5.44585474448989,0.0204002706608494,0.0311275270788195
"ENSG00000121653",0.367302095174987,3.65724684026819,5.44492477170456,0.0204108979322974,0.0311411300723618
"ENSG00000179743",-0.238910254537745,1.89587531244617,5.44424215706699,0.0204187021854883,0.0311504240353683
"ENSG00000163795",-0.191931930610068,3.6201243831863,5.44370085267535,0.0204248930643636,0.0311572553094562
"ENSG00000226479",-0.15197124952175,6.06368670033184,5.44233666316387,0.0204405039233665,0.0311784539884427
"ENSG00000174799",0.197323790464449,3.93240520844567,5.44107390513753,0.0204549651436812,0.0311961743546585
"ENSG00000107249",-0.393393744861509,3.22936191067097,5.44102270152606,0.0204555517568538,0.0311961743546585
"ENSG00000255690",0.38697131039595,5.14435030004848,5.44064469934742,0.0204598828735374,0.0312001634697659
"ENSG00000090382",-0.502701273015014,7.50848820207548,5.43660632794347,0.0205062138379004,0.031268193937268
"ENSG00000245958",0.193886400589367,2.67665164259949,5.43623936366818,0.0205104293156484,0.031272000032946
"ENSG00000173465",-0.195769323188209,4.35750805646347,5.43448380566233,0.0205306086621486,0.031300143365227
"ENSG00000069812",-0.735639574633554,2.98121976755888,5.43423027641135,0.0205335245746434,0.0313019650459822
"ENSG00000182873",-0.245785717514241,0.662355084751132,5.42599120658959,0.0206285196310687,0.0314441430648574
"ENSG00000267040",-0.239869759328269,0.630000146003749,5.4223005073633,0.020671221099584,0.0315065925885556
"ENSG00000237575",-0.45578590656268,-0.935899968744712,5.41730238837839,0.0207291962673927,0.031592309511592
"ENSG00000150347",-0.254074017316228,6.17410739689497,5.41697783717248,0.0207329667170246,0.0315954083493291
"ENSG00000228589",0.267021268880292,0.47751921891238,5.41666948131719,0.0207365496801738,0.0315982209771281
"ENSG00000170236",0.311378140681098,-1.41631932996961,5.41505045987061,0.0207553726035483,0.031624253741588
"ENSG00000032389",-0.168199092334,4.85668636245294,5.4133207754867,0.0207755017722333,0.0316522722594555
"ENSG00000214784",-0.284675189399865,-1.61357916262125,5.41178185486135,0.0207934280267892,0.0316769301408193
"ENSG00000104219",-0.389042780091704,4.16548107893614,5.41136115848933,0.0207983313500607,0.0316817462809802
"ENSG00000106066",-0.302258576766873,4.55182661277153,5.41105504910701,0.0208018998898636,0.0316831640646878
"ENSG00000123870",0.233523723163981,1.79613142054266,5.41098247301871,0.0208027460556687,0.0316831640646878
"ENSG00000214485",-0.339929434803243,1.1160917065706,5.41020325434909,0.0208118332383757,0.0316943500744853
"ENSG00000182481",-0.216866421942829,7.98689339046087,5.40999992526068,0.020814205125363,0.031695308340598
"ENSG00000146085",0.183649764711208,5.82207717667716,5.40873678204707,0.0208289463312505,0.0317151005335106
"ENSG00000090266",-0.222061715134978,5.71830592544024,5.40761134300732,0.0208420896561525,0.0317324566102546
"ENSG00000102780",-0.308898985146364,4.61908412693231,5.40618587765581,0.0208587492106348,0.0317551628562003
"ENSG00000156298",-0.386265170066105,2.29149776272449,5.4006137921662,0.0209240039425055,0.0318513845485127
"ENSG00000130779",0.167143385623569,6.81289235098905,5.40049000619936,0.0209254560133153,0.0318513845485127
"ENSG00000224078",0.486096937442228,5.12900105062671,5.39987557977624,0.0209326650941101,0.0318596914419812
"ENSG00000214357",0.301013313428218,5.53402396236985,5.39779553567772,0.0209570895172334,0.0318941966479325
"ENSG00000286366",-0.231092659073255,-0.627507288014605,5.39634499434693,0.0209741397248063,0.0319174743402591
"ENSG00000070371",-0.326640926626954,2.03566944374262,5.39324999611224,0.0210105678308659,0.031970234059047
"ENSG00000138443",-0.189705099634174,6.06092125061911,5.39032956420631,0.0210450017418531,0.0320199507847436
"ENSG00000167468",0.237760256275236,7.78380171285953,5.3881133243026,0.0210711719807448,0.0320570870753481
"ENSG00000272416",0.328127180910963,-1.7964933176473,5.38736952046622,0.0210799627090659,0.0320662833135104
"ENSG00000206341",-0.394526043598797,5.01953316610673,5.38730353295374,0.0210807427743371,0.0320662833135104
"ENSG00000122862",-0.295744401032518,6.24958342956966,5.38689638165089,0.0210855565411462,0.032070923429534
"ENSG00000233016",-0.297486265130098,4.44949222847013,5.38583269300963,0.0210981379817257,0.0320873763367863
"ENSG00000108262",-0.197538633342504,6.66164460488611,5.3855536482941,0.0211014398520866,0.0320897147182066
"ENSG00000158483",0.214913626342429,2.65143876354542,5.38523666513317,0.0211051912923545,0.0320927363285129
"ENSG00000176102",-0.158469609539459,5.17400630244499,5.38505210991932,0.0211073757911111,0.0320933749279994
"ENSG00000186106",0.243698459851347,5.07101487271707,5.38267272387896,0.0211355606439532,0.0321335431741387
"ENSG00000172339",0.174334898011554,3.58234267547725,5.38126032692426,0.0211523096400544,0.0321563196032523
"ENSG00000185880",-0.221626247954601,5.58787775479366,5.37878541599007,0.0211816918822236,0.0321975611732999
"ENSG00000169418",-0.290840031189513,2.88170666620651,5.37867710528416,0.0211829787222183,0.0321975611732999
"ENSG00000143196",0.436213151710076,2.91436237304156,5.37823139701964,0.0211882750415982,0.0322029202353629
"ENSG00000256591",-0.328820310173553,-1.19341703788819,5.37780126492077,0.0211933875789261,0.0322079991047384
"ENSG00000161048",0.168010069151566,4.53290495164296,5.37619037610493,0.0212125459803443,0.0322344211120814
"ENSG00000265743",0.272021599487896,0.0914087804658099,5.37585161558894,0.0212165771764975,0.0322378534407799
"ENSG00000112759",-0.33108009504774,7.35363185549505,5.37536816326112,0.0212223315647853,0.0322439033080206
"ENSG00000267174",0.3493406768607,-1.3388691387746,5.37498468206368,0.0212268971833071,0.0322481461719003
"ENSG00000005961",0.431682257080551,0.612502629377302,5.37402362482548,0.0212383437559929,0.0322628410785933
"ENSG00000172476",-0.328104399398234,-1.35309372271958,5.37195397596148,0.0212630159411063,0.0322976226772041
"ENSG00000105379",-0.351336997501362,3.39243666358556,5.36950706451802,0.0212922239908939,0.0323392876781944
"ENSG00000285873",0.460517958679766,-0.653002497093613,5.36831426194447,0.0213064772742122,0.032358233856327
"ENSG00000159399",0.314737651061102,7.05807673704666,5.36799345445058,0.0213103124300134,0.0323613561390234
"ENSG00000267249",-0.212434504584555,0.377593561863427,5.36432922916321,0.0213541681976539,0.032425247218144
"ENSG00000189164",-0.186228445818609,2.82634488120837,5.36411528671248,0.0213567317007604,0.0324261960759082
"ENSG00000156709",0.156164163404967,6.06798376147447,5.36397951163475,0.0213583587524401,0.0324261960759082
"ENSG00000213066",0.225564989098998,3.79674770180787,5.35970786022588,0.0214096138274299,0.0324990020138874
"ENSG00000115687",0.197246934916187,4.36092047934862,5.35968504279033,0.0214098879552671,0.0324990020138874
"ENSG00000164989",-0.208609919793462,2.51188600360933,5.35289714264211,0.0214916001792114,0.0326203141166232
"ENSG00000171502",0.36935559724121,1.6357544532683,5.35213592920999,0.0215007838562009,0.032631530104855
"ENSG00000214026",-0.258829591947308,4.55433549461618,5.35157995130973,0.0215074940490662,0.0326389905518911
"ENSG00000172331",-0.193868239518132,4.89838232533846,5.35057531665036,0.0215196246936843,0.0326546749481671
"ENSG00000184208",-0.198521040891436,4.73346725288179,5.34700064285384,0.0215628456084698,0.0327175303184157
"ENSG00000163444",-0.158024159476727,5.92661609387555,5.34145177316664,0.0216301155939036,0.0328168620638904
"ENSG00000165171",0.428025052530089,1.9169407341352,5.3409039620857,0.0216367686641065,0.0328242179049769
"ENSG00000273226",0.24602748970226,-0.495593166748406,5.34053832129097,0.0216412104949202,0.0328282182219856
"ENSG00000287978",-0.372973647854826,0.931166064737958,5.33946928371169,0.0216542026938284,0.0328451871066092
"ENSG00000169435",0.578198798948038,3.50870855678545,5.33727097147109,0.0216809447200945,0.0328830072189026
"ENSG00000162585",-0.254661912254004,4.84693185441121,5.33658418373677,0.0216893064107435,0.032892946301893
"ENSG00000089639",-0.18471113065567,4.74148823176141,5.33552729650856,0.0217021806574953,0.0329097266798836
"ENSG00000279529",-0.259463978964813,-0.00125144104072394,5.33235415268334,0.0217408815186211,0.0329656651155216
"ENSG00000157764",0.209994496214168,5.40718916268974,5.33137034716621,0.0217528949880418,0.0329793698553315
"ENSG00000135837",0.187422099449441,6.76425330051886,5.33125971518723,0.0217542463727065,0.0329793698553315
"ENSG00000254536",0.312711043795138,-1.58558744586245,5.33103159483954,0.0217570331700693,0.0329793698553315
"ENSG00000230953",0.446297748975734,-1.32747093703852,5.33102016584495,0.0217571728004246,0.0329793698553315
"ENSG00000240616",-0.266740188012443,-1.22683505268884,5.32786901592624,0.0217957067009531,0.0330350261230779
"ENSG00000266783",-0.319092775020649,-1.25207635462746,5.32753122664969,0.0217998415840617,0.0330385400159082
"ENSG00000004777",-0.25184480241546,3.72409695665269,5.32715423136925,0.0218044573540932,0.0330427820660095
"ENSG00000226979",-0.428447770380146,0.616488514623514,5.32601128234925,0.0218184573643047,0.0330612432343559
"ENSG00000114857",0.185544094354528,6.17874953331637,5.32516653797778,0.0218288106811498,0.0330741759970637
"ENSG00000102313",0.752952743976864,2.97300661676018,5.32392381815309,0.0218440509571869,0.0330945105213923
"ENSG00000211651",-0.718213750927011,5.7539721102056,5.32191886875912,0.0218686623373784,0.0331290380303381
"ENSG00000255052",-0.39963780416696,-0.220743790142099,5.32132494077354,0.0218759585381319,0.0331373310478507
"ENSG00000236431",-0.389286882982868,-0.269128503731146,5.3175248244463,0.0219227017680418,0.0332053713988295
"ENSG00000101361",-0.168835513721093,7.099269908066,5.3161708565181,0.0219393813656963,0.033227868122182
"ENSG00000268182",-0.360376583227272,-0.34755486739202,5.31583578798957,0.0219435111334473,0.0332313555782797
"ENSG00000102984",-0.209442003704752,1.6881901655393,5.31557692494536,0.0219467022126275,0.0332328409339212
"ENSG00000168685",-0.474446403909758,5.06139067999422,5.31545979049689,0.021948146321655,0.0332328409339212
"ENSG00000130714",0.156999835730543,4.92393935407517,5.31124205659594,0.0220002113339923,0.0333089023343588
"ENSG00000136937",-0.158785390837017,6.12381583481901,5.308428319453,0.0220350165754702,0.0333588214978068
"ENSG00000219438",-0.538966036181299,2.54638503778237,5.30767215588553,0.0220443799189488,0.0333702190566658
"ENSG00000268521",0.331866231272236,-0.918944501581794,5.30378307666834,0.0220926027888086,0.0334404343810628
"ENSG00000264920",-0.259398146022897,1.76489293477039,5.3034874016931,0.0220962735248156,0.0334432073620159
"ENSG00000254978",0.271230899936575,-1.12355892809337,5.30290127687016,0.0221035520081765,0.0334501601866962
"ENSG00000119725",0.360411680337192,-1.0475992369404,5.30282128048886,0.0221045455951123,0.0334501601866962
"ENSG00000137996",-0.156109176210432,5.40484555255882,5.3024886089789,0.0221086780074283,0.0334536302495096
"ENSG00000080823",-0.301178414977408,3.65286873979954,5.30123517542847,0.0221242552712793,0.0334744160114822
"ENSG00000229474",-0.385614015045631,0.828958708815385,5.30058488292025,0.0221323414034978,0.0334838650346713
"ENSG00000048405",0.172103058227185,4.85167918627125,5.29900621215871,0.0221519843798915,0.033508786644077
"ENSG00000131941",-0.357498634384575,5.74875256824105,5.29896487800582,0.0221524989338235,0.033508786644077
"ENSG00000178761",0.174384415633629,3.16490169620882,5.29766699550883,0.0221686621457343,0.0335281091384313
"ENSG00000116095",0.157554758796928,4.61727779509162,5.29764310507372,0.0221689597811071,0.0335281091384313
"ENSG00000182054",-0.29504168755346,8.13328477603906,5.2923328963484,0.0222352197305249,0.0336232285100775
"ENSG00000221886",0.205735027053226,3.04986940634208,5.29230642910602,0.0222355505013862,0.0336232285100775
"ENSG00000065717",-0.338982937110324,4.9257935307947,5.29138536522836,0.0222470645725515,0.0336378427504836
"ENSG00000261305",-0.514338397164378,-0.156481833891654,5.28899358683365,0.022276992856107,0.0336802947686512
"ENSG00000147677",0.242714027368169,8.81423436814069,5.28840225626971,0.0222843986375799,0.033685708125862
"ENSG00000267317",0.233601794432007,1.74433939966354,5.28827225395617,0.022286027121478,0.033685708125862
"ENSG00000105011",-0.226992282393813,5.35559776901676,5.28826407026676,0.02228612963924,0.033685708125862
"ENSG00000115073",-0.156103497111967,5.91694429801453,5.28726351428362,0.0222986673945648,0.0337018582825614
"ENSG00000138231",-0.123098590658698,4.60742670577301,5.28646244470334,0.0223087107304266,0.0337142360419609
"ENSG00000162889",0.219249269692146,8.05220251471024,5.28596308430258,0.0223149738023018,0.0337208992619031
"ENSG00000205765",0.159133938363244,5.79268777934868,5.28481248647198,0.0223294117980082,0.033739913747792
"ENSG00000130758",-0.242412020661945,3.66602070342017,5.28325239926937,0.0223490037336951,0.033766712070813
"ENSG00000136895",0.293600590502445,3.12225691083331,5.27705772995558,0.0224269749323077,0.0338817028049516
"ENSG00000139190",0.232488049782909,2.7880368460526,5.27203466812083,0.0224904076103881,0.0339747120944965
"ENSG00000104388",0.186894946975907,7.91852082244431,5.27134626125178,0.0224991155816821,0.0339850439498077
"ENSG00000213713",-0.292553607840793,0.85466213398376,5.26939997512843,0.0225237540717671,0.0340194352314649
"ENSG00000173065",-0.206910032196831,5.75540791165016,5.26448301939446,0.0225861244095591,0.0341108055103429
"ENSG00000238098",-0.39711108497995,0.497602365353285,5.25834697442418,0.0226642113844775,0.0342258947742343
"ENSG00000162972",-0.147248851766482,4.04968782721794,5.25658789994728,0.0226866491746921,0.0342569344283353
"ENSG00000214391",-0.219658673932756,-0.49522658193361,5.25621035816791,0.0226914679106722,0.0342613662924876
"ENSG00000110844",0.193488323028571,2.92921043224176,5.25539740108976,0.0227018476739165,0.0342741932010619
"ENSG00000140749",0.306685528128826,4.02503856430988,5.25472898630446,0.0227103856446916,0.03428423755857
"ENSG00000119718",0.148387547720558,4.40285106493464,5.25183795971373,0.0227473526602353,0.0343371939733057
"ENSG00000184162",-0.219090291256472,4.55308662505927,5.25150294111094,0.0227516405374651,0.0343391619662954
"ENSG00000130600",-0.516573288166933,4.78204823547492,5.25144107728334,0.0227524324200476,0.0343391619662954
"ENSG00000279662",0.490090552407872,0.874487492591819,5.24863058572627,0.0227884382190854,0.0343906500438703
"ENSG00000130844",0.216070648852852,4.54718607735945,5.24763647047409,0.0228011882672355,0.0344070366053662
"ENSG00000286360",-0.295129385921216,-1.39893593812036,5.2456747263115,0.0228263705023668,0.0344421790855357
"ENSG00000158246",-0.411772253953291,3.78986222449088,5.24438946433933,0.0228428847002446,0.0344642378206594
"ENSG00000135953",-0.177549223782211,4.0604656298062,5.24314948530813,0.0228588288771796,0.0344854329477557
"ENSG00000169155",0.15516713698194,4.48987283944813,5.23961700613541,0.0229043146855084,0.034551188147966
"ENSG00000115464",-0.246548784430886,6.77483932979665,5.2375628107042,0.0229308088577173,0.0345882859101146
"ENSG00000175550",-0.257425959179154,6.26588939160058,5.23364066093935,0.0229814839965775,0.0346618484890747
"ENSG00000134363",0.468709821389446,3.76293710279137,5.232906299888,0.0229909851026093,0.0346733032376665
"ENSG00000133065",-0.238318009820556,5.5566071836262,5.23196013267821,0.0230032325831451,0.0346888976222736
"ENSG00000162383",0.406426260976428,-0.711699189314933,5.23099910831944,0.0230156793486933,0.0347047899182585
"ENSG00000115085",-0.482946717308329,2.75573061972856,5.22873868369577,0.0230449830892816,0.0347460956998967
"ENSG00000114200",-0.732117905542651,0.575291240144028,5.2264271120958,0.0230749901579879,0.0347884549895129
"ENSG00000018280",-0.345178460800505,3.30722228053003,5.22564373258459,0.0230851686445669,0.0348009156491822
"ENSG00000172086",-0.189445909659387,5.4965725319603,5.22014511641361,0.0231567444147229,0.0349059230411884
"ENSG00000154814",-0.151383327254481,3.8465582986988,5.21860110669823,0.0231768844876823,0.034933386513795
"ENSG00000145375",0.203921378434553,3.98600548434385,5.21086837774933,0.0232780256559279,0.0350820873833062
"ENSG00000157227",-0.296395180429737,8.81191058040751,5.21076360527915,0.0232793991988741,0.0350820873833062
"ENSG00000179021",0.136207012658167,4.61812334090132,5.2097209953096,0.0232930721854878,0.0350989703894302
"ENSG00000135655",0.132170870595802,5.76762961515284,5.20961506693958,0.0232944618193761,0.0350989703894302
"ENSG00000235776",-0.297952031343841,-0.48971759853935,5.20876498481617,0.0233056168565504,0.0351128693991832
"ENSG00000253485",0.459033710823085,0.669533332183139,5.20656775623251,0.0233344753983995,0.0351534364736263
"ENSG00000059728",-0.23731122021502,4.94140632227765,5.20579340867265,0.0233446546155629,0.0351658587169006
"ENSG00000067992",-0.293841111732727,6.73772996559062,5.20400581312654,0.0233681712290736,0.0351983683904257
"ENSG00000150477",0.183721507084123,3.0645596176384,5.20291309983182,0.023382558533933,0.0352171227736977
"ENSG00000163162",-0.141517059643578,6.08375876592713,5.20052704902276,0.023414006826939,0.0352615679529989
"ENSG00000175221",0.187200080335864,5.49751385848758,5.19948729950033,0.0234277245962091,0.0352793057588882
"ENSG00000277013",0.451391972909166,2.40216652005557,5.19892084439623,0.0234352015611156,0.0352876435130037
"ENSG00000184277",-0.16793933878897,5.36973433156126,5.19616223669396,0.0234716496213597,0.0353395996120273
"ENSG00000237476",0.365603313872351,-0.520653289323605,5.19558184711083,0.0234793255410142,0.0353480810005999
"ENSG00000213433",0.321574399493582,-0.741068430488747,5.19544243595898,0.0234811697080079,0.0353480810005999
"ENSG00000092140",0.189214717627902,4.83874056954795,5.19297129644764,0.0235138836906019,0.0353943984577231
"ENSG00000282221",-0.438184887998877,-0.433874241252807,5.19261171188888,0.0235186479858388,0.035398640314998
"ENSG00000115268",-0.24301124605196,7.72594211945338,5.18713401978554,0.0235913490881793,0.0355051267865788
"ENSG00000066468",-0.534116757634576,6.38544493796541,5.18633491504321,0.0236019745706996,0.0355181791735797
"ENSG00000131845",0.184657553516567,4.35044973363016,5.18377603185471,0.023636032984943,0.0355664902730325
"ENSG00000100060",-0.246360540322938,3.2243173405222,5.1818216914198,0.0236620795674079,0.0356027385152229
"ENSG00000157343",-0.408665077657644,-0.971357156443662,5.18043936152722,0.0236805207395878,0.0356275383581457
"ENSG00000248333",-0.160769295497286,4.84422297534954,5.17669579154314,0.0237305377594535,0.0356998362918891
"ENSG00000136908",0.183818311402871,5.88006864895822,5.1762956142857,0.0237358909619169,0.0357049363009961
"ENSG00000275532",0.352722226952321,-1.43857613819666,5.17600277910118,0.0237398090399471,0.0357078768457292
"ENSG00000275835",0.174315274811752,4.36916224680217,5.17516271852051,0.0237510526353266,0.0357218345597718
"ENSG00000213316",0.379178059474468,0.425582520664259,5.17318511014432,0.0237775434308904,0.0357587200199301
"ENSG00000180660",0.412329259935395,-0.573354126710929,5.17224708779598,0.0237901193720329,0.0357746747530826
"ENSG00000198951",0.153482924650378,6.01073165433702,5.17023743870787,0.0238170858543884,0.0358122650065821
"ENSG00000163909",0.306225030007584,4.06510648318852,5.17008199224039,0.0238191730426716,0.0358124426965455
"ENSG00000166482",0.414797079896669,4.74134145472878,5.16619182631241,0.0238714687583662,0.0358881033044441
"ENSG00000163104",0.169859980174517,5.55350669797751,5.16414478242268,0.0238990354109272,0.0359265614567063
"ENSG00000109685",-0.182512622898779,6.97528152023972,5.16399896718439,0.0239010003093329,0.0359265614567063
"ENSG00000145861",-0.493866859699623,0.81562390510455,5.16282340876744,0.0239168474292374,0.0359474110439608
"ENSG00000169851",0.400114175904998,4.22737211873096,5.16040752616867,0.0239494491971876,0.0359934376134894
"ENSG00000113068",0.141085353990384,5.5756632687862,5.15993751333378,0.0239557973005734,0.0360000034126108
"ENSG00000167100",0.378646703419707,1.05417182524256,5.15901765907906,0.0239682261524232,0.0360157053255348
"ENSG00000184517",-0.171798567233108,3.86430158035864,5.1526083554471,0.0240550142765439,0.0361431309096885
"ENSG00000106852",-0.387556898083623,2.62490012326991,5.15128095743567,0.0240730295060426,0.0361672113543617
"ENSG00000078589",0.524208025325074,2.93258962543109,5.15005095092197,0.0240897355315719,0.0361893210414
"ENSG00000184515",-0.4564130961559,1.35094459289819,5.14909563026609,0.0241027191101557,0.0362058354125794
"ENSG00000105246",-0.373609467442608,1.42609964343284,5.14604259788085,0.0241442613043727,0.0362652427619068
"ENSG00000197930",-0.270523512309376,6.38035563534071,5.14578412309992,0.0241477817670821,0.0362675354896522
"ENSG00000104497",-0.214919001182222,4.2481070240013,5.14521684133599,0.0241555101037508,0.0362761471197275
"ENSG00000100280",-0.176588346622352,7.37906245944435,5.14281608596527,0.024188245293166,0.0363223088996122
"ENSG00000279623",0.453674357374844,-0.873309289560795,5.14256819587188,0.0241916280045254,0.036324389510964
"ENSG00000139428",0.191224884524514,4.56347362116385,5.14070265572147,0.0242171010453168,0.0363596362730908
"ENSG00000161860",0.259914110842253,-0.0535206898701267,5.13984936300778,0.0242287616770086,0.0363739733387282
"ENSG00000227671",0.225525002658373,4.01741848967622,5.13971122605825,0.0242306499324846,0.0363739733387282
"ENSG00000184363",-0.269907096356781,6.328142651313,5.13897742609978,0.0242406831481081,0.0363860316165545
"ENSG00000157554",0.227999088184203,3.50952114308578,5.13244704187609,0.0243301641888407,0.0365173317599137
"ENSG00000117682",-0.127121382832217,5.40809050535329,5.1303590391664,0.0243588472888619,0.036557365664644
"ENSG00000109107",-0.4214222144608,3.85715909533613,5.12862531657619,0.0243826904476818,0.0365889642174644
"ENSG00000169884",-0.529407201194811,-0.0103150389045139,5.12853556653792,0.0243839254057557,0.0365889642174644
"ENSG00000138768",0.159746675722054,7.03833968334954,5.12806918068753,0.0243903439143439,0.0365955762344569
"ENSG00000211964",-0.81013321583621,5.02912202301792,5.12658121726254,0.0244108334068254,0.0366232976988651
"ENSG00000260360",-0.28120293861563,-1.36903942575417,5.12638650802941,0.0244135159139139,0.0366243011747168
"ENSG00000148842",0.233027304849746,3.72317361541645,5.1226355045877,0.0244652536010129,0.0366988892779565
"ENSG00000159917",-0.195267886178002,2.27330106144218,5.11797547216722,0.0245296891328886,0.0367925107990251
"ENSG00000228502",-0.363632384321298,1.74877259417989,5.11152449772414,0.0246191812422341,0.0369236965806674
"ENSG00000050030",0.555331821111742,2.46324577304641,5.11119887162349,0.0246237075727691,0.0369274400835689
"ENSG00000123560",-1.06147827557074,3.39418168885027,5.10971584719477,0.0246443331938651,0.036955324604668
"ENSG00000162694",-0.193844282768551,4.10689623018549,5.10696978305345,0.0246825726011937,0.037009615042911
"ENSG00000083454",-0.568026601339865,0.818331956829639,5.10600259148802,0.0246960556653598,0.0370267793620942
"ENSG00000214401",0.40138920381094,0.873294687971611,5.10562094205096,0.0247013781389665,0.0370317066923444
"ENSG00000214013",-0.179992323656863,3.87588653588357,5.10528016458473,0.0247061316259471,0.0370357802697376
"ENSG00000266680",0.35983154161425,0.292910653255464,5.10426235274234,0.0247203347210537,0.0370540174638639
"ENSG00000179933",0.14780894994828,5.62921217313583,5.10334682522992,0.0247331177738656,0.0370701232856257
"ENSG00000286004",0.430179275527443,-0.140835821984391,5.10227848100565,0.0247480432626999,0.037089437282629
"ENSG00000164543",-0.203480347804663,5.16556527114,5.10067110169156,0.0247705171691032,0.0371200598394702
"ENSG00000168852",0.294631957633192,-0.72236061743056,5.10052411056184,0.0247725734199319,0.0371200828276257
"ENSG00000277496",-0.324825735313901,1.01808201326427,5.09965781500421,0.0247846956044405,0.0371351877134495
"ENSG00000167721",-0.166091735302272,5.56860785873784,5.09847367341783,0.0248012754765401,0.037156968564029
"ENSG00000197579",-0.158445032009734,5.03557098386751,5.09702235941916,0.0248216119967718,0.0371843735274924
"ENSG00000173846",-0.211432860325376,3.87711585764846,5.09674658520371,0.0248254782493588,0.0371871024871799
"ENSG00000139998",0.245256663645511,5.48252143707487,5.09563505185273,0.0248410679169632,0.0372073905355947
"ENSG00000111678",-0.235329590566928,4.16405536189065,5.09470647891745,0.0248540993394302,0.0372222636869297
"ENSG00000287642",-0.326919272664521,-0.860638679385472,5.09463584783625,0.024855090855386,0.0372222636869297
"ENSG00000162542",-0.2152408810124,4.97927714257508,5.09223864379197,0.0248887672178357,0.0372666432288916
"ENSG00000164035",0.275550142969035,3.51182459360113,5.09223466575027,0.0248888231417059,0.0372666432288916
"ENSG00000261087",0.36117441241758,2.41708988034238,5.08841989327601,0.0249425122377266,0.0373439588886872
"ENSG00000185359",-0.17078174249614,6.16676692291531,5.0872371947555,0.024959182100152,0.0373658411422804
"ENSG00000185049",-0.154927664133342,5.07547726578907,5.08349764785478,0.0250119667983773,0.0374417820682211
"ENSG00000268222",-0.257885877252065,-1.47184737053366,5.08227358059129,0.0250292701658265,0.037464600919764
"ENSG00000188738",0.594354761746209,1.3138539358406,5.07907737595073,0.0250745105977602,0.0375292296537248
"ENSG00000271361",0.43972636324149,-0.0461040858062968,5.07532655767162,0.0251277102803266,0.0376057594485789
"ENSG00000120253",0.180007891587265,5.80818396492712,5.06945519544314,0.0252112236636578,0.037727639953481
"ENSG00000211965",-0.730840363107001,4.13119265240306,5.06929188522113,0.0252135507066217,0.0377280181202826
"ENSG00000256968",-0.233730232337315,-0.0701054517336396,5.06479500327678,0.0252777160420081,0.0378209196587729
"ENSG00000126001",0.218209484209965,6.05696784213957,5.06104062095796,0.0253314174956905,0.0378957219308584
"ENSG00000159708",0.503174914419741,-0.563019072607274,5.06100849985368,0.0253318774596094,0.0378957219308584
"ENSG00000248383",-0.657066544838461,0.0763888772581188,5.05723951113345,0.0253859088303436,0.0379734278975483
"ENSG00000114520",0.130388301428096,5.72536468862542,5.05245592309827,0.0254546588073393,0.0380731360516354
"ENSG00000136169",0.186154407241977,4.08872797248757,5.04731983546211,0.0255286916581843,0.0381807288774818
"ENSG00000103657",0.194217773456776,6.29543944645776,5.04521332207083,0.0255591205329661,0.0382230952354537
"ENSG00000131094",-0.61436368251216,1.04431050814222,5.04494898792901,0.0255629415527316,0.0382256664442228
"ENSG00000183778",0.702601461579662,4.7907984331637,5.04405571601524,0.0255758584537804,0.0382418376814664
"ENSG00000048462",-0.617608391244492,1.12217220846527,5.0435079070591,0.0255837832627744,0.0382505425387045
"ENSG00000105705",-0.141265978057319,4.90234232829541,5.03624755637829,0.0256890570447339,0.0384047813192192
"ENSG00000272240",-0.319494158696153,-1.32934284830874,5.03560887935241,0.0256983393956595,0.0384132642771789
"ENSG00000116539",0.215600683176425,7.23768030399148,5.03556650751036,0.0256989553400436,0.0384132642771789
"ENSG00000220201",-0.287246802342813,-0.714904750104088,5.0328943437462,0.0257378308339067,0.0384682116202724
"ENSG00000111335",0.410948034375449,7.44575457678389,5.02999116528483,0.0257801369077261,0.0385282769168218
"ENSG00000015285",-0.289546903344404,3.69624034446979,5.02850495882668,0.0258018225327447,0.0385575177245552
"ENSG00000162430",-0.15263103702465,6.79724168242547,5.02694146928043,0.0258246564050369,0.0385884694951373
"ENSG00000173372",-0.336358569825867,7.00349673577698,5.02655061060556,0.0258303679737532,0.0385938332955412
"ENSG00000137691",0.439944112720382,1.05058596736996,5.02582878329303,0.0258409194182319,0.0386064270066372
"ENSG00000157999",0.308395790054338,-0.57546495360219,5.02167346332121,0.0259017482986936,0.0386941271504426
"ENSG00000102890",0.287275254521904,4.85355855799427,5.01494454064835,0.0260005694080084,0.0388385640927117
"ENSG00000286584",0.227952808463692,-0.369681548335111,5.01354226080415,0.0260212129229261,0.0388662084784578
"ENSG00000119782",0.310287764189419,-0.476334642551894,5.01203649147541,0.0260433990346552,0.0388961522123754
"ENSG00000082996",0.147643036146128,6.1106427754843,5.01095297921127,0.0260593758203464,0.0389168180819821
"ENSG00000129245",-0.158994409924701,5.33723864629933,5.00899945453891,0.0260882071657987,0.0389566758564488
"ENSG00000131746",-0.634084756461031,4.92629314842491,5.00641071810723,0.0261264647740448,0.0390106018644058
"ENSG00000215251",0.165319617569041,4.57838715346235,5.00583645226436,0.0261349595041663,0.0390200823724985
"ENSG00000131263",-0.151318831921641,6.56975772978454,5.00470898865834,0.0261516457231143,0.0390417903974392
"ENSG00000232977",-0.431251773467826,-1.20520589991961,5.0036123215099,0.0261678868521355,0.0390628304388247
"ENSG00000110536",0.172993346406553,1.25571324926373,5.00095010409725,0.0262073569572429,0.039118539871837
"ENSG00000108947",-0.516657725737113,2.87072424857246,4.99962638477131,0.0262270056295793,0.0391446560307557
"ENSG00000250251",-0.228312893843908,1.74086688604654,4.99822689210671,0.0262477958044998,0.0391724714935786
"ENSG00000117262",-0.175521551809073,2.99260467323558,4.9978156290877,0.0262539086024827,0.0391783795259235
"ENSG00000184470",0.210516676615546,4.46496285492393,4.99413642571296,0.0263086606504442,0.039256864378561
"ENSG00000176125",-0.293157597095462,0.735635446249893,4.99240602252181,0.0263344529243587,0.0392901570544892
"ENSG00000224152",0.216509319611763,0.636078616275883,4.99234970802101,0.0263352927562831,0.0392901570544892
"ENSG00000236552",-0.237449522580417,3.58463374665852,4.98645841111311,0.026423306078899,0.039418232526494
"ENSG00000254605",-0.362273426535755,-0.287895496498209,4.98563068812219,0.0264356965199191,0.0394334821868521
"ENSG00000182827",0.178176913628197,6.74072175401568,4.98536084633543,0.0264397371786242,0.0394362752013135
"ENSG00000151665",0.162924145923563,2.92346939772489,4.9849376359522,0.0264460757072583,0.0394424948719651
"ENSG00000261644",-0.325445031043169,-0.801451218654848,4.98197732080257,0.0264904575702358,0.0395054478753237
"ENSG00000248019",-0.314068843653884,0.752102501554312,4.98162926609925,0.0264956808196603,0.0395099977656786
"ENSG00000168477",0.391546312458086,3.07104404277556,4.97789882471624,0.0265517311849339,0.0395903333982274
"ENSG00000279332",0.366419253005093,-0.394911945219412,4.97461381638376,0.0266011915840606,0.0396608306034014
"ENSG00000145214",0.212364708891958,4.3832966705011,4.97208713471126,0.0266392998980027,0.0397143923397437
"ENSG00000273654",0.292349110657403,-1.06862751061536,4.97000588986551,0.0266707328786502,0.0397579943936472
"ENSG00000234996",0.365248686587108,0.28509195746656,4.96827865476978,0.0266968487280923,0.0397924160616206
"ENSG00000070501",-0.279176168025985,5.43241310523849,4.96813581028708,0.0266990097388486,0.0397924160616206
"ENSG00000164896",-0.212602086765863,5.9944699809579,4.96792352099878,0.0267022216776672,0.0397924160616206
"ENSG00000272525",0.272133233023738,-0.417263313438243,4.96790015592162,0.0267025752161908,0.0397924160616206
"ENSG00000096717",0.171298759041609,5.15507245494059,4.96678022008765,0.0267195267843896,0.0398144153002194
"ENSG00000180626",0.222693104735656,3.25018870829412,4.96652082455495,0.0267234546518704,0.0398163247223426
"ENSG00000171522",-0.257994273527522,3.28277068260474,4.96640646580725,0.0267251865081569,0.0398163247223426
"ENSG00000164162",0.150864630253711,1.94561444145269,4.96378971574654,0.0267648468470781,0.0398721463227666
"ENSG00000109920",-0.13870210897352,6.12881961987173,4.96281867249824,0.0267795799669542,0.0398908272267783
"ENSG00000268189",0.367108062995182,-0.938133921489958,4.95893125381292,0.0268386467409409,0.0399755390159883
"ENSG00000272420",0.303932653387541,-1.37348644906389,4.95782097105584,0.0268555417766936,0.0399974282537262
"ENSG00000255471",0.360111827773812,-0.519915561518757,4.95653513628853,0.026875122075582,0.0400233128887812
"ENSG00000246263",0.253728446190197,0.360966431027913,4.9553549536844,0.0268931066848701,0.0400468171266102
"ENSG00000130958",-0.166382705465743,1.78651017272253,4.95379829676938,0.026916847589318,0.0400788885758916
"ENSG00000103316",0.805794846161265,1.5901021250865,4.9523330858026,0.0269392138715276,0.0401057149200116
"ENSG00000169239",0.270383440141374,3.46150998184517,4.95232913531606,0.0269392742015495,0.0401057149200116
"ENSG00000166557",-0.199478210834747,7.43700287797338,4.94959312916084,0.0269810912152443,0.0401646821920824
"ENSG00000198719",-0.318589365614346,2.43480920328466,4.94691819896995,0.0270220404282827,0.0402223480898277
"ENSG00000180921",0.244868868981461,7.55863598201524,4.94644299954112,0.0270293218280785,0.0402298940596638
"ENSG00000131408",-0.173925960240038,5.95783170717653,4.94623460580817,0.0270325156574258,0.0402313554355013
"ENSG00000067606",-0.221792277212148,3.78750254222352,4.94596156003562,0.0270367009377183,0.0402321548457208
"ENSG00000226015",0.300791017383038,0.564304822601746,4.94591094569733,0.0270374768352345,0.0402321548457208
"ENSG00000089225",0.344283367997612,1.66489995575946,4.94527416256227,0.0270472404566954,0.0402433908234929
"ENSG00000107140",-0.180499326780764,5.62792084356779,4.94034244791796,0.027122982164639,0.0403527852442089
"ENSG00000106546",-0.269750143504176,5.87688628314116,4.93972888342948,0.0271324208585402,0.0403635261389767
"ENSG00000275764",-0.232794783736618,3.1789421627689,4.93718418015936,0.0271716037027222,0.0404185105213962
"ENSG00000276136",0.33096543834838,-1.18766171760123,4.9361283590229,0.0271878784120329,0.0404394122144303
"ENSG00000175216",-0.165361521825118,7.90252082225484,4.93524084864863,0.0272015666276366,0.0404564636375382
"ENSG00000224307",-0.382983090704791,-0.496481943969605,4.93078295279147,0.0272704306783218,0.0405555677168697
"ENSG00000183020",0.145746034866378,6.38864649280474,4.92867387649242,0.027303074539939,0.0406007946801087
"ENSG00000260027",0.386470170601773,3.14098849653178,4.92109550063181,0.0274207091062464,0.0407723885893075
"ENSG00000241351",-0.691506500671792,6.09096824831859,4.91884357190871,0.0274557666087242,0.0408211790304485
"ENSG00000250790",0.359706293926451,0.0764501234914405,4.9181699608663,0.0274662623440359,0.0408334460939452
"ENSG00000121413",0.300250334166413,4.24543952404701,4.91246699578584,0.027555290463578,0.0409624538579123
"ENSG00000148634",-0.151963665457812,5.68454586884587,4.91138504020144,0.0275722147783024,0.0409842630261331
"ENSG00000147669",0.190727400509049,6.3499779695429,4.91057945033587,0.027584823155718,0.0409996538004575
"ENSG00000166492",-0.344876383723516,-1.08501464337548,4.91030830991226,0.0275890681626807,0.0410026124973718
"ENSG00000279672",0.310921782129853,1.18470570491846,4.90996011803039,0.0275945204997207,0.041007364886749
"ENSG00000214960",-0.302553401497508,1.75171714158602,4.90970915242113,0.0275984510701153,0.0410098552339262
"ENSG00000206384",-0.495237974265465,1.21771771694512,4.90689703845576,0.0276425339137254,0.0410720044786241
"ENSG00000167193",-0.132425332108967,6.49661548386664,4.90407921153332,0.0276867802744383,0.0411343865080448
"ENSG00000131100",0.15328303869587,6.89826425106587,4.9028767495611,0.027705684262018,0.04115911013294
"ENSG00000186891",0.491948776620283,3.17758531215139,4.89975108354964,0.0277548863292832,0.0412288363734892
"ENSG00000165271",-0.158970480280129,6.16257583257263,4.8986111322915,0.0277728534146951,0.0412521566277235
"ENSG00000100321",0.312850977278004,5.16490000580435,4.89512083216003,0.0278279407728372,0.0413306048323014
"ENSG00000105887",-0.140178796580879,7.84877590629286,4.89424187902894,0.0278418313059306,0.0413478588872594
"ENSG00000154174",0.141218686743126,7.20474896710092,4.89378975213577,0.027848979319919,0.0413548728318357
"ENSG00000254162",0.500108301146895,-0.0549775034764951,4.89365553193815,0.0278511016778731,0.0413548728318357
"ENSG00000273343",0.236162910368329,-1.45750919960949,4.89287687326663,0.0278634175666264,0.041368890083698
"ENSG00000267100",-0.260733257958481,4.49981060254223,4.89277110943467,0.0278650908519565,0.041368890083698
"ENSG00000100403",-0.182380080322594,6.92660830265154,4.89230876764066,0.0278724067785049,0.0413763740195435
"ENSG00000217325",-0.312589471239001,-0.266627451493508,4.89157355303242,0.027884044687227,0.041390272159576
"ENSG00000138821",0.502253729989456,6.30393480390395,4.88967013505253,0.0279141980485999,0.0414316495926174
"ENSG00000143061",-0.253525319693705,6.72563676912802,4.8881677061146,0.0279380231806453,0.0414611010422475
"ENSG00000229807",0.543493614520336,6.93969992169623,4.8881313565433,0.0279385998666035,0.0414611010422475
"ENSG00000117593",0.21307721665427,5.96596845485532,4.88620451394125,0.0279691870783776,0.0414997878700335
"ENSG00000034533",0.136238888914978,3.15327118048274,4.88620165770429,0.0279692324450666,0.0414997878700335
"ENSG00000178150",-0.508866768939467,0.168889217931931,4.88602305863339,0.0279720693545626,0.041500611585022
"ENSG00000069956",-0.197526102576605,5.98601380823257,4.88314503645018,0.0280178261149772,0.0415651077797068
"ENSG00000102158",-0.166528614286587,7.22963338851845,4.87695841572314,0.0281164508260478,0.041708017912418
"ENSG00000237004",0.304383460313261,-0.150189761589574,4.87575027283893,0.028135752975007,0.0417332470322482
"ENSG00000273437",-0.303362694733243,-1.11617575990455,4.8743063896473,0.0281588396871318,0.0417640851528625
"ENSG00000237950",-0.249235235472204,0.481660350056607,4.87325610160824,0.0281756455463023,0.0417832598115122
"ENSG00000126016",-0.344347398042764,5.63586094787844,4.87321130842713,0.0281763625240927,0.0417832598115122
"ENSG00000235652",0.239602865843371,2.20035318093658,4.86850369436476,0.0282518211564495,0.0418917432898666
"ENSG00000267199",-0.367841162114846,-0.684009624942176,4.86735998731906,0.0282701856496253,0.0419155569084034
"ENSG00000161544",-0.309101437906843,3.11717311019997,4.86584486576258,0.0282945332006872,0.0419482368645336
"ENSG00000166165",-0.573288664064724,5.90884109380951,4.8651760345108,0.02830528810721,0.0419607612758933
"ENSG00000104529",0.211568645511643,6.47536330183118,4.86308530444877,0.0283389349854927,0.0420072167494818
"ENSG00000130313",-0.209088281742937,5.63065831934681,4.86136113255268,0.0283667142354513,0.0420449676892175
"ENSG00000148248",-0.141066500918389,8.28414498533009,4.86050776954464,0.0283804738721868,0.0420619343861908
"ENSG00000286859",0.281866190695337,-1.36905392671129,4.85664859564535,0.0284427866150965,0.0421508517033631
"ENSG00000125703",-0.146852461078254,3.88281780457153,4.85346769136855,0.0284942553363453,0.0422236855187753
"ENSG00000138135",-0.350056043950696,0.939395171210324,4.85279631099176,0.0285051310937984,0.042234428043975
"ENSG00000106346",-0.133221301742495,4.66779204848937,4.85273348529271,0.0285061490360588,0.042234428043975
"ENSG00000198093",-0.262393122794919,3.57552411381761,4.85121269401766,0.0285308014948889,0.0422675097816274
"ENSG00000104823",-0.223693669124986,6.03188152775774,4.84554440148588,0.0286228831012395,0.0424004722141509
"ENSG00000139194",-0.432465061200827,2.62975605252288,4.84403490627826,0.0286474573716173,0.0424334192259121
"ENSG00000100399",-0.41745034532255,1.56724825548649,4.84351004063326,0.0286560072551894,0.0424426270323603
"ENSG00000215483",-0.363670231897441,-1.19506402924151,4.84292597718039,0.0286655245943483,0.0424532661283288
"ENSG00000111832",-0.162284836708214,5.72608446068274,4.84135767345005,0.0286910965628819,0.0424876782515629
"ENSG00000183722",0.217003704078803,4.66835409962673,4.83864184341012,0.0287354360730288,0.0425498747289951
"ENSG00000275964",-0.249585879819532,1.142228182108,4.83536624209518,0.0287890101398619,0.0426257339973793
"ENSG00000134532",0.487928481835416,1.85429730342425,4.83082725106581,0.0288634206469791,0.042732429363228
"ENSG00000102743",-0.193692271296161,4.49508071173374,4.83027418166514,0.0288725012247786,0.0427423939668136
"ENSG00000221949",-0.263237371445756,-1.14578815493675,4.82608621768825,0.0289413586194066,0.0428408424000786
"ENSG00000155265",-0.483238246008073,2.20201622395189,4.82486491103308,0.0289614714180984,0.0428671258262023
"ENSG00000248971",0.323141851093422,-1.16212459663983,4.82042777881325,0.0290346666611816,0.0429719682019344
"ENSG00000177119",0.186715601228587,6.70071935842829,4.8197278216201,0.0290462308983226,0.0429855856451335
"ENSG00000123427",-0.146521407480547,3.71122024735592,4.81869947006284,0.0290632294108296,0.0430060181142897
"ENSG00000176401",0.232889878812295,0.610899073799693,4.81860650735313,0.0290647665857076,0.0430060181142897
"ENSG00000211947",-0.735818158165256,5.76341769943879,4.81690113598209,0.0290929806966516,0.0430442636387131
"ENSG00000275734",-0.216392282498272,0.350389704060898,4.81331726436953,0.0291523668095093,0.0431286194510619
"ENSG00000249679",-0.379749261432066,-0.840052331871947,4.81020215404106,0.0292040885968956,0.0432016237007187
"ENSG00000140320",0.170781547750808,4.99522960025657,4.80924053429912,0.0292200742903206,0.0432217559525334
"ENSG00000270426",-0.329990741456885,-1.3472234400452,4.80351180313928,0.029315497384222,0.0433593776062642
"ENSG00000137872",0.405431674219882,2.31461600417804,4.8033318898926,0.0293184994729043,0.0433602917883545
"ENSG00000229391",-0.402947696473599,4.73428820713202,4.80310678883019,0.0293222560335115,0.0433623215495168
"ENSG00000137868",-0.350125730300619,3.33829550383925,4.80007796721952,0.0293728511089004,0.0434336110543642
"ENSG00000246273",-0.232168489194891,1.76446088030755,4.79935360697796,0.0293849647710744,0.0434479911597675
"ENSG00000197121",-0.303699312182267,3.99336087662336,4.79791936268578,0.0294089654615082,0.0434799434087068
"ENSG00000185010",0.297419179309249,4.27718374429016,4.79756150138975,0.0294149571272465,0.0434852670267707
"ENSG00000179776",0.216123013231024,5.16078317830696,4.79595306064864,0.0294419030318823,0.0435215647223566
"ENSG00000083520",-0.1642822587158,5.8908942922707,4.79464959748467,0.029463758689132,0.0435503326320953
"ENSG00000115204",-0.154080334413899,5.69509714100195,4.78696132666437,0.0295930173736654,0.0437378352017086
"ENSG00000179094",-0.304105176251154,4.75229268419617,4.78662495355676,0.0295986861887682,0.043742659007176
"ENSG00000184828",0.510742471651091,4.46722146959747,4.78576118083763,0.0296132483596147,0.0437606240790276
"ENSG00000165757",0.258643417931659,5.37633249538941,4.78401637277935,0.0296426866477222,0.0438005674505461
"ENSG00000109320",-0.177520795269995,6.2191116449119,4.78373114123418,0.0296475019733644,0.043804123955447
"ENSG00000227992",0.284644061367344,-1.09922088257782,4.78187789525722,0.0296788087607752,0.043846817784175
"ENSG00000198924",0.161766633177001,4.61975329120228,4.77977138650863,0.0297144360045529,0.043895887106141
"ENSG00000000938",-0.265128619966406,3.39290073110963,4.77831054108725,0.0297391695210265,0.0439288569193884
"ENSG00000133247",0.227607782513726,3.71390219990344,4.77790120167747,0.0297461039022033,0.0439355317340648
"ENSG00000253948",-0.294214899557346,0.519605151885268,4.77507113269603,0.0297940928689529,0.0440021017608528
"ENSG00000108590",0.142753958795493,1.41770317035829,4.77495799293703,0.0297960130463307,0.0440021017608528
"ENSG00000086232",0.130267493139484,8.17396408630086,4.77473982203838,0.0297997161502303,0.044003997510789
"ENSG00000205871",-0.256804282992999,-0.731561260745236,4.7688576365696,0.0298997390428348,0.0441481128195389
"ENSG00000276805",-0.236996129418774,2.95381918300594,4.76670014405948,0.0299365140610978,0.0441988243967243
"ENSG00000134539",-0.389536530476261,2.24264776611798,4.76609100910621,0.0299469055095468,0.0442105777116589
"ENSG00000227946",-0.21256308481153,0.0955818775989061,4.76588860516592,0.0299503592272424,0.0442120877871183
"ENSG00000285796",0.265153042961403,1.95695931550888,4.76389286057522,0.0299844359726864,0.044258799015681
"ENSG00000004866",-0.164293378603266,4.76501080305835,4.7632144426476,0.0299960290165288,0.0442723180842836
"ENSG00000151503",-0.217233017675313,5.7781163568793,4.7526479019172,0.0301772019310066,0.044536104245468
"ENSG00000277203",-0.28259479681674,3.30722852274539,4.75080196625713,0.0302089697704573,0.0445793705626838
"ENSG00000145088",0.303771819349436,2.26519812501366,4.74847275233191,0.0302491047118364,0.0446349761884537
"ENSG00000236682",-0.253604105733727,1.44615530610083,4.74798731360826,0.030257476401684,0.0446437073735563
"ENSG00000184922",-0.222003828032336,4.77205294074089,4.74736759089911,0.0302681674339468,0.0446558589624128
"ENSG00000138459",0.157601404232728,5.05787639208615,4.74627374842109,0.0302870473277883,0.044680088960809
"ENSG00000119865",0.222784348081613,2.73551745844491,4.74432652639206,0.0303206872664641,0.0447260875914395
"ENSG00000133624",-0.196907026334484,3.45563274577366,4.74417743163988,0.0303232646218905,0.0447262620179178
"ENSG00000205593",0.2198032126937,3.20198775196489,4.74287957209678,0.0303457100344925,0.0447557390615756
"ENSG00000083750",0.172794377187478,4.07832232724838,4.73922761821956,0.0304089611498254,0.044842943030163
"ENSG00000142621",0.271328860174605,1.52900245465139,4.73918108762758,0.0304097679422713,0.044842943030163
"ENSG00000226067",-0.39786558457436,1.33246470260436,4.73760358569424,0.0304371334894351,0.0448796582007171
"ENSG00000255737",-0.324312670217763,-0.176989991559422,4.73606921189523,0.0304637756648216,0.0449153008910323
"ENSG00000143797",0.275736608357804,6.66072792907644,4.73044531632276,0.0305616358448803,0.0450559319726581
"ENSG00000205903",-0.16324483987015,5.14810767313265,4.72724429305244,0.0306174834076773,0.0451346075716352
"ENSG00000197142",-0.329971739185698,4.43658051730991,4.72538496709403,0.0306499718248696,0.0451788384432068
"ENSG00000150093",-0.212425366116903,8.80265549548831,4.72061694634868,0.0307334499570869,0.045298216192828
"ENSG00000087085",-0.496628731775293,1.04805578202543,4.71916216575715,0.0307589676200888,0.0453321532350843
"ENSG00000182487",-0.356163588413143,0.409470704043365,4.71892003323354,0.0307632169174868,0.0453347422861165
"ENSG00000132938",-0.507024958417972,-0.206174243351767,4.7186849140828,0.0307673437234711,0.0453371504206832
"ENSG00000163597",-0.214326060178268,4.99957803064928,4.71184695410728,0.0308876179520887,0.0455106930745778
"ENSG00000113368",-0.199748557172663,6.65288968559217,4.71024091065729,0.0309159384633164,0.0455468688350384
"ENSG00000264964",0.341386151065267,-1.42205668198789,4.71017062377746,0.0309171785043646,0.0455468688350384
"ENSG00000118432",-0.682970308737486,1.46638078210323,4.70789358974312,0.030957379485282,0.0456023988076706
"ENSG00000109881",-0.249394145769365,4.60556092124698,4.70742290992955,0.0309656961665175,0.045610955772321
"ENSG00000145736",0.333286702855331,1.65933249187285,4.70538200956581,0.0310017850135409,0.0456604150802722
"ENSG00000196417",0.181397047580473,4.16053657869763,4.7021326734771,0.031059333521024,0.0457414702899097
"ENSG00000143222",-0.183695313661467,7.11356645792797,4.69714655468954,0.031147860085535,0.045868130453867
"ENSG00000169432",-0.384428283704082,-0.0888793017279501,4.69533481496413,0.0311800923789116,0.0459118782535334
"ENSG00000146826",0.163517002027332,3.71496292270766,4.69176566278571,0.0312436929182489,0.0460018041606987
"ENSG00000133114",0.162083896687315,4.57620275276909,4.68943475814721,0.0312853019977759,0.0460593388971627
"ENSG00000187808",-0.294562239135651,0.164432534030377,4.6864381860063,0.0313388794232194,0.046134483120155
"ENSG00000142867",-0.15852945858324,4.677695089449,4.68591150094875,0.0313483062755261,0.0461446256506368
"ENSG00000073861",-0.422434469558857,0.884613106764782,4.68398910235959,0.0313827395253539,0.0461915729130967
"ENSG00000054654",-0.222937813253198,7.32279240790039,4.68210966645253,0.0314164416347724,0.0462374365150704
"ENSG00000164877",0.25542825304129,4.67437222704057,4.68112485031661,0.0314341165625393,0.0462597064519351
"ENSG00000176907",0.59082704295811,5.59808831500685,4.68060942709215,0.0314433712513628,0.04626958222652
"ENSG00000148450",-0.233740698853852,5.00701846190069,4.68018129035828,0.0314510608415499,0.046277153513964
"ENSG00000135723",0.209284109086844,4.72065570371297,4.67899145326841,0.031472441393189,0.0463048668548229
"ENSG00000168071",-0.330280440791513,3.64926214523712,4.67697934190374,0.0315086323789585,0.0463543642892903
"ENSG00000121741",0.189003868671859,6.76349587855636,4.67629550142871,0.0315209422720166,0.0463687235557617
"ENSG00000253731",-0.326825702855975,1.30077311992994,4.67515210656883,0.0315415359396017,0.0463952653190034
"ENSG00000119537",-0.146626444911732,6.39853677734354,4.67472093719254,0.0315493053925491,0.0464029408442248
"ENSG00000187735",0.180593330248752,6.85878138034641,4.67405437694483,0.0315613204242771,0.0464168590504368
"ENSG00000134013",-0.308705070191088,6.17780000158908,4.67292633200661,0.0315816648610039,0.0464430239725048
"ENSG00000230202",-0.396248562137051,2.36647371047471,4.67009174680895,0.0316328477743321,0.0465109965178095
"ENSG00000230615",-0.400454979787392,0.782416276411246,4.67008325376556,0.0316330012604631,0.0465109965178095
"ENSG00000113272",0.169411374351406,3.67881000365816,4.66597660535115,0.0317073082300785,0.0466164838807427
"ENSG00000183397",-0.280632578465641,0.388150534442465,4.66519018078018,0.0317215589403046,0.0466333623005786
"ENSG00000127220",-0.219069142443558,3.44354394470981,4.66506011948297,0.0317239164143974,0.0466333623005786
"ENSG00000164934",-0.20263863397485,6.75284900603977,4.66209874779745,0.0317776436695262,0.0467085649799048
"ENSG00000122641",0.329404289438953,6.37644288038553,4.66006766782101,0.0318145481686916,0.0467590304720939
"ENSG00000163431",0.335576126738634,3.64389504063254,4.65982251340481,0.0318190056407862,0.0467593683635371
"ENSG00000161055",-1.18812439069823,2.97063126834824,4.65977223768744,0.0318199198502033,0.0467593683635371
"ENSG00000260097",-0.26419546109536,-0.85735272327519,4.65800681966006,0.0318520395615773,0.0468027868432678
"ENSG00000151498",0.181155212418909,4.62059795769324,4.65782797952275,0.0318552952471644,0.0468037894785869
"ENSG00000170175",-0.235394973389529,3.33248896023994,4.65645401373057,0.0318803191928751,0.0468367726558975
"ENSG00000244586",0.464388054872962,-0.94980131748687,4.65605305752066,0.0318876256720978,0.0468437231018589
"ENSG00000165698",0.212439901635079,3.10095208346965,4.65536108317387,0.0319002394061075,0.0468584682860833
"ENSG00000147257",0.648870804617559,4.73830631178054,4.65395864266804,0.0319258200307707,0.0468877775373389
"ENSG00000072518",-0.155288951739308,6.74332889359572,4.65391124840528,0.0319266848820953,0.0468877775373389
"ENSG00000151445",0.108616004733078,4.79930676530611,4.65384321668952,0.0319279263690313,0.0468877775373389
"ENSG00000164548",0.120657831228414,6.26979489035716,4.65367199495079,0.0319310511589319,0.046888580532751
"ENSG00000109089",-0.225529155427857,5.36420302595942,4.65276932045877,0.0319475302438233,0.046908991690858
"ENSG00000087245",0.324863118594637,8.48745322625065,4.65134748046545,0.0319735052521538,0.0469433414212281
"ENSG00000003400",-0.278029124948092,3.64710384602735,4.6511439623778,0.0319772250545611,0.0469450132611476
"ENSG00000083168",0.259175352469117,6.94604339259012,4.65038433334195,0.031991113191493,0.0469616115195218
"ENSG00000173456",-0.164295331467209,5.05525599504388,4.65010963260201,0.031996137046694,0.0469651957554088
"ENSG00000175315",-0.630802578735895,2.26402435440499,4.64951205180237,0.0320070687453312,0.0469774504793483
"ENSG00000173083",-0.286883732678067,3.16174289095377,4.6393912543122,0.0321928081757532,0.0472462515210683
"ENSG00000186088",0.229264325226698,4.3542332935964,4.63423344905329,0.0322879007520816,0.0473819863545959
"ENSG00000179364",-0.147874177175749,6.06772327200176,4.6314554534691,0.032339239873378,0.0474534969598225
"ENSG00000167986",0.133559576773432,8.54631220427063,4.62645645038297,0.0324318407704248,0.047584148266664
"ENSG00000139618",-0.254012511119073,4.24255334511931,4.62636645737954,0.0324335103398853,0.047584148266664
"ENSG00000165416",-0.159644816796008,5.84445828335437,4.62587479974917,0.0324426332719972,0.0475936936563224
"ENSG00000257122",-0.176861686975186,1.84510908214828,4.62437334665713,0.0324705101139288,0.0476307474757753
"ENSG00000196724",0.275220163499642,2.82907840729572,4.6221970157396,0.0325109618147751,0.0476862397973491
"ENSG00000135974",-0.131469278361765,4.60508206475396,4.62085562607317,0.0325359207450333,0.04771900060565
"ENSG00000102265",-0.315213035443998,8.32222146958375,4.62045244935377,0.0325434264965302,0.0477261603869449
"ENSG00000136715",-0.132294064158667,5.50283456932098,4.62001687141177,0.032551537491039,0.0477342065538191
"ENSG00000169169",-0.315997746054983,2.19044932263241,4.61473743716091,0.0326500161023641,0.0478747575677038
"ENSG00000108423",0.216525460522226,3.90035668558254,4.61226948628607,0.0326961587457754,0.0479385518152489
"ENSG00000273162",-0.250193727848305,-0.244420890078966,4.61146830792326,0.0327111529021628,0.0479566700777476
"ENSG00000187778",0.129832759364508,5.72948100392364,4.60866647779142,0.032763646363797,0.048029757400237
"ENSG00000197993",-0.407347144263076,0.243990044960607,4.60847955691266,0.0327671515534032,0.048031024536855
"ENSG00000214796",-0.421437229143602,2.61775407361498,4.60510209721142,0.0328305545104506,0.0481200842482131
"ENSG00000258365",-0.30703934668758,-1.39759936639453,4.6039317026442,0.0328525556728713,0.0481484514567432
"ENSG00000124357",-0.162392100482373,6.21379981256137,4.59726685844207,0.0329781376293854,0.0483286090728596
"ENSG00000099949",-0.206599683368279,3.80609984968279,4.58812485991143,0.033151216567219,0.0485783376510297
"ENSG00000142959",-0.392045960360691,-0.517203521025342,4.58752309553945,0.0331626427869592,0.0485911662780322
"ENSG00000159618",-0.464343487445136,1.59151674632695,4.57612570733366,0.0333798384397409,0.048905469755277
"ENSG00000163882",-0.188881794414545,5.95851512320236,4.57501637221588,0.0334010583337294,0.0489326177183948
"ENSG00000178229",0.165980764649493,3.0467186331745,4.57218404634084,0.0334553007811949,0.0490081355193599
"ENSG00000044574",-0.17834945577445,9.86283395243941,4.5703154521572,0.0334911373107348,0.049054367998962
"ENSG00000090238",0.229139876201478,5.43166904633365,4.57025718468131,0.0334922554327639,0.049054367998962
"ENSG00000165671",0.175488317186189,7.02873661303454,4.5685237607118,0.0335255368808818,0.0490991597382622
"ENSG00000106991",-0.187730294504419,6.61903986513495,4.56827710456755,0.033530275462749,0.0491021457420676
"ENSG00000130305",-0.191104299179388,4.92947548260851,4.56638946917294,0.033566562693631,0.0491513277732679
"ENSG00000186310",0.306222966413838,1.44378225663821,4.56370013029194,0.0336183329298702,0.0492231629485214
"ENSG00000176714",0.163839057915044,2.51724835681524,4.56355997310506,0.0336210332807061,0.0492231629485214
"ENSG00000100764",0.157068574033678,4.29785436881086,4.55966004240983,0.0336962631873994,0.0493293331336463
"ENSG00000065457",0.177443553343168,4.82079478355395,4.55938804984187,0.0337015165402518,0.0493330529443944
"ENSG00000137968",0.670882072672527,2.69743702011035,4.55823512041481,0.0337237941590369,0.0493616906618834
"ENSG00000268836",0.312055863772432,-1.17836139622293,4.55735445684982,0.0337408213201281,0.0493826392669582
"ENSG00000266865",0.245041833069855,0.729301075507197,4.55462774355621,0.0337935982271063,0.0494559031666084
"ENSG00000114853",0.19201436548841,3.86558546218392,4.55170000956515,0.0338503626606659,0.0495349904314258
"ENSG00000112697",-0.163834798710226,7.72590080017109,4.55085721461851,0.0338667217910235,0.0495549425531082
"ENSG00000110066",0.154918133568892,6.39715150102044,4.54642928259373,0.0339528071906097,0.0496769091129281
"ENSG00000177042",0.20580876171552,4.34777231416011,4.54568997761563,0.0339672027553641,0.0496939739152639
"ENSG00000150459",0.159880890435952,6.97266462603984,4.54407610470468,0.0339986500000858,0.0497359805518829
"ENSG00000235501",-0.297359110438225,2.03031408273929,4.54012060348144,0.0340758548037295,0.0498449129138034
"ENSG00000198723",0.387995496478937,0.0310639937500456,4.53975923477315,0.0340829173074341,0.0498512344179824
"ENSG00000175505",-0.316349791658503,2.60249552308205,4.53827786125375,0.034111885015091,0.0498895918827979
"ENSG00000037757",-0.212754127418187,3.33890840277499,4.53753562592158,0.0341264088887054,0.0499068203640568
"ENSG00000203747",0.283119771035343,6.67041246230072,4.53667154437691,0.0341433252131929,0.0499275445391182
"ENSG00000139370",-0.118498422751762,5.02634503139218,4.53375047335709,0.034200577041528,0.05000724296417
"ENSG00000163600",-0.440175704604976,1.86737619636522,4.53180253087439,0.0342388120608272,0.0500591249005084
"ENSG00000138758",-0.185141736771338,7.13382869475955,4.52873740266193,0.0342990667415092,0.0501431899280258
"ENSG00000105357",-0.422716491549474,6.76767874485231,4.52546409043858,0.0343635371298114,0.0502334040602002
"ENSG00000186017",-0.177601379933555,3.68359337826352,4.52475575415912,0.0343775051273994,0.0502497840759576
"ENSG00000100351",-0.314779286770429,2.09263518984288,4.52415975270877,0.0343892625723313,0.0502629305420735
"ENSG00000260296",0.312096181950195,-0.155553748134557,4.52064275070295,0.0344587294056092,0.0503604154623721
"ENSG00000186787",0.184903808806588,0.935060228375034,4.51970271215693,0.0344773217769084,0.0503835391674763
"ENSG00000160113",0.206971860123279,5.96002481478703,4.51811793242342,0.0345086899387968,0.0504253275975606
"ENSG00000170296",-0.217661611145619,-1.61460761862564,4.5152214133697,0.0345660994938337,0.0505049780782994
"ENSG00000137821",0.257269855988714,2.52587683675483,4.5150876775299,0.0345687525894408,0.0505049780782994
"ENSG00000153207",-0.160212557153206,6.7502806666937,4.51422472284342,0.0345858773217175,0.0505259386929637
"ENSG00000173145",-0.153592365112511,4.80591461197032,4.51277861915537,0.0346145942547196,0.0505638294357755
"ENSG00000269335",-0.170668488628111,2.29711105984216,4.50897230256667,0.0346903006351264,0.0506703491769739
"ENSG00000274225",-0.436210707308124,-1.14514057011808,4.50444367525701,0.0347806005845617,0.0507981661793952
"ENSG00000169032",-0.136211914964011,5.45283621567893,4.50315921237427,0.0348062575318693,0.0508315570892596
"ENSG00000067113",0.204035026953888,4.18177950781126,4.50175441957694,0.0348343408577342,0.0508684858707724
"ENSG00000204227",-0.150891140752663,5.29506879520044,4.49929651738693,0.0348835343587335,0.0509362333748109
"ENSG00000239855",-0.687756520024305,3.35715271291826,4.49769846631892,0.0349155576530688,0.0509789004249831
"ENSG00000140968",-0.322252802468131,4.48860592987567,4.49655110516435,0.0349385686683583,0.0510084031899262
"ENSG00000278869",-0.449202090425505,-1.05714241411656,4.49605322581194,0.0349485589025892,0.0510188931150407
"ENSG00000160293",0.18176414275907,6.1015246882321,4.49478388781434,0.0349740425029663,0.0510519971945386
"ENSG00000234546",0.283963873904246,-0.390028506830683,4.4936566374911,0.0349966899070529,0.0510809562659079
"ENSG00000226179",0.314175292971578,-0.589517001629628,4.49346941299292,0.0350004528987662,0.0510823493277773
"ENSG00000179240",-0.279501141423489,3.25876345722758,4.48859226047328,0.0350986281175302,0.0512215235658861
"ENSG00000253953",-0.65797877117353,0.741542879894858,4.48800235262114,0.0351105223734567,0.0512347706136417
"ENSG00000250966",-0.284055892195066,-0.12649712273526,4.48467191691054,0.0351777532784857,0.0513274367932391
"ENSG00000275111",0.117895867136472,3.0321006109096,4.48457709565964,0.0351796694009522,0.0513274367932391
"ENSG00000184481",-0.200318145883138,4.54698160440828,4.48374385660911,0.0351965119984162,0.0513478912510784
"ENSG00000184602",-0.187960686002561,5.55991557341716,4.48211878262171,0.0352293847022045,0.0513917267375437
"ENSG00000235859",0.226333926045405,3.35794809397597,4.47883663349425,0.0352958760464935,0.0514835672556812
"ENSG00000133639",-0.209733426299414,7.55853846651912,4.47859947611466,0.0353006856092833,0.0514835672556812
"ENSG00000071859",-0.21926510132098,6.17154931686504,4.47859216376823,0.0353008339149769,0.0514835672556812
"ENSG00000100934",0.201841611306704,6.06784262325332,4.47178318124965,0.0354392157161724,0.0516812424186774
"ENSG00000170037",-0.140946245407897,5.28535973384351,4.47142813602232,0.0354464470980786,0.0516876436959716
"ENSG00000160185",-0.384940808242747,1.39575618797296,4.47005742547732,0.0354743796189801,0.0517242277144468
"ENSG00000236438",-0.405173965918138,-0.140179753785126,4.46769988674945,0.0355224760803068,0.0517902040038974
"ENSG00000100336",-0.396163848445559,3.97509878651928,4.46727317819298,0.0355311887544756,0.0517987544939405
"ENSG00000187961",-0.222850196166935,2.80796340491481,4.46356424650866,0.0356070137769439,0.0519051347739886
"ENSG00000204264",-0.278868339245797,6.58110367877464,4.46139973353577,0.0356513435800188,0.0519655904017777
"ENSG00000051108",0.184200120645487,7.07890769154534,4.46075396953643,0.0356645802519547,0.0519807184568116
"ENSG00000102531",0.201024972524509,6.05270557278,4.45926616776328,0.0356950964568373,0.0520207339198153
"ENSG00000083845",-0.213338099696731,9.01346751925631,4.45913658284887,0.0356977556660003,0.0520207339198153
"ENSG00000169733",-0.210785486249176,5.08729576825084,4.45823560594535,0.0357162503619264,0.0520426830726751
"ENSG00000137070",-0.244425043130718,2.6929920593099,4.45812407995888,0.0357185404000552,0.0520426830726751
"ENSG00000274270",-0.331146418281968,-1.18558204712385,4.4574291339837,0.0357328136776432,0.0520593091292034
"ENSG00000153339",0.152590847508396,5.87085162276678,4.45288405488179,0.0358263118660789,0.0521886704027424
"ENSG00000265206",-0.503636879600306,0.207710989308993,4.45283393518117,0.0358273443286035,0.0521886704027424
"ENSG00000012779",-0.268048513400354,4.49285600030183,4.45199717458935,0.0358445861711939,0.0522096046513714
"ENSG00000107890",0.221284713354076,4.36814495141033,4.44965972389781,0.0358927967530894,0.0522756396016327
"ENSG00000260257",-0.264352420906719,2.73801157117004,4.44743285204283,0.0359387901429835,0.0523384350324752
"ENSG00000267632",0.406756555272788,-1.35304142283251,4.4465894663105,0.0359562254755659,0.052359634023186
"ENSG00000215006",-0.398493804994046,-0.123566566476878,4.4415724093298,0.0360601275169722,0.052506732789904
"ENSG00000163354",-0.326511180546488,1.00186440275033,4.43933960580733,0.0361064699896954,0.0525700028956597
"ENSG00000114439",0.186052743103501,6.50667205409662,4.43909536240222,0.0361115431363972,0.0525731807063789
"ENSG00000105327",0.281986041674592,3.22530327320443,4.43886576932351,0.0361163126678116,0.0525759160238641
"ENSG00000179598",0.284235451778531,2.42541156262173,4.43676747656443,0.036159933037787,0.052635203048521
"ENSG00000164253",0.152498119382562,5.35702620710074,4.43515332912107,0.0361935265165574,0.0526798863862953
"ENSG00000273145",-0.219796036818404,0.744977313622427,4.4267369314168,0.0363692212147301,0.0529313751663208
"ENSG00000005001",-0.33618262926438,3.75774209519041,4.42557094375434,0.0363936323121817,0.0529626647858826
"ENSG00000132953",-0.177128228586731,5.36809626580544,4.42532340381276,0.0363988170252427,0.0529659720021693
"ENSG00000186184",-0.162856648002708,6.48872519296105,4.42174316355161,0.0364738920859809,0.0530709719407857
"ENSG00000232024",0.154205508902249,0.95196378766923,4.41919603522771,0.0365274028503587,0.0531445806769318
"ENSG00000132604",-0.117112723168875,5.07879539886061,4.416978942278,0.0365740474802503,0.0532081887354657
"ENSG00000116661",-0.549174305274115,4.23217205373104,4.41550631641761,0.0366050642184292,0.053249052867695
"ENSG00000167862",0.187657767358363,4.92266737948447,4.41246876340597,0.036669129347565,0.0533379818117012
"ENSG00000117069",-0.556116611045385,4.44543397134027,4.40874091578017,0.0367479150278773,0.0534483069593789
"ENSG00000151093",0.150288424862983,3.72133595232921,4.40729619208138,0.0367784962874264,0.0534860837768762
"ENSG00000166352",-0.202486083363696,3.1470624032187,4.40723606473412,0.0367797696171866,0.0534860837768762
"ENSG00000056998",-0.352834241772303,3.72942807001474,4.40382642553485,0.0368520523525418,0.0535869146296795
"ENSG00000166323",0.221717687492301,-0.576133106200266,4.40039905986314,0.0369248617843232,0.0536884951741363
"ENSG00000164414",0.186268428119076,3.77530405602397,4.3979699139002,0.036976557280346,0.0537593624152625
"ENSG00000117523",-0.152135810070363,8.50558563242828,4.39718129463711,0.036993356558122,0.0537794875772619
"ENSG00000162231",-0.101397312196934,6.37089404973419,4.39360721004928,0.0370695931187173,0.0538860102016648
"ENSG00000256771",0.200017581113521,3.99154115557737,4.39312640099067,0.0370798615864378,0.0538966293082498
"ENSG00000136813",0.14752006136335,7.55490002522313,4.3906461493023,0.0371328790850358,0.0539693786797691
"ENSG00000227619",0.464860884147471,-0.728089920060494,4.3897573902841,0.0371518965104297,0.0539927042534315
"ENSG00000096872",0.188906164918797,4.36969236936913,4.38924353775783,0.0371628964718101,0.0540043752819817
"ENSG00000167985",-0.170537978030912,3.28366094073708,4.3881269077665,0.0371868118352368,0.0540348113493078
"ENSG00000179097",0.336969328400877,-1.35675551125329,4.38698751717719,0.0372112313965906,0.0540659751271122
"ENSG00000118292",-0.183869098174145,2.9053177496767,4.38085380342301,0.0373429806940462,0.0542530659687925
"ENSG00000154957",0.161466086948239,3.20865726985735,4.38018722106013,0.0373573281681437,0.0542680648566262
"ENSG00000216866",-0.298542027619467,-0.380296049501706,4.3800969291828,0.0373592720513424,0.0542680648566262
"ENSG00000165660",0.125068981014515,4.93550408950976,4.37554670971964,0.0374573714269049,0.0544062187759581
"ENSG00000121895",0.456882430669259,1.23948917125172,4.37436620605894,0.0374828665608625,0.0544389025799702
"ENSG00000125430",-0.310438475048833,2.67267198832453,4.37332559008366,0.0375053557378414,0.0544672157585324
"ENSG00000266524",-0.484949671324887,-0.783332500281763,4.36658429208002,0.0376513897430214,0.0546749282751356
"ENSG00000108448",-0.275871488782184,3.35663133964023,4.36348872927726,0.0377186484311309,0.0547682243066748
"ENSG00000276570",-0.267360691002772,0.200423276109108,4.36196325497979,0.0377518396910656,0.0548120428116151
"ENSG00000184616",0.197147364448043,-0.0809139098044739,4.36022673149041,0.0377896604498287,0.054858699714238
"ENSG00000184465",-0.231183578404732,3.20453511262726,4.3602108247256,0.0377900070771766,0.054858699714238
"ENSG00000235703",0.338103937366439,1.35319628701724,4.35737348743921,0.0378518897100212,0.0549441476493108
"ENSG00000231993",-0.310873106131068,-1.28035245164804,4.3566263389877,0.0378682028687292,0.0549619745836532
"ENSG00000221963",-0.296539289328945,7.10910259983398,4.35653421861045,0.0378702147285211,0.0549619745836532
"ENSG00000153814",-0.192382507252977,3.67283334419402,4.35501626231459,0.0379033823206975,0.0550057223050224
"ENSG00000125450",-0.140038431342622,5.90024581831609,4.35420891699163,0.0379210354269874,0.0550269500834568
"ENSG00000257923",0.178803814817104,6.79630063812941,4.34912331233745,0.0380324348712892,0.0551841982799368
"ENSG00000162441",0.125199835951733,5.81650531125131,4.34561475057357,0.0381094905973587,0.0552889079795855
"ENSG00000125319",-0.199078785284548,2.97178466579688,4.34556067367711,0.0381106795326624,0.0552889079795855
"ENSG00000225975",-0.189268498581179,1.03742759637473,4.34429663954887,0.0381384817515744,0.0553248290076277
"ENSG00000188612",-0.145987523066297,7.4273147839562,4.34316660975028,0.038163354680693,0.0553564953291686
"ENSG00000223551",-0.283983919048966,-0.666042228662633,4.34141812622547,0.0382018740367209,0.0554079493604369
"ENSG00000145012",-0.217359941466383,7.43864252945992,4.33935355140043,0.0382474097435676,0.0554695708807916
"ENSG00000138411",-0.258106057664255,4.06723413561985,4.33903451400787,0.0382544514526333,0.0554753598326021
"ENSG00000110031",-0.217514669833824,4.52429794886582,4.33788889421093,0.0382797485455621,0.0555076191139825
"ENSG00000217930",0.213212121921261,1.61308557841258,4.33727505500206,0.0382933103447449,0.0555228578244754
"ENSG00000164078",0.304990155539401,4.34118967173951,4.33540690568897,0.0383346153235026,0.0555749747625591
"ENSG00000163374",-0.137158598276918,6.04974700396157,4.3353729821443,0.0383353658110329,0.0555749747625591
"ENSG00000073417",-0.180983843373208,4.7894806281393,4.33516853779319,0.0383398890432547,0.055577102249041
"ENSG00000265975",-0.293099202638785,-1.03544745174271,4.33496358497995,0.038344424090119,0.0555792465214444
"ENSG00000055732",-0.472131973198834,2.71909264021685,4.32747371240801,0.0385105434110389,0.0558155839955356
"ENSG00000105369",-0.667730576644532,4.04324901498286,4.32704795582979,0.0385200091273628,0.0558248546620298
"ENSG00000119640",-0.178535403918204,2.73486949239997,4.32658534978701,0.0385302968894847,0.0558353151004659
"ENSG00000131711",-0.344384789279998,6.18759328468974,4.32488101486498,0.0385682241244458,0.0558858238030131
"ENSG00000096384",-0.170902728107935,11.1307063479514,4.32216593338992,0.0386287252858519,0.0559690317453257
"ENSG00000163848",0.137072015377585,6.17285944689816,4.32142732990036,0.0386452011812301,0.0559884434510286
"ENSG00000100154",0.235002978428902,4.24196607493016,4.32035702609294,0.038669089415708,0.0560185900671364
"ENSG00000165899",-0.579596946476041,0.121335895705123,4.31815634485497,0.0387182556457999,0.0560853483343269
"ENSG00000172215",-0.36928382760399,2.72841433398788,4.31750208077891,0.0387328855187433,0.0561020722955247
"ENSG00000108179",-0.251668066714229,6.98227751062861,4.31598688370867,0.0387667889518153,0.0561467078719236
"ENSG00000005020",-0.245522071017945,5.08132367817462,4.31584772134701,0.0387699043620573,0.0561467489877457
"ENSG00000102796",0.21207669070257,1.96251417461564,4.31561245461828,0.0387751718495715,0.0561499064968157
"ENSG00000100726",0.200586519344738,5.40418769185841,4.31049310695844,0.0388899783375841,0.0563116731155147
"ENSG00000103429",0.104618993012929,6.30406685717082,4.30596778184618,0.0389917620137895,0.0564545587889511
"ENSG00000233251",0.65895533831207,0.948621039005918,4.30496831437339,0.0390142799336927,0.0564826652419011
"ENSG00000101160",-0.201191619545306,8.16665986400573,4.30342146923647,0.0390491572915442,0.0565264225944854
"ENSG00000100083",-0.148422497730622,5.87863198080615,4.30335218465195,0.0390507202495991,0.0565264225944854
"ENSG00000177054",-0.181788780457142,5.23133933179549,4.30174197130973,0.0390870628941799,0.0565745264936609
"ENSG00000170315",0.163231084662409,7.42075659073752,4.29985913845445,0.0391296038674102,0.056631593470236
"ENSG00000175906",0.346070994892173,2.57548200148774,4.2992383972939,0.0391436396849702,0.0566473996332143
"ENSG00000128039",0.248307677477245,5.33458135818274,4.29896969334299,0.0391497171016261,0.0566516870589845
"ENSG00000278259",0.173798785433242,5.56603200898093,4.29828127842255,0.0391652918842211,0.0566697158942094
"ENSG00000072571",-0.211947276052768,4.53078080355154,4.29572722683009,0.0392231322280943,0.0567488926071577
"ENSG00000166428",0.375134063106918,2.0939451277581,4.29366396571724,0.039269923727149,0.0568120722835974
"ENSG00000118007",-0.169535765130888,5.54805559063909,4.29152949964263,0.0393183920608226,0.056877667605364
"ENSG00000234062",0.225182112628925,1.09042656756556,4.29042340951705,0.0393435334129995,0.0569095105547666
"ENSG00000224411",0.251398148621809,-0.393910653411351,4.28651736319585,0.0394324534591166,0.0570335955081045
"ENSG00000272108",-0.472044268631344,-0.368604602972848,4.28633459441155,0.0394366193318646,0.0570350852741693
"ENSG00000140030",0.261412345197794,2.55150830447835,4.28594457172155,0.0394455107237892,0.0570434085270159
"ENSG00000167178",-0.401449329660366,0.75135894380491,4.28273187813959,0.039518831439599,0.0571448963446833
"ENSG00000173272",0.245468751946511,4.96825102808306,4.2811996681258,0.0395538505001768,0.0571909875902072
"ENSG00000121716",-0.384290858363367,1.97670981734619,4.27791238249481,0.0396290928793819,0.0572952258577264
"ENSG00000158792",-0.229942492194093,3.56380306352077,4.27707128467184,0.0396483689623734,0.0573185386445948
"ENSG00000272758",-0.208125203256514,0.268324691171799,4.2761191702621,0.0396702012452468,0.0573455428587307
"ENSG00000137331",0.332839189626388,4.87636580818644,4.27590264570626,0.0396751679929245,0.0573481646233259
"ENSG00000228960",-0.347157630452627,-0.965969534018814,4.27332399810744,0.0397343687934427,0.0574291719338157
"ENSG00000131652",-0.188201383229158,4.83328554266051,4.27153061854888,0.0397755963395113,0.0574841911976982
"ENSG00000167863",0.190468644377327,6.61991656937521,4.27067656366627,0.0397952458664667,0.0575080193722625
"ENSG00000041515",-0.463751678918248,0.299276325447621,4.26897478412087,0.0398344298492196,0.0575600707156278
"ENSG00000224373",-0.692043335927993,5.16082129147209,4.26857903583024,0.0398435479100257,0.0575686724966275
"ENSG00000198535",0.911899898556068,1.76555054561029,4.26836890798992,0.0398483901620323,0.0575710954219592
"ENSG00000198015",0.155395483566325,6.04432025523514,4.2679009838473,0.03985917538616,0.0575794228870065
"ENSG00000279483",0.248802988117175,3.37176828507442,4.26759711105232,0.0398661810275905,0.0575794228870065
"ENSG00000214046",0.147199460406483,5.11961911759719,4.26758148098683,0.0398665414064099,0.0575794228870065
"ENSG00000121989",-0.189897943638572,3.81598875597123,4.26756951676618,0.0398668172650139,0.0575794228870065
"ENSG00000151490",0.29612436479327,2.61568900485206,4.2646662759384,0.0399338168189676,0.0576716103147041
"ENSG00000196505",-0.14887175539026,4.69098653415319,4.26043612174839,0.0400316511746609,0.0578083105648855
"ENSG00000106086",-0.168580087906736,4.50266729612994,4.25936269981155,0.0400565173609028,0.0578396266878453
"ENSG00000122512",0.14239000345508,4.20663295470344,4.25613185962007,0.04013145937999,0.0579432391206841
"ENSG00000185950",-0.349548799328535,5.1637281514229,4.25552085050906,0.0401456488883442,0.0579591254152409
"ENSG00000108813",-0.44936971099225,1.17652287082563,4.25533869974482,0.040149880013941,0.0579606332005364
"ENSG00000153147",0.136023681671159,7.3461877142331,4.25384281949882,0.0401846451921789,0.0580062164091548
"ENSG00000226124",0.2604048730853,2.1093961738823,4.25142869616429,0.0402408179905176,0.0580826916603074
"ENSG00000152147",-0.145927703802263,4.3061984660002,4.24704037310424,0.0403431398094106,0.0582257599471163
"ENSG00000106009",-0.189354750887667,5.82195291346836,4.24090023034709,0.0404867701213752,0.0584259623801985
"ENSG00000130477",0.683017421203585,2.25390070181889,4.24083582184587,0.0404882796261283,0.0584259623801985
"ENSG00000182446",-0.143504025650281,7.3567926550133,4.23912723661308,0.0405283444675666,0.0584791375784293
"ENSG00000089012",-0.433334915965129,1.88981073011433,4.23814036854701,0.0405515047503438,0.0585079143581828
"ENSG00000143851",-0.335850062423217,3.74112521345554,4.23662507597866,0.0405870935720682,0.0585546171086521
"ENSG00000144724",0.250338656379676,5.22266320991127,4.23516421922703,0.0406214351364725,0.0585995131870369
"ENSG00000128512",-0.22952393143677,4.44316742596702,4.23430711085558,0.0406415981800962,0.0586239501704805
"ENSG00000114251",0.413058704053471,4.60799441717911,4.23341039762752,0.0406627042280246,0.0586497434178676
"ENSG00000118729",0.44977956470773,0.0811829215840171,4.23266814056646,0.0406801835837589,0.0586703020396009
"ENSG00000152315",0.353474653599244,1.1535625237606,4.2319486313962,0.0406971348296422,0.0586900958041177
"ENSG00000150782",-0.313174464290741,3.75517543124835,4.23137007242383,0.0407107707791973,0.0587051057585064
"ENSG00000196961",0.145979660620218,6.72394340879382,4.22987334199877,0.0407460693476338,0.0587513484457559
"ENSG00000113812",0.12311000399565,4.63355293097879,4.22902786984634,0.0407660230744405,0.0587754599823958
"ENSG00000129675",0.30289032986922,5.81362330232324,4.22750140899844,0.0408020747607731,0.0588227755032452
"ENSG00000213015",0.195139607560925,4.04160340402861,4.22665346348865,0.0408221159451002,0.0588470036307745
"ENSG00000226763",0.227573701470804,0.0605965925602161,4.22449937983905,0.0408730744874839,0.0589157932143253
"ENSG00000088986",-0.130512731136541,7.71712084124105,4.22421868645691,0.0408797197198769,0.0589207022953579
"ENSG00000130706",-0.184774943002632,5.62386682691897,4.22396729964107,0.040885672107665,0.0589246120676871
"ENSG00000258302",0.351059447282734,-1.09985079576499,4.22210485088387,0.0409298000870687,0.0589835356931785
"ENSG00000107771",-0.152914227839598,6.09765462631174,4.22183112869607,0.0409362897723305,0.0589882141007088
"ENSG00000135002",0.176468000348002,4.85054469414709,4.2209140354939,0.0409580410817413,0.0590148513491873
"ENSG00000227533",-0.303776362201991,-0.506639125901383,4.22077816047364,0.0409612647587497,0.0590148513491873
"ENSG00000147133",0.146707767005421,5.97523345670206,4.21974588241828,0.0409857646351121,0.059045472252152
"ENSG00000167523",-0.179440158515469,3.36743183890237,4.21599877976097,0.0410748278328976,0.0591690930322146
"ENSG00000100281",0.134281436393533,5.44867309726518,4.21423357545364,0.0411168550393732,0.0592249433322341
"ENSG00000120656",-0.138171774376006,4.72576820120138,4.21373462236591,0.0411287426977596,0.0592373750543912
"ENSG00000197006",-0.112939014982062,6.81129050493295,4.21272130330279,0.0411528964120608,0.0592642944106391
"ENSG00000165689",-0.160806648608393,5.22760753934755,4.21267712618271,0.0411539497694288,0.0592642944106391
"ENSG00000172586",0.192764069920405,5.10691004960047,4.21218312715656,0.0411657306025064,0.0592765662416584
"ENSG00000071246",0.22610609855782,4.0160347777789,4.21030864037952,0.0412104655887015,0.059336284683922
"ENSG00000213585",0.14960548203304,8.04855826379617,4.20933097730694,0.0412338180929962,0.0593652088558074
"ENSG00000184939",0.150951067213907,5.08461566810691,4.2079866244409,0.041265952211031,0.0594067705251093
"ENSG00000141580",-0.174383036867934,7.12304885147972,4.2053463907012,0.0413291388935039,0.0594930255793469
"ENSG00000198060",0.127993525868568,6.01866115284445,4.20205607533433,0.0414080266695959,0.0596018668143883
"ENSG00000070159",0.216522807995445,5.43562294995953,4.19943199345327,0.0414710550995347,0.059687865011501
"ENSG00000137142",-0.561616967648999,2.53011141761192,4.19928220218453,0.0414746560295107,0.0596883244077181
"ENSG00000141627",-0.144324433889807,6.06243053730744,4.19602113688492,0.0415531328988142,0.0597965330456233
"ENSG00000158813",-0.337403000706224,0.638292526115445,4.1954274188396,0.0415674374880408,0.059812385524722
"ENSG00000167700",0.286116466140006,4.97961602771415,4.1938518735298,0.0416054227205895,0.0598623074473604
"ENSG00000105519",-0.463475208524556,5.4247469224541,4.19302750212832,0.0416253123297645,0.0598861873638473
"ENSG00000241472",0.338962723721966,1.29225203614158,4.19251123267178,0.0416377734825977,0.0598993770546141
"ENSG00000169564",-0.196699495609706,2.01061391435241,4.19222113462568,0.0416447772858297,0.0599047144317202
"ENSG00000221990",0.254619405102402,2.18749920604187,4.18948305974804,0.0417109437057285,0.0599951478149301
"ENSG00000166359",-0.228078043595011,0.457722432207627,4.1885063124179,0.0417345739973987,0.0600243896777391
"ENSG00000228889",-0.253178355471773,0.797953537479405,4.18554555411077,0.0418062896809012,0.060122779846306
"ENSG00000115290",0.584985182664175,3.64845097920305,4.18457625402658,0.0418297964378237,0.0601518293493941
"ENSG00000243746",-0.254292145909727,-1.72057501721929,4.18429905330118,0.0418365214770275,0.0601567438235572
"ENSG00000162599",0.330181918240574,6.36530476419047,4.18262699825796,0.0418771106912411,0.0602103469764658
"ENSG00000116690",0.663311275354395,2.63574703801269,4.17400940343947,0.0420869646766393,0.0605072890315956
"ENSG00000135709",0.251403061705778,4.65321991706563,4.17347663785314,0.0420999749333626,0.0605212096180841
"ENSG00000160051",0.191700609945663,2.42218689536678,4.17242990487558,0.0421255487813158,0.0605531874839621
"ENSG00000083544",0.140540789864046,4.54773184448404,4.17201736109277,0.0421356325915322,0.0605628959676615
"ENSG00000143390",-0.178891606840777,6.1630506311242,4.17100786657374,0.0421603184414881,0.060593589238545
"ENSG00000187624",0.283181443129305,1.79284637788091,4.1700223689463,0.0421844322362569,0.060623455555708
"ENSG00000146038",0.640705905054412,2.62806443381079,4.16600586373465,0.0422828616871664,0.0607601081114152
"ENSG00000188735",0.176088219966736,4.0317735182938,4.16312443092657,0.0423536244240068,0.0608569853866199
"ENSG00000184677",0.14836284452481,5.23874767967515,4.16257219611831,0.0423672006040935,0.0608716837496842
"ENSG00000186635",0.17031326588827,6.0712246256184,4.16219705362225,0.042376425759946,0.0608756361121809
"ENSG00000235706",0.221534805302721,1.78376611611607,4.16218811787637,0.0423766455254191,0.0608756361121809
"ENSG00000123213",-0.164264487701137,5.84996681896225,4.16166855176479,0.0423894257925868,0.060889186251427
"ENSG00000133739",-0.251853324226909,5.91696987549397,4.16117346387919,0.0424016077392643,0.0609018748765489
"ENSG00000101470",-0.422150087519137,-0.45371785273959,4.16026856390181,0.042423882940448,0.0609290574005739
"ENSG00000117500",0.17647361689999,6.31453839961051,4.15974840344601,0.0424366929187789,0.0609426427798461
"ENSG00000213523",0.158088708142741,5.02723774522506,4.15836252408793,0.0424708429142848,0.0609868696451138
"ENSG00000105281",-0.225286077551996,7.46086328899859,4.15749835453959,0.0424921519702572,0.0610126517750878
"ENSG00000168679",0.331167536611412,3.22473085430794,4.15675276086065,0.0425105462223415,0.0610342449235828
"ENSG00000035403",-0.209548806758991,7.76875918352917,4.15657913432111,0.0425148309044564,0.0610355785373946
"ENSG00000166128",0.180459884473092,4.9821607991774,4.15513464136052,0.0425504952070894,0.0610819579184326
"ENSG00000126246",-0.258097374934099,-0.200057137431606,4.14973545180128,0.0426840808733615,0.0612688866644068
"ENSG00000130307",0.205660895954752,0.495726064168804,4.14905177418443,0.0427010279140514,0.0612883756076994
"ENSG00000260517",-0.339811858509434,-0.891721678864212,4.14773857270685,0.0427335996036645,0.0613302856144125
"ENSG00000127311",-0.249460698985252,1.94607812949281,4.14301630228252,0.0428509447710217,0.061493844366052
"ENSG00000189233",-0.459059062775033,0.608105457490625,4.14115354991397,0.0428973266225625,0.0615555484505852
"ENSG00000211890",-0.532940446904065,6.26655732888313,4.14095614641984,0.0429022450097659,0.0615577494665211
"ENSG00000188643",-0.354564881613883,7.99057616066806,4.14046413253784,0.0429145063304461,0.0615704852203324
"ENSG00000093010",-0.207664242157838,6.52824441431025,4.13577434253579,0.0430315654062997,0.0617335629917793
"ENSG00000168610",-0.161380742632265,8.36598055014779,4.13210577055847,0.0431233700175835,0.0618603875605181
"ENSG00000223546",-0.226153448421082,1.34523910471517,4.12981910488504,0.0431806978097739,0.0619377390981205
"ENSG00000141013",0.197859854711422,3.73866427343617,4.12762445751842,0.0432357945267052,0.0620118784679216
"ENSG00000102309",-0.171662681492581,4.35307154119182,4.12728684505314,0.0432442769042322,0.0620191537875868
"ENSG00000130827",0.1813958511997,6.20271716721022,4.12597213212126,0.0432773253281869,0.0620616567901178
"ENSG00000179546",-0.533136313546208,0.75165056142187,4.12582805509345,0.0432809486706854,0.0620619595098096
"ENSG00000177932",-0.289909381615392,2.77473937079102,4.12417344527889,0.0433225828983337,0.0621167629290417
"ENSG00000174917",-0.226233925616672,5.08961190918738,4.12323658889126,0.0433461754048831,0.0621456911764161
"ENSG00000272072",-0.287348950903246,-0.828372788423984,4.12242031649353,0.0433667423771102,0.0621702774773296
"ENSG00000162522",0.189263896636007,7.87014472222074,4.12219415121278,0.0433724427129069,0.0621735488699836
"ENSG00000100567",0.147977542143711,6.59669646534008,4.12119527735006,0.0433976281107986,0.0622047490014346
"ENSG00000063660",-0.316310447388498,6.25314280356535,4.12018142254761,0.0434232070675154,0.0622365082855768
"ENSG00000161533",0.15530003141525,6.47446061151702,4.11656143819965,0.0435146674412332,0.0623626799638444
"ENSG00000239951",-0.616199297764433,7.15672048471367,4.11542468812646,0.0435434299525891,0.0623989839251253
"ENSG00000173085",-0.161917869043095,3.83512018750657,4.1132483738036,0.0435985521108518,0.0624730533201113
"ENSG00000236529",-0.284614616282723,-0.510040756278391,4.1110172723945,0.0436551386284418,0.0625492091834015
"ENSG00000130734",-0.186613044654968,3.91689679491315,4.11049812101002,0.0436683168028354,0.0625631623481663
"ENSG00000174123",-0.466289805833114,1.29651999481872,4.11034020847481,0.0436723261008751,0.0625639781917704
"ENSG00000169410",-0.130739830636862,5.74966299264772,4.10707271919471,0.0437553730888488,0.0626780125809232
"ENSG00000128335",0.218079245333342,5.71771231280722,4.10450295523653,0.0438208040530565,0.0627667966701048
"ENSG00000233483",0.266692322786236,-1.05454442066086,4.10397404268548,0.0438342840015467,0.0627811605181613
"ENSG00000180228",-0.12402833857708,4.98533289575002,4.10367466041774,0.0438419160512132,0.0627871471763359
"ENSG00000103018",-0.12481139764995,6.16533988413752,4.10346471907458,0.043847268853358,0.0627898689792044
"ENSG00000263069",0.318661704592476,1.13342579936116,4.10291982610493,0.0438611650311626,0.0628048236172874
"ENSG00000165392",-0.194209451332269,4.49834391906935,4.10107782041535,0.0439081754734344,0.062867188499632
"ENSG00000171700",-0.153480850303385,4.39329442002995,4.10005066896821,0.0439344129183429,0.0628998033815193
"ENSG00000131504",-0.12953645951659,7.51116294680185,4.09913454343153,0.0439578283379011,0.0629283732239075
"ENSG00000250131",0.2625849645544,-1.15866475549322,4.09817088849418,0.0439824728330283,0.062958697929098
"ENSG00000171004",-0.568258228352089,2.81350245984494,4.09781524398905,0.0439915717758158,0.0629667669362192
"ENSG00000198121",0.288100449090745,4.33258808520649,4.09745841184113,0.0440007031072217,0.0629748810288124
"ENSG00000215187",-0.438829385774794,-0.232073183616611,4.09548440673172,0.0440512541608838,0.0630422700982103
"ENSG00000136521",-0.152619076545745,6.40392586091454,4.09072586035038,0.0441733657999579,0.0632120517049279
"ENSG00000162433",-0.350016254907818,5.81590800612619,4.08924124381928,0.0442115366857498,0.063261696895635
"ENSG00000145293",0.147176228793911,5.95428271569483,4.08855042088751,0.0442293103015232,0.0632821503905053
"ENSG00000134330",-0.138103043872826,5.22122527950954,4.08800001488666,0.044243476662516,0.0632974399070118
"ENSG00000279722",-0.207774503373193,0.647211167004432,4.08731152938343,0.0442612036828094,0.0633178207159775
"ENSG00000140262",0.144012878332354,6.51550129159784,4.08696526903249,0.0442701219850008,0.0633255980073296
"ENSG00000272141",-0.31577013589931,1.027482801797,4.0864570412909,0.044283215376286,0.0633362806736343
"ENSG00000213741",-0.18061504128921,8.1516578970932,4.08640506267587,0.0442845547243572,0.0633362806736343
"ENSG00000065057",0.248666723908624,4.19163111213419,4.08200667065785,0.0443980449577875,0.0634936029007894
"ENSG00000228393",-0.251027462820476,1.04099495187218,4.08163365457893,0.0444076839286467,0.0635023944723819
"ENSG00000257093",-0.195632178481358,6.2694347948166,4.0768264192841,0.0445321044984689,0.0636753079102321
"ENSG00000178464",-0.195487265657594,1.44597578734811,4.07350502697532,0.0446182842667569,0.0637935189249095
"ENSG00000245573",0.231996710043401,1.46696654040685,4.07158235559834,0.0446682523233895,0.0638579774959353
"ENSG00000129235",-0.180847095143586,5.23551489993842,4.07150016481588,0.0446703896899486,0.0638579774959353
"ENSG00000272777",-0.208734387537465,-0.689579474923815,4.06470724503024,0.0448474143064111,0.0641060021538042
"ENSG00000138629",-0.141099829541544,5.47240674363197,4.06366275932332,0.0448746996470158,0.0641399636290707
"ENSG00000237352",-0.288215341833004,-0.498335349264855,4.0623651234282,0.044908622593491,0.0641834062337274
"ENSG00000069122",0.21052703606453,4.99205749012236,4.05885886837854,0.0450004195030632,0.0643095489841843
"ENSG00000273812",0.476592710344452,0.499609093002907,4.0570999708921,0.0450465438979951,0.0643704070094858
"ENSG00000173726",-0.151952112915682,8.66853220215972,4.0559177920398,0.0450775728815689,0.0644096861945145
"ENSG00000198618",-0.149163668373263,5.24723615313681,4.05500779929721,0.0451014731479453,0.0644387740467266
"ENSG00000146556",-0.198075159625685,1.32363401162873,4.05372762005795,0.0451351188198327,0.0644787760329605
"ENSG00000267855",0.236726476026715,-1.37557566071288,4.0536727589426,0.0451365612740078,0.0644787760329605
"ENSG00000168765",0.259508431200473,4.32717809973161,4.05316627817069,0.0451498803965131,0.0644895816207273
"ENSG00000152219",0.144464105564138,5.04946902794348,4.05311546554057,0.0451512168659743,0.0644895816207273
"ENSG00000280152",-0.363062437259154,-1.38434386950328,4.05151047942563,0.0451934526596067,0.0645448383959895
"ENSG00000135778",-0.161105145706232,5.64304128579051,4.0454364230308,0.0453536731755865,0.0647685778672713
"ENSG00000100385",0.51660708575052,5.00967619385302,4.04496189025669,0.0453662156579057,0.0647814030294409
"ENSG00000280149",-0.244176346624316,-0.403570773266577,4.0407965363001,0.0454764689807536,0.0649337429598011
"ENSG00000108679",0.299074319995467,9.61706106469775,4.04022179128159,0.045491704271473,0.0649503977776552
"ENSG00000179899",-0.285324373344077,-0.210740678335362,4.04002852986995,0.0454968284436087,0.0649526150496354
"ENSG00000287985",0.362132546958978,-0.329797538627268,4.03617639442382,0.0455990924929247,0.0650935008446209
"ENSG00000227939",-0.213298825993058,-0.849945008033061,4.03335859305237,0.0456740520097083,0.0651953898879748
"ENSG00000118058",-0.156633731194297,6.39635912263698,4.03203199485611,0.0457093875683196,0.0652407079253392
"ENSG00000128739",0.342529988494775,0.944835730241295,4.02991537725182,0.0457658262849468,0.0653161368856413
"ENSG00000124019",0.263011824385933,0.801609816589954,4.02920440512946,0.0457848006310012,0.0653380897510122
"ENSG00000141431",-0.642006425561013,0.519062334934354,4.02851343200367,0.0458032492386898,0.0653592889654237
"ENSG00000160959",0.192485602300386,5.11852046473672,4.02751494275591,0.0458299222859803,0.0653922198585871
"ENSG00000143740",-0.146931770483596,5.6742054905778,4.02321582561785,0.0459449546083079,0.0655512107323427
"ENSG00000105662",0.167480183636828,4.23572467347235,4.0226191090635,0.0459609452518829,0.0655688816566983
"ENSG00000179071",0.364354055520066,0.286065084341824,4.01992910529144,0.046033104527839,0.0656666749139087
"ENSG00000230359",-0.207098244395921,0.367365178057986,4.01672302376742,0.0461192645369745,0.065784423449023
"ENSG00000101421",0.14677523712902,7.64531286206417,4.01534194656858,0.0461564321980187,0.0658322764129207
"ENSG00000158517",-0.312575979805402,1.97000507323313,4.01410757261996,0.0461896786551559,0.0658745295522603
"ENSG00000223529",-0.23841103915905,-1.62530125986352,4.01385835448955,0.0461963941428734,0.0658789412474974
"ENSG00000204843",0.153796083629,7.1067218847684,4.0134616905788,0.0462070848735366,0.0658890207510688
"ENSG00000255408",0.624170077879563,0.246193027962932,4.00928813451456,0.0463197281106013,0.0660444665158056
"ENSG00000168913",0.532443135606071,1.80695468375121,4.00681826585887,0.0463865264043337,0.0661345255343749
"ENSG00000115738",-0.193364737291411,6.15018656313492,4.00635611110768,0.0463990368544609,0.066143566041386
"ENSG00000060339",0.101043374900289,6.68977640793275,4.00631533960436,0.0464001407038731,0.066143566041386
"ENSG00000159685",-0.200279473376654,3.64115973310196,4.00562821998485,0.0464187480008499,0.0661649050657883
"ENSG00000159714",0.192687607205944,3.27779729678444,4.00277546766266,0.0464960856311977,0.0662699479241615
"ENSG00000173915",-0.180867449873894,5.89026229798794,3.99974311501447,0.0465784420829292,0.0663817974893319
"ENSG00000168216",0.139504782993123,5.78909384651708,3.99961736714143,0.0465818606419806,0.0663817974893319
"ENSG00000285053",0.206943899752169,1.01844388043978,3.99804680012881,0.0466245802247006,0.0664374698469802
"ENSG00000124593",0.364154693768891,-1.09015721383159,3.99446541973553,0.0467221496654263,0.0665712853987289
"ENSG00000254783",0.23571194586596,-0.650903017549203,3.99346385998846,0.0467494744320264,0.06660500085929
"ENSG00000101294",0.138114635699316,7.75114113259411,3.99257720865393,0.0467736783918146,0.0666342651045919
"ENSG00000041988",-0.167075531714926,3.55728561111702,3.9871306393811,0.0469226517729175,0.0668412586502055
"ENSG00000110367",-0.114842312169475,7.7388734046637,3.98493994562258,0.0469827130550685,0.066921574519977
"ENSG00000086712",-0.160156216159863,5.47859297725453,3.98276604958194,0.0470423944520812,0.0670013367497614
"ENSG00000261468",-0.25498508243679,-1.01846838035342,3.97913043194093,0.0471423853082158,0.0671384937738493
"ENSG00000141574",-0.402120566877492,5.68921163156402,3.97772565175182,0.0471810815494326,0.0671883425635045
"ENSG00000205209",0.300554171561951,-0.523463600953799,3.97748485330369,0.0471877179956938,0.0671890802948717
"ENSG00000148229",-0.147971012736394,6.54598806558005,3.97743878035613,0.0471889878868865,0.0671890802948717
"ENSG00000240898",-0.215962395683343,-1.24632080209296,3.97537345487303,0.0472459509419592,0.0672649202138828
"ENSG00000153015",0.109837743991744,4.71629773027798,3.97496175719642,0.0472573145597517,0.0672758325933597
"ENSG00000180304",-0.114737392612912,6.44209310678961,3.9744317336098,0.0472719484630947,0.06729139850096
"ENSG00000278196",-0.621533319213418,4.44477726738749,3.9741812743257,0.0472788652946053,0.0672959776160808
"ENSG00000267169",0.202785984042559,0.396540494628177,3.97303071400999,0.0473106536521652,0.0673359549750044
"ENSG00000102755",-0.201518583592653,5.68124632669064,3.97055517344491,0.0473791262836723,0.0674281337126316
"ENSG00000187650",0.168276292125916,2.82406680645297,3.96721218957121,0.0474717590912198,0.0675506516096986
"ENSG00000271918",0.223068013317141,0.0746684494471666,3.96718032792612,0.0474726428895518,0.0675506516096986
"ENSG00000110429",0.140229083009315,5.6820366158041,3.96628760917884,0.0474974127849096,0.0675806104773478
"ENSG00000251495",-0.207873436587661,-1.25297895625012,3.96592927982387,0.0475073590585719,0.0675894748558593
"ENSG00000144674",0.166160546593923,7.48648391246594,3.96351487929035,0.0475744340861579,0.0676796094766555
"ENSG00000178202",-0.194486504397371,5.56121121436752,3.9616017585495,0.0476276543313542,0.0677500216626521
"ENSG00000288586",-0.225403317823855,-0.865650964459804,3.96125796113048,0.0476372249747746,0.0677583364230234
"ENSG00000164631",0.13128267740815,5.31039574611959,3.96036488194959,0.0476620960830588,0.0677884112886044
"ENSG00000151883",0.333682477941904,4.36959317125639,3.9596258933041,0.0476826863905949,0.0678123934687732
"ENSG00000148090",0.153577515512152,3.5845424284063,3.95789750107809,0.0477308811538961,0.0678756267730307
"ENSG00000260276",-0.190816772983219,0.337562854193573,3.95688433306106,0.0477591565329292,0.0679105260746553
"ENSG00000123472",0.125796769399033,5.93543755136987,3.95654240742636,0.0477687029681592,0.0679187906179549
"ENSG00000120217",-0.342534960922228,2.96837532117637,3.95596954751549,0.0477847015424098,0.0679362269720433
"ENSG00000188747",0.310163052291984,3.11085518907323,3.95491361129672,0.0478142061642726,0.0679728608500696
"ENSG00000279118",-0.240684483920165,0.583987465355229,3.95464649263096,0.0478216729709752,0.0679781624068853
"ENSG00000079482",-0.242031674333399,4.35464245322223,3.95052126483145,0.0479371433938042,0.0681369774966013
"ENSG00000213235",-0.236638054504089,-1.60307862092927,3.94999947174181,0.0479517701303828,0.0681524415981404
"ENSG00000256576",0.339347231829074,0.0122104432307112,3.94925870010679,0.0479725433432809,0.0681766384065943
"ENSG00000278970",0.173990062424767,2.29844935722679,3.94866772987667,0.047989122577667,0.0681948715870465
"ENSG00000231806",0.445244114132465,1.59096358829734,3.9476557196476,0.048017527911129,0.0682299060662199
"ENSG00000117410",-0.174550123109043,7.31207331510874,3.94621704002527,0.0480579398340181,0.0682819943520913
"ENSG00000226688",-0.213537165379862,0.730235250790797,3.94518109521403,0.0480870614660895,0.0683180342091264
"ENSG00000131018",0.300006837889796,5.73265768348281,3.94272175354508,0.0481562715436169,0.0684110182641025
"ENSG00000080824",0.172297365777211,10.902142993405,3.94048332088557,0.0482193568270314,0.0684952875640461
"ENSG00000243290",-0.637010171717059,3.07652532181141,3.93935814989324,0.0482511004290809,0.0685350265212122
"ENSG00000211897",-0.575052666511347,8.59491813784583,3.93793081984144,0.0482914005550284,0.0685869118612257
"ENSG00000182310",-0.269702732745065,1.93715160487546,3.93777943692571,0.0482956768909189,0.0685876295222951
"ENSG00000081479",0.836402885851917,6.08790099573016,3.93746432333922,0.0483045796578728,0.068594916834587
"ENSG00000197343",0.222393995876243,5.57121995092393,3.93442487193005,0.0483905414998677,0.0687116222031067
"ENSG00000287670",-0.331576820630299,-0.325831567207668,3.93367163958766,0.0484118695484203,0.0687365404642208
"ENSG00000112146",0.140416896070193,5.93201919265095,3.93352765109485,0.0484159477717625,0.0687369649576782
"ENSG00000280241",-0.391369327599487,-0.727767941548746,3.93302211669016,0.0484302690433996,0.0687510430178335
"ENSG00000128607",0.173399980234043,6.56567571220174,3.93291077245186,0.048433423916181,0.0687510430178335
"ENSG00000180535",-0.373057479689318,2.42441584161578,3.93262443488104,0.0484415381235405,0.0687571948955013
"ENSG00000115594",0.318025356761691,6.28627947407685,3.93210060320267,0.0484563861540256,0.0687729029550853
"ENSG00000103994",0.184737272091484,6.38315129676748,3.92855115469581,0.0485571228620142,0.068910498643439
"ENSG00000160818",-0.17744031729809,5.85134077641141,3.92827948676386,0.0485648422144703,0.0689160763202611
"ENSG00000285679",0.251918986491359,-0.829856875022788,3.92740584650833,0.0485896752450323,0.0689459364453619
"ENSG00000203485",-0.192202558803115,6.68642866202051,3.92567243567639,0.0486389870058716,0.069010523103424
"ENSG00000155090",0.17830077888937,6.39458285302525,3.92520806346244,0.048652206410228,0.0690238947105482
"ENSG00000115944",-0.109604624240364,6.82508515330283,3.92139461603482,0.0487609092894925,0.0691727180529826
"ENSG00000204681",-0.268487974402569,4.90407686257899,3.91950231171848,0.0488149454612919,0.0692439734869738
"ENSG00000160539",-0.290842144959224,0.892442488724206,3.91911202723546,0.0488260982399426,0.0692504881029773
"ENSG00000213995",-0.182584509817767,5.71681760794461,3.91907512018611,0.0488271530367594,0.0692504881029773
"ENSG00000113361",0.254567253599767,2.30079126132217,3.9174778106002,0.0488728270626857,0.0693098618803998
"ENSG00000111145",0.155350810486974,5.75575181624381,3.91389417161983,0.0489754641337952,0.069450003248516
"ENSG00000074842",-0.188848382342451,6.45266982771709,3.91321778657015,0.0489948617930269,0.0694677692148306
"ENSG00000131697",-0.15876925771368,3.92267403406424,3.91319095748946,0.0489956313771634,0.0694677692148306
"ENSG00000103942",-0.275595819307025,5.31852307271209,3.91180178759284,0.0490354968553964,0.0695188726171915
"ENSG00000258315",-0.218711951454299,-1.1015428828478,3.90864270409571,0.0491262825136516,0.0696421532625327
"ENSG00000130595",-0.485975250335112,-0.682542873391361,3.90781548376133,0.0491500846469699,0.0696704652450384
"ENSG00000102967",-0.153233381457272,3.59666471329727,3.90712960168584,0.0491698292584574,0.0696930217076701
"ENSG00000236810",-0.208781524494348,-0.448815998776541,3.90667515991355,0.0491829159984774,0.0697061385631034
"ENSG00000187479",-0.28210071258475,2.27240861616196,3.90497558574461,0.049231892127826,0.0697701148528049
"ENSG00000135362",-0.215933264983181,3.42188468759562,3.90438066868417,0.0492490479221536,0.069788989763002
"ENSG00000197852",-0.289002757349547,2.90854263178144,3.90406436992507,0.0492581717072206,0.0697964807580967
"ENSG00000178057",0.184788906804952,5.31803791277084,3.90383572239753,0.0492647682702833,0.0698003899119664
"ENSG00000068796",0.143730585395178,5.62175695178815,3.9031469356116,0.0492846456903903,0.0698231138663982
"ENSG00000109046",0.142132311109934,6.15175143223677,3.90099491424493,0.0493468049446144,0.0699057316249433
"ENSG00000121898",-0.3439888874384,5.06971715630822,3.89868854861487,0.0494135148083271,0.0699911561605022
"ENSG00000176845",-0.267897208281656,5.01577318936706,3.89852988865955,0.0494181074486204,0.0699911561605022
"ENSG00000104852",-0.160576073322836,7.0933208612679,3.89851110611691,0.0494186511663278,0.0699911561605022
"ENSG00000102007",-0.206711221197801,6.60763622872557,3.89670920917089,0.0494708421187676,0.0700596181932683
"ENSG00000140285",-0.362829501138501,3.28091039236502,3.89428711905628,0.0495410889469863,0.0701536379451718
"ENSG00000198832",-0.315734311007693,6.10053377689252,3.89368646834602,0.0495585257605729,0.0701728662151265
"ENSG00000089876",0.177164954198826,5.40881622967482,3.89309650495894,0.0495756586731875,0.0701916612134465
"ENSG00000288046",-0.39279712143778,0.017073710690107,3.89128694279989,0.0496282487951856,0.0702606514428922
"ENSG00000132646",-0.163052125798243,7.48441315265668,3.89112973232325,0.0496328204994994,0.0702616546734818
"ENSG00000135541",-0.230244538857146,4.70789819078963,3.8886320847285,0.049705512554278,0.070359083379034
"ENSG00000169221",0.125551514462547,6.32139265197203,3.88605200598118,0.0497807225594077,0.0704600608490668
"ENSG00000082515",0.143743626049157,4.56194092831924,3.88236979912786,0.0498882695181339,0.0706067890433289
"ENSG00000151553",0.149101698700908,5.2005101006453,3.88157249978661,0.0499115889193329,0.0706342965503288
"ENSG00000197128",0.258805390780691,3.4427865153382,3.88032961066528,0.0499479640425042,0.0706802746444461
"ENSG00000166971",0.136325895170971,4.88255338739196,3.87960608994547,0.0499691520038218,0.0707047562350638
"ENSG00000178531",-0.313589418449367,4.58906665741867,3.87566779568743,0.0500846507935511,0.0708626704498722
"ENSG00000288096",-0.321808571368354,-0.021734366139503,3.87547385344425,0.0500903458878272,0.0708652155419882
"ENSG00000234465",-0.20031795256965,0.242272806121037,3.86927400965796,0.0502727670229603,0.0711177636006536
"ENSG00000272501",-0.253210751932233,0.496621694479954,3.86891835501994,0.0502832530326343,0.071123329764965
"ENSG00000117713",0.131317771020869,7.34714875491081,3.86887529963441,0.0502845226219312,0.071123329764965
"ENSG00000116473",-0.111094084178831,6.20801754377081,3.86645385164975,0.0503559796119542,0.0712188613672024
"ENSG00000146122",-0.27872577385045,3.80289822703516,3.86244772463254,0.0504744377605421,0.0713808470561185
"ENSG00000125901",-0.201488571839415,5.55293451667446,3.86164956240706,0.0504980742019187,0.0714087213174077
"ENSG00000262691",-0.272139243109729,0.527608466394684,3.85647716685106,0.0506515329948782,0.0716201572036729
"ENSG00000259146",0.281132732484818,0.183697672533738,3.85282939688085,0.0507600562089664,0.0717680272332619
"ENSG00000095587",0.374410621310741,0.184771248122634,3.85034229482011,0.0508341906977244,0.0718672569304478
"ENSG00000174977",-0.184373545733435,1.73594971393512,3.85018497974998,0.0508388837506092,0.0718683054295103
"ENSG00000224689",-0.678771122859703,0.86189982721923,3.84853187547979,0.0508882273498758,0.0719324690323728
"ENSG00000249863",-0.260177993858755,-0.247227808746847,3.84811747248661,0.0509006048729976,0.0719443737511719
"ENSG00000100246",-0.161056556782771,4.7805943462185,3.84653742878039,0.0509478275275248,0.072003407913188
"ENSG00000196705",0.1842797674491,4.49385781872405,3.84645510555841,0.0509502891930245,0.072003407913188
"ENSG00000148834",-0.146297731116356,6.18440442468485,3.84504673226583,0.0509924226030877,0.0720573523661688
"ENSG00000088930",0.132775332901892,7.11500904250037,3.84291112280326,0.0510563830184256,0.0721421297653142
"ENSG00000148848",0.309424548175096,6.47649946862179,3.8418929414001,0.0510869070778149,0.0721796524455292
"ENSG00000165688",-0.157959368529253,5.82735397331792,3.84053306073104,0.0511277052282252,0.0722316842233152
"ENSG00000158023",-0.363268817629167,2.67801855105237,3.83746028646507,0.0512200200964287,0.0723564835350559
"ENSG00000015153",0.137902287217842,4.00906546079293,3.83726645616198,0.0512258492533166,0.0723590980288383
"ENSG00000204482",-0.240400412977798,3.22030252717561,3.834992016919,0.0512943023847526,0.0724501647723756
"ENSG00000112773",-0.279884972377444,5.33456179300398,3.8348048452986,0.051299939967531,0.0724525010195259
"ENSG00000109705",-0.455095422743132,0.303599154316429,3.83430765534484,0.0513149184610665,0.0724680283383708
"ENSG00000144057",0.379573704050114,3.36848699234159,3.83057080734262,0.0514276449217108,0.0726215843040431
"ENSG00000138311",0.424957662738303,1.78280111354495,3.82977940227646,0.0514515523963262,0.07264970382613
"ENSG00000204344",-0.137143069176835,3.69598892851301,3.82932372743147,0.0514653231968479,0.0726635070877402
"ENSG00000109065",-0.183688665166091,5.138639991509,3.82770479781113,0.0515142800740544,0.0727269833103238
"ENSG00000172716",-0.25149237654207,5.02657533431163,3.82645926861822,0.0515519789554459,0.0727745570662565
"ENSG00000174807",-0.281875488137672,5.4567050819898,3.82090068733018,0.0517205808542419,0.0730069014029455
"ENSG00000142166",0.1178938355895,6.62548350349218,3.82029302392952,0.0517390479510271,0.0730273012675214
"ENSG00000115486",-0.130623113088811,5.88430327454074,3.81978028754603,0.0517546356435215,0.0730436341339621
"ENSG00000172006",0.147907996370771,2.92912844435184,3.81925727690634,0.0517705408340372,0.0730604125302194
"ENSG00000002586",-0.224843776912959,7.40459769998321,3.81609865690363,0.0518667077789417,0.0731904477526101
"ENSG00000152454",-0.179742229836387,2.80975796028317,3.81278787419752,0.0519677116173173,0.0733272877343496
"ENSG00000172239",-0.139999225525504,6.41023731508142,3.80892511175217,0.0520858197557132,0.0734882390595696
"ENSG00000198517",-0.242992700344661,4.07534567242881,3.79883240468832,0.0523957662501557,0.0739198104683395
"ENSG00000161714",0.302467344098012,4.72934497414558,3.79810871143857,0.0524180661692465,0.0739455353669631
"ENSG00000214562",0.263625867409042,0.30943467899094,3.79646523732759,0.0524687458100587,0.0740112881024777
"ENSG00000017483",-0.337136653071411,3.37788768314648,3.79583236137543,0.0524882756546536,0.0740330948124731
"ENSG00000173334",0.238688374667746,6.86543730179917,3.79503574013759,0.0525128695022447,0.0740620402067948
"ENSG00000054965",-0.141870891096717,6.57801065117078,3.79302319050646,0.0525750570273564,0.0741425642621117
"ENSG00000141506",0.214004724718744,3.50300733579105,3.79292422400912,0.0525781171020847,0.0741425642621117
"ENSG00000183671",0.428687956862573,0.807974973771468,3.79104419960292,0.0526362840836646,0.0742188336238229
"ENSG00000023892",-0.193325098998524,4.59494822272429,3.78906871768587,0.0526974783271038,0.0742993593653771
"ENSG00000123933",0.168090828545656,6.0500538570627,3.78845595165488,0.0527164752946405,0.0743203823470212
"ENSG00000138669",0.426238994016165,1.25052667443571,3.78637854535871,0.0527809333326323,0.0744054887191068
"ENSG00000126895",0.329855028354542,-0.983162633276014,3.78561769302523,0.0528045621602981,0.0744330292623035
"ENSG00000138594",0.13833972006716,6.2717055807282,3.78021761824534,0.0529725895934977,0.0746640932677104
"ENSG00000215193",-0.126146184788083,6.00299165370886,3.7769746011024,0.0530737722214571,0.0748009119848014
"ENSG00000253327",0.299092693820549,-0.0196642156030606,3.77538500202881,0.0531234431365687,0.0748651157421285
"ENSG00000130511",0.220513405654236,4.71287284740939,3.77524511761887,0.0531278165378769,0.0748654782049201
"ENSG00000244879",-0.253944082153303,3.93593117193584,3.77318459888352,0.0531922818700739,0.0749505130657657
"ENSG00000128791",0.180882381051049,5.82697270429238,3.77063728923373,0.0532720921593753,0.0750571548682871
"ENSG00000047410",-0.139712600899108,7.86985567208268,3.77008620759413,0.0532893749953579,0.0750756895751797
"ENSG00000233493",0.297332210404523,1.87648405214831,3.76726721610833,0.053377876754877,0.0751945490215864
"ENSG00000184792",0.273365424481107,3.68072773404808,3.7631122075801,0.0535086082294371,0.0753728753467318
"ENSG00000120457",-0.317058190782377,2.92041375124171,3.76177263031378,0.0535508288411618,0.0754265062311664
"ENSG00000197362",-0.134129502896704,3.58277288679152,3.75910433860762,0.0536350335244611,0.0755392589238733
"ENSG00000276291",-0.157374527855801,1.95343625243245,3.75876642763956,0.0536457072214009,0.0755484415751327
"ENSG00000176783",0.130985072204128,5.89118497143594,3.75726073443873,0.0536932955393544,0.0756096050843742
"ENSG00000089060",-0.134123539262598,5.09698909901456,3.754930158054,0.053767043519552,0.0757045643903178
"ENSG00000137558",-0.863482020882428,6.10036397931297,3.75486665576452,0.0537690544751554,0.0757045643903178
"ENSG00000173852",0.210726029444803,4.8830293225831,3.74757536897121,0.0540004848832876,0.0760245234969606
"ENSG00000183346",0.540904882681025,-0.287298491892364,3.74129057857237,0.0542008206185255,0.0763006598614351
"ENSG00000131650",0.424459365136585,1.80715760279302,3.73894941971534,0.0542756504957075,0.0764000875486362
"ENSG00000279863",0.2388483698425,0.611720660038658,3.73430056571763,0.0544245674047245,0.0766037789782641
"ENSG00000137767",0.201591386247902,5.25998059839066,3.73132962575106,0.0545199637812322,0.0767321133833514
"ENSG00000173599",-0.264137111901378,5.51608299448748,3.73110603587587,0.0545271504254902,0.0767362899983609
"ENSG00000268403",0.23042010624097,-0.309441942109447,3.72417346522372,0.0547504797348758,0.0770446209220829
"ENSG00000237289",-0.497514415548019,2.89336088389904,3.72388801041132,0.05475969640618,0.0770516291378309
"ENSG00000100319",0.163255665740229,3.20784195473948,3.72271503153725,0.0547975865382928,0.0770989791876282
"ENSG00000066117",-0.0987809075767611,6.22379868995975,3.72177667934006,0.0548279177790021,0.0771356875436641
"ENSG00000105669",-0.183600495884526,6.26011308536027,3.72086205933556,0.0548574991363912,0.0771713353153904
"ENSG00000124596",-0.174496665529861,4.9446055821165,3.71835165846482,0.054938780015518,0.0772797007673814
"ENSG00000277161",0.166663938609025,3.95767261771635,3.71791503170972,0.0549529300736817,0.0772879967211505
"ENSG00000247950",-0.186149997941034,0.573233168043381,3.71790742981383,0.0549531764678864,0.0772879967211505
"ENSG00000269386",-0.232515698541901,0.514717605074224,3.71759041395856,0.0549634527000347,0.0772964724122965
"ENSG00000242193",-0.262740660092683,4.06001708743057,3.71628642582755,0.0550057437094222,0.0773499664904106
"ENSG00000120159",-0.158652570131672,4.31148626564788,3.71425194257174,0.0550717955188075,0.077436862535452
"ENSG00000139200",-0.535568632248141,0.584625923849895,3.71339397401113,0.0550996758036849,0.0774700760294852
"ENSG00000133884",-0.113262958645834,6.07060528959666,3.71147791212586,0.0551619939460409,0.0775517002311658
"ENSG00000137700",-0.153973037829093,4.63500205811278,3.70986127522634,0.0552146320558791,0.0776197038052504
"ENSG00000267251",0.435816739728219,0.412196588679824,3.70895224654399,0.0552442537985144,0.0776553433872309
"ENSG00000070808",-0.322653308352454,-0.90866157832076,3.70515017215122,0.0553683326504032,0.0778237429865173
"ENSG00000172354",-0.151375757657086,7.88391160010616,3.70336524396297,0.0554266854512377,0.0778997415182065
"ENSG00000213337",-0.153719637667331,2.02262154887029,3.70276931406698,0.0554461821766263,0.0779211220389801
"ENSG00000042286",-0.186043322121686,4.47794541708736,3.70246778227869,0.0554560500218843,0.0779289683843028
"ENSG00000260806",-0.251214360546562,-0.394069075169208,3.70159773912981,0.0554845333177863,0.0779629706415248
"ENSG00000214717",-0.136078221961923,6.16214558616369,3.70114942579271,0.0554992162029566,0.0779775777751545
"ENSG00000262576",0.43001585368971,1.0133328894211,3.69999437317421,0.0555370648889172,0.0780247285802276
"ENSG00000138709",0.141706129728619,4.96660403305527,3.69891990329568,0.0555722977750481,0.0780681974150441
"ENSG00000137975",-0.939438839512885,5.09250082508605,3.6983750575569,0.0555901728972454,0.0780872771590284
"ENSG00000204622",-0.275380544183389,-1.5047011331546,3.69681179796358,0.0556414938778876,0.078153331581668
"ENSG00000014257",0.422957956223753,1.39410297454592,3.69581299594165,0.0556743104891619,0.0781933868090252
"ENSG00000197863",-0.152593288279569,2.69430634979565,3.69321298985053,0.0557598331275366,0.0783074546308111
"ENSG00000070476",-0.103488104616185,5.2433134411993,3.69165632846132,0.05581110386843,0.0783734062043704
"ENSG00000077157",-0.188117506010837,5.46652630171617,3.69081697857774,0.0558387698660613,0.0784062029123696
"ENSG00000197497",0.222104259897294,1.99853595686019,3.6830458763502,0.0560956111681766,0.0787607670161182
"ENSG00000130749",-0.0819941265221916,5.84346326359253,3.68059639677787,0.0561768296519592,0.0788687130613535
"ENSG00000237149",-0.444704664214619,1.13320816162214,3.67743150115785,0.056281955448483,0.0790102042063143
"ENSG00000167524",0.225860912336863,2.04284615930956,3.67049036108886,0.0565132499202859,0.0793287790036398
"ENSG00000164818",-0.142585889666778,5.66266138863232,3.66848228497706,0.056580352684322,0.0794168432337126
"ENSG00000065000",0.118521876491057,7.40109657050896,3.66817606008239,0.0565905931060732,0.079425087384309
"ENSG00000185958",0.316242385412311,-1.51467347072391,3.66800648272452,0.056596264769072,0.0794269184891884
"ENSG00000198105",-0.137513650247148,3.98965326376456,3.66652817140656,0.0566457339031524,0.0794902097238281
"ENSG00000180953",-0.239556554128886,0.0676742158140968,3.66594816568729,0.056665155403083,0.0795113289979381
"ENSG00000145919",0.143361880912056,5.65080258803202,3.66501136629789,0.0566965391642344,0.0795492289068191
"ENSG00000188295",-0.171304382279509,3.07483731837398,3.66328923666046,0.0567542807501329,0.0796241019965611
"ENSG00000205744",0.196765764084229,4.21922922071845,3.66314398596476,0.0567591537572378,0.0796247966476391
"ENSG00000143633",-0.137895026643503,4.33649924562778,3.66047811445875,0.0568486703344317,0.0797442245906713
"ENSG00000100629",-0.160359510658347,3.19585974062454,3.6597730880317,0.0568723694292474,0.0797713160468228
"ENSG00000233030",-0.35381116314451,0.173185741378276,3.65958163283584,0.056878806917268,0.0797741934154281
"ENSG00000144369",-0.377375423518309,4.42836405734143,3.65829923419651,0.0569219463498399,0.0798285419238868
"ENSG00000159173",-0.378154335585892,1.09793270633753,3.6556922103309,0.0570097534788847,0.0799455201444838
"ENSG00000179195",0.153120423724722,7.90635830647346,3.65159336099875,0.057148099451744,0.0801332563656042
"ENSG00000168079",-0.519079947158103,1.0881028404572,3.65146489565461,0.0571524412565767,0.0801332563656042
"ENSG00000103647",0.262855858774336,1.39481887863843,3.65117542027927,0.0571622260863407,0.0801407976611705
"ENSG00000180914",0.472565632473603,3.25165829691914,3.64838968203204,0.0572564809805585,0.0802667547459842
"ENSG00000089154",0.139198178379382,7.40625500765047,3.64452105534525,0.0573876506870697,0.0804444385893198
"ENSG00000284428",-0.239959875117957,0.899330287557913,3.64366789906726,0.0574166210012233,0.080478845774526
"ENSG00000254109",-0.302763284026394,-0.748649143880127,3.64202653369943,0.0574724002003714,0.0805480157381065
"ENSG00000160058",0.113511983033036,6.82332065950132,3.6419551694983,0.0574748267126207,0.0805480157381065
"ENSG00000169246",0.239847191586309,0.716190053852083,3.64145945147369,0.0574916850458142,0.0805654339789866
"ENSG00000083290",0.211615567560225,5.3713874822284,3.64077629764929,0.0575149263370263,0.0805917935452876
"ENSG00000243716",0.274350785090206,1.26091147874589,3.63922622016022,0.0575676981173319,0.0806595249486197
"ENSG00000119969",-0.184857380058146,4.80285262020167,3.63897103962697,0.0575763905972431,0.0806654900772345
"ENSG00000203724",-0.298441554982507,0.937162763059575,3.63721927868342,0.0576361005269906,0.080742925085489
"ENSG00000180376",0.152152740482448,3.97928927230371,3.63708653165618,0.0576406279935289,0.0807430485171213
"ENSG00000110756",-0.13117981579185,5.23229369073381,3.63675111321782,0.0576520694591832,0.0807528563206488
"ENSG00000159164",0.422390401673743,2.80975538790362,3.63480148383319,0.057718621379092,0.0808398495027664
"ENSG00000100220",-0.12124830266836,6.60891235350945,3.63433861989979,0.0577344336094686,0.0808557694994237
"ENSG00000172301",0.170022552817907,5.25172114247684,3.63339582228979,0.0577666555218605,0.0808946666639667
"ENSG00000110619",-0.131794907073008,5.75641973807835,3.63222821674815,0.05780658731691,0.0809443536931218
"ENSG00000184163",-0.402263172397501,-0.419206772558032,3.63057946187651,0.0578630245374309,0.0810171432091449
"ENSG00000151470",0.187232966518127,3.43487961508615,3.63014004282283,0.0578780758794144,0.0810319793776298
"ENSG00000272989",-0.338019617068393,-0.701113025692721,3.62834573440695,0.0579395794466101,0.0811118435171602
"ENSG00000224043",0.193309359510132,1.21037955769264,3.62452630173392,0.0580707309939069,0.0812891907424904
"ENSG00000170629",0.423956585229991,0.998582960971004,3.62413144199973,0.0580843077612066,0.0813019385532419
"ENSG00000120738",-0.321966840111114,7.1030383310307,3.61940201774904,0.0582471871767448,0.0815236506633808
"ENSG00000172031",-0.462990525622966,2.24297531282199,3.61785933160636,0.0583004222030722,0.081591880503961
"ENSG00000185811",-0.274001042329208,4.49708379282471,3.61744393926909,0.0583147654520928,0.0816056746974428
"ENSG00000186994",0.261004449977036,0.775007563096997,3.6172316893167,0.0583220957722766,0.0816096536318023
"ENSG00000103111",0.158218989640054,5.5626091049995,3.61664428048005,0.0583423878145633,0.0816317677953132
"ENSG00000004534",0.121795393501637,6.06272833158773,3.61633771903342,0.0583529809792658,0.0816403090808374
"ENSG00000185818",-0.442960781673768,3.60903703089575,3.61516787676722,0.0583934235260207,0.081690607421834
"ENSG00000261437",-0.25860571408719,2.22342238192823,3.61360855787478,0.0584473772459124,0.0817597982886213
"ENSG00000184967",-0.166964341743808,4.39259824626766,3.61241641863865,0.0584886621975679,0.081811258021177
"ENSG00000117222",0.119785210679022,5.82245779116131,3.61180793980401,0.0585097464345155,0.0818344561789424
"ENSG00000262943",-0.481969364051348,1.18203362702519,3.61158380356725,0.058517514967099,0.0818390282369547
"ENSG00000229119",-0.319262062160817,2.21760435433232,3.61113965581947,0.0585329123280181,0.0818542679856983
"ENSG00000167216",-0.243511192371217,2.53589829712328,3.61034335523391,0.0585605286900685,0.0818865915134133
"ENSG00000254858",-0.176652808297477,4.16114956974181,3.60859976159556,0.058621046620749,0.0819649135868837
"ENSG00000108641",0.223669387761469,3.42177164111268,3.60830386733387,0.0586313233720968,0.0819671200520569
"ENSG00000109184",-0.133802052266154,5.42020950894161,3.60829480936305,0.0586316379963306,0.0819671200520569
"ENSG00000219928",-0.252520807906167,-0.034950637058432,3.607478769235,0.0586599901643646,0.082000453547726
"ENSG00000288066",-0.147195922011506,3.46331418584577,3.60681525677283,0.0586830537791282,0.0820263896506904
"ENSG00000101849",0.206565393711771,6.04890554648092,3.60603927482401,0.0587100391221991,0.0820578030857264
"ENSG00000285907",0.406148520763011,-0.947708396416845,3.60570320501884,0.0587217303145983,0.0820678370187425
"ENSG00000287966",-0.265260647902536,0.305300598678989,3.60407149458404,0.0587785296374894,0.0821409064192591
"ENSG00000277142",0.293470492442016,0.641310775891673,3.60391885891216,0.0587838458410287,0.0821420242898456
"ENSG00000263412",0.242048604279444,-0.290243074321356,3.60307164152119,0.0588133632343661,0.0821769570950795
"ENSG00000168569",-0.159720076006952,4.02439136122042,3.60213459139125,0.0588460288982502,0.0822162831157916
"ENSG00000185666",-0.441963479792228,0.354318300903123,3.60082174839695,0.0588918273793951,0.0822706080506626
"ENSG00000165685",-0.283809229787942,0.683100873715162,3.60076068563555,0.0588939584791965,0.0822706080506626
"ENSG00000135604",-0.243627191640307,2.70027581232888,3.60058227828266,0.0589001853958806,0.0822729876338435
"ENSG00000280254",0.264053058979336,1.32395652689407,3.59839786122398,0.05897648479154,0.0823732380117132
"ENSG00000286388",0.232160444411067,3.30040566736413,3.59807012307695,0.0589879414580083,0.0823825550880164
"ENSG00000095906",0.186119397819943,5.66967517318008,3.59794790238614,0.0589922145077152,0.0823825550880164
"ENSG00000165775",0.189552487123096,6.12178509169903,3.59758366240822,0.0590049509397842,0.0823940151779498
"ENSG00000183604",-0.252958663432584,-0.034752792565412,3.59472832360223,0.059104895942307,0.082527241470803
"ENSG00000132334",0.185916833316269,4.50854185251849,3.59316455293037,0.0591597091036894,0.0825974352635222
"ENSG00000175773",-0.255236318730518,-1.50349236328229,3.59222140290977,0.0591927946057972,0.0826372849470555
"ENSG00000162384",-0.122171846971339,4.84486756127558,3.59196498990563,0.0592017929410285,0.0826435037233422
"ENSG00000255062",0.169164381753161,0.659256922812976,3.59155461695395,0.0592161972579544,0.0826572675155545
"ENSG00000262655",-0.424434791627803,5.71126607696107,3.59142064391491,0.0592209005972209,0.0826574890693158
"ENSG00000168961",-0.27122735758361,5.92000589257703,3.59095787388486,0.0592371499587188,0.0826738246968369
"ENSG00000171307",0.126843971592214,5.52695717280004,3.58709991116332,0.0593728013528792,0.0828567874630682
"ENSG00000160799",-0.18899086996815,4.7898865450424,3.58608390721126,0.0594085807363097,0.0829003580199479
"ENSG00000168807",0.163519480666978,5.15914740437726,3.5857192737137,0.0594214272178342,0.0829119231482907
"ENSG00000198959",0.309800496011938,6.72576981571946,3.58156973547314,0.0595678300361301,0.0831098260737293
"ENSG00000269044",-0.192667911790222,2.30564358798826,3.58058155905573,0.0596027514588398,0.0831521702487825
"ENSG00000131467",0.127964793438372,7.1639541189068,3.57392564180119,0.0598385380890651,0.0834747147387572
"ENSG00000101935",-0.195831375165222,4.81898144205884,3.57376306173637,0.0598443099798969,0.0834763639784006
"ENSG00000135077",0.204401232266636,4.5311936000727,3.57315084121917,0.0598660502790517,0.0835002854659043
"ENSG00000105879",0.121506564210977,5.50800285818782,3.57238863380789,0.0598931285104782,0.0835316479831744
"ENSG00000164684",0.291314981656204,6.37416966695211,3.57193256659765,0.0599093370522095,0.0835478471327701
"ENSG00000108828",0.184880115133055,7.94616142654192,3.57156414162454,0.0599224342333697,0.0835597051166548
"ENSG00000255883",0.246008326161752,-1.48704679020637,3.57120758080051,0.0599351125724246,0.083565530882246
"ENSG00000113649",-0.108183080636191,6.03949743205464,3.57118821929577,0.0599358010973664,0.083565530882246
"ENSG00000119326",-0.249227163617871,4.70246711594057,3.57084581591433,0.0599479788878724,0.0835761030210504
"ENSG00000131462",0.171504839338576,5.67065339764352,3.56820087837359,0.0600421370270009,0.0837009571738402
"ENSG00000285667",0.270683161258121,-1.37479363826085,3.56606345860718,0.0601183434874358,0.0838007688036084
"ENSG00000100393",0.143005621356214,7.10317913666758,3.56551409013574,0.060137947106298,0.083821670777021
"ENSG00000231119",-0.339220157289081,-1.00920069195168,3.56498161616619,0.0601569543930328,0.0838417384291557
"ENSG00000204420",0.349919660107429,-0.146693647262192,3.56358647482033,0.0602067861120909,0.0839047602334464
"ENSG00000277443",-0.190803025683139,7.99251309694314,3.56254809783523,0.0602439035865579,0.0839500550438488
"ENSG00000167749",0.585492055060578,1.33358495003225,3.55585737785732,0.0604836560074608,0.0842776936691716
"ENSG00000158636",0.18168296860678,5.19040110710118,3.55501061323325,0.0605140713526161,0.0843136149656337
"ENSG00000186205",0.281015477633416,3.69037896872945,3.55411770205759,0.0605461619965869,0.0843518647563326
"ENSG00000211962",-0.60108206336369,4.41881618862297,3.55354144324256,0.0605668820348834,0.0843742685700413
"ENSG00000166197",-0.14215747104858,7.58085740972682,3.55339511678872,0.060572144576767,0.0843751371342757
"ENSG00000165995",-0.34433137037575,1.51029268801108,3.55237535878676,0.0606088331499952,0.084419777709612
"ENSG00000128016",-0.243816950971983,6.62277060746051,3.55166916729378,0.0606342542566592,0.0844487186170547
"ENSG00000167701",-0.446552773901863,2.4050935032547,3.55037382791547,0.0606809128762257,0.0845072315002138
"ENSG00000093072",0.245364407382845,6.20964905910077,3.55000549695849,0.0606941873168971,0.0845192465293411
"ENSG00000145632",0.283473602335624,6.7838021689436,3.54919096075722,0.0607235537859814,0.084553666839644
"ENSG00000142507",-0.145570192384723,6.40869593497603,3.54786839024241,0.0607712688255148,0.0846136291356091
"ENSG00000104969",-0.138994062916119,6.40584917747398,3.54675033063311,0.060811636938192,0.0846633536919654
"ENSG00000257698",0.228061266182071,2.245874423594,3.54495235181031,0.0608766141095283,0.0847473293091542
"ENSG00000163673",-0.296556505964857,-0.113242861873717,3.54456091751013,0.0608907700094057,0.0847582641107677
"ENSG00000081853",0.438825514631393,1.49351173490657,3.54447744571879,0.0608937891541347,0.0847582641107677
"ENSG00000140199",-0.178228974121487,4.48774255350431,3.54297653202039,0.0609481040296447,0.0848241619072146
"ENSG00000173757",0.160031265409207,6.17550988188761,3.54291145224537,0.0609504603015938,0.0848241619072146
"ENSG00000267244",0.232313302716696,-0.345309523178218,3.5408588197933,0.0610248277954826,0.084921160516009
"ENSG00000273136",-0.280318504049052,1.69592941994542,3.53932539793998,0.0610804475452802,0.0849864559669223
"ENSG00000150991",0.106882054256997,9.53450563486576,3.53930756183323,0.0610810948097432,0.0849864559669223
"ENSG00000127074",0.431141972502821,-0.911871896483566,3.53752331271516,0.0611458815641934,0.0850698705574679
"ENSG00000182108",-0.262550032564378,2.19075256739166,3.53739893013876,0.0611504006855254,0.0850698705574679
"ENSG00000069974",-0.202267080730217,4.99486569052097,3.53397862210876,0.061274809066243,0.0852364227378071
"ENSG00000160785",0.108292342782895,6.03777757888848,3.53293796601026,0.0613127150823902,0.0852826293911374
"ENSG00000280433",-0.159663008394062,1.2566952953437,3.53104462126131,0.0613817448173102,0.0853721170556884
"ENSG00000186193",-0.26194449096763,4.26729407571865,3.52851292052383,0.0614741785858291,0.0854941397858281
"ENSG00000111671",-0.228428789970397,3.18845619308642,3.52838158112762,0.0614789779252285,0.0854942771239434
"ENSG00000139626",-0.270103513206326,2.0021248300664,3.5280650063473,0.0614905476944792,0.0855038288583477
"ENSG00000260274",0.210161753546045,0.172197653546454,3.52650417916083,0.0615476249164991,0.0855766533125362
"ENSG00000181638",0.194895851579267,3.80211036117162,3.52619680113574,0.0615588719801335,0.0855857486297712
"ENSG00000161277",-0.159710979356979,3.05185325866654,3.52352417150022,0.06165675724112,0.0857087745163982
"ENSG00000231784",-0.257044139757045,-1.03080771023092,3.52352341393624,0.0616567850105868,0.0857087745163982
"ENSG00000184058",0.460132876423077,3.44911898399298,3.51991394116206,0.0617892470654538,0.085886345099463
"ENSG00000067191",-0.277845599548845,3.18374793172826,3.51927440917606,0.0618127486805034,0.0859124463549592
"ENSG00000213214",-0.330088693502185,2.58383263641898,3.51852549382402,0.0618402821077031,0.0859441469377935
"ENSG00000171681",-0.13629974738369,7.10614349188845,3.51768031881579,0.0618713702485888,0.0859807825551141
"ENSG00000188033",0.126611536264775,2.78105960192572,3.51587533681678,0.0619378191356111,0.0860665485857204
"ENSG00000160716",0.672989137096476,1.81732507526221,3.51569655563012,0.0619444049751664,0.0860691243459378
"ENSG00000245910",-0.294967319292464,5.87790219255137,3.51274075638483,0.0620533978599027,0.0862139790906662
"ENSG00000273486",-0.173177653124007,1.05694709183734,3.50923612687073,0.0621828948260382,0.0863872969062009
"ENSG00000082014",-0.2961167243322,4.28222536666874,3.50908166999925,0.062188608706914,0.0863886363065264
"ENSG00000267270",0.336977469921123,1.89511890962443,3.50883288596869,0.0621978132508832,0.0863948241490045
"ENSG00000124507",0.326064298898843,2.56502379672059,3.50719801372808,0.0622583368047038,0.0864722894084729
"ENSG00000182492",-0.254678513734124,9.52998714432369,3.50622879166132,0.0622942475533536,0.0865155600565359
"ENSG00000269378",-0.213056741123811,-0.905321706730459,3.50491264374387,0.0623430478368737,0.0865767239869481
"ENSG00000205890",0.324165090645502,0.601539097234525,3.50123977131535,0.0624794478883858,0.0867595203996001
"ENSG00000069696",-0.313986517959874,-0.473740926521563,3.49918016522727,0.0625560757734886,0.0868572788632058
"ENSG00000038427",0.290634673828459,8.42451335043668,3.49909089861848,0.0625593992252032,0.0868572788632058
"ENSG00000154040",-0.252942814438561,2.98534324975647,3.49856171769447,0.0625791048496476,0.0868741745503475
"ENSG00000232940",0.198984564207781,-0.222643161852576,3.49850757627614,0.0625811213414698,0.0868741745503475
"ENSG00000103502",0.132919313686222,6.51932198009822,3.49505361231157,0.062709907979148,0.0870463104880367
"ENSG00000122971",0.263983026946173,3.82508251531196,3.49300141977541,0.0627865618463996,0.0871460612684917
"ENSG00000063176",0.151454787753519,3.43366423266674,3.49253499516844,0.0628039978302337,0.0871636102660275
"ENSG00000069424",-0.191517039240973,4.62419284382351,3.49025646388723,0.0628892490324079,0.0872752679231981
"ENSG00000058668",-0.196930355925833,7.48343181798072,3.48851448368447,0.062954508879582,0.0873591674297579
"ENSG00000170214",-0.453945457124227,0.638215163604046,3.48767470294596,0.0629859955443829,0.0873961921697616
"ENSG00000233967",0.311904068392641,0.411400528252794,3.4872169009408,0.0630031674441766,0.0874133503299018
"ENSG00000144182",-0.129883885102822,2.00065838873569,3.48601888510875,0.0630481281178522,0.0874690582919524
"ENSG00000224616",0.216985735256811,1.62665166545174,3.48460310311978,0.0631013057606856,0.087536156599447
"ENSG00000221923",-0.251257746157284,3.61621018004107,3.48406763864915,0.0631214306701766,0.0875573963567093
"ENSG00000020181",0.201365305999728,4.50554273829464,3.48334005536538,0.0631487872093313,0.0875886632931684
"ENSG00000164164",-0.138465953312034,5.99496633953217,3.48216936950121,0.0631928307368742,0.0876430688914341
"ENSG00000128604",-0.193741251253854,4.04195321875747,3.4819182693629,0.0632022819131142,0.087649493208976
"ENSG00000260317",0.371714554816287,1.66987026786978,3.47964756540306,0.0632878179771809,0.0877614237091313
"ENSG00000187017",0.396485354379224,4.1765006912138,3.47857920209567,0.063328105528935,0.0878105956667127
"ENSG00000255139",-0.173731560452305,-0.974738743815197,3.47837277726581,0.063335892896844,0.08781469888762
"ENSG00000164707",-0.29937561570343,0.741492422223909,3.47437328584069,0.0634869764565289,0.0880174653396865
"ENSG00000241755",-0.579560277671698,4.08277138935408,3.47388582627596,0.0635054169925465,0.0880363204466795
"ENSG00000183784",0.353231358052453,-0.0538966278249169,3.47233069550706,0.0635642858150287,0.0881045259670656
"ENSG00000181092",0.763310002624876,3.88212614750598,3.47233017385423,0.0635643055717965,0.0881045259670656
"ENSG00000113569",-0.163990230615907,6.52364040584944,3.4700813322165,0.0636495381148,0.0882159414182719
"ENSG00000185787",-0.116369265107187,7.90732346292374,3.46986831653093,0.0636576179005529,0.0882204171270387
"ENSG00000180979",0.108575315483652,4.13404580971125,3.46936560327278,0.0636766904151925,0.0882401253540206
"ENSG00000243335",-0.152547797534262,4.05370377344869,3.4668046721805,0.0637739451772423,0.0883681635596285
"ENSG00000125991",0.15963320043492,8.14143097772972,3.46387526377526,0.0638853888034673,0.0885158415142427
"ENSG00000068697",-0.128845200167933,8.77519686857322,3.46018927057629,0.0640259121858471,0.0887037851033049
"ENSG00000268575",0.228027012743036,0.230342807519108,3.45804177329696,0.064107935424004,0.0888106580464456
"ENSG00000231365",-0.218353663823928,3.12338102307959,3.45765290477794,0.0641228002352969,0.0888244852002726
"ENSG00000198155",0.255721051759256,0.374093286496168,3.45742888231578,0.0641313653528793,0.0888295844214583
"ENSG00000151923",0.0916343264691434,6.39382779690892,3.45643515859937,0.0641693734926571,0.0888754618553493
"ENSG00000279696",-0.224855829264065,-0.29215463157323,3.455998903467,0.0641860670997242,0.0888918136305325
"ENSG00000130165",-0.164229336022584,5.63332959825407,3.45460180583299,0.0642395593851911,0.0889591218286779
"ENSG00000169946",0.284171471955561,2.58329453789727,3.45413645079322,0.0642573875897313,0.0889770358189594
"ENSG00000088808",0.154092208447627,5.24371971470083,3.45299173940798,0.0643012651977303,0.0890310148763946
"ENSG00000108468",0.156419900447213,7.09919209933305,3.44967305729257,0.06442865451361,0.0892006065535159
"ENSG00000100575",0.131554927317512,4.36833659382862,3.44856241324301,0.0644713476295422,0.0892529205880738
"ENSG00000091039",0.20245006317671,6.5905576208026,3.44833364945164,0.0644801450719866,0.0892583056982489
"ENSG00000136286",-0.244427369284599,3.58072127233944,3.4481702069664,0.0644864312783012,0.0892602140098738
"ENSG00000108298",0.271536624920412,10.2741719078443,3.44762347603274,0.0645074640279593,0.0892825322076344
"ENSG00000174851",-0.172999873074923,6.18552657871819,3.44702790074765,0.0645303842006752,0.0893055687403523
"ENSG00000203995",-0.331453104738441,3.09566141572301,3.44693582552718,0.0645339284118348,0.0893055687403523
"ENSG00000204310",-0.129264855716663,5.32550275393131,3.44655004486962,0.0645487803697533,0.089319325727714
"ENSG00000132716",0.131287057572554,5.64731346016396,3.44614170691918,0.0645645047456906,0.0893342877378943
"ENSG00000106733",-0.170574067763619,4.21504618036269,3.44378571845886,0.0646553100559216,0.0894531248514455
"ENSG00000277791",-0.241856965001515,7.11751421090778,3.44211521731446,0.0647197781419247,0.0895355080889425
"ENSG00000223865",-0.253786208556477,7.6194036575747,3.44184320315716,0.064730282261182,0.0895432289143884
"ENSG00000177098",-0.305660629731186,2.38008967804451,3.44083049805089,0.0647694050520559,0.0895905345719669
"ENSG00000128709",0.263164065340497,2.04433893453376,3.43908695147414,0.0648368211757086,0.0896762877882375
"ENSG00000006638",-0.220743475988024,1.47183955211574,3.43897218702187,0.0648412613098258,0.0896762877882375
"ENSG00000055609",0.176914333725763,7.01406294504014,3.43111550352015,0.065146006967685,0.0900909044045206
"ENSG00000160097",-0.335205069444705,0.948304130960971,3.43089182338935,0.0651547055743488,0.0900960834019811
"ENSG00000187474",0.242573985794368,5.51986001185204,3.43053967965518,0.0651684024779465,0.0901081727435678
"ENSG00000233913",-0.593933380120137,3.49585145274894,3.42812357626498,0.0652624621209582,0.0902313691414662
"ENSG00000285589",0.224840614489672,-0.380512457813974,3.42667176153997,0.0653190518273108,0.0902964412002766
"ENSG00000198934",0.202459357948339,2.90607446883495,3.42666138159521,0.0653194566127139,0.0902964412002766
"ENSG00000116478",-0.130395615429999,7.18895864550501,3.42372269403542,0.0654341646643403,0.0904481370204454
"ENSG00000163888",0.368298210440005,1.3611130806232,3.42044689844135,0.0655622863720198,0.0906183497632265
"ENSG00000175054",-0.128604680033088,5.70353696880512,3.41742171825012,0.0656808454499875,0.0907753204441013
"ENSG00000265666",0.248565726083855,0.536570897941875,3.41722307213918,0.0656886385934938,0.0907791929745813
"ENSG00000167637",-0.147021183041562,3.18098447321808,3.4166735642787,0.0657102016713932,0.0908020929949324
"ENSG00000161649",0.576945106537915,0.315747996540091,3.41433228553767,0.0658021603624792,0.0909222588067136
"ENSG00000239672",0.231584116702099,4.96256387855993,3.41366431623148,0.0658284216156608,0.0909516356993041
"ENSG00000131634",0.193259555230717,3.91298147444798,3.40929047550659,0.0660006579230456,0.0911772497452713
"ENSG00000203778",-0.203575303070088,3.01157663708365,3.40926300346736,0.0660017412660129,0.0911772497452713
"ENSG00000249626",-0.287235425151744,0.187264008716556,3.40842578949856,0.0660347654487831,0.0912159424305057
"ENSG00000250317",-0.150733317918377,4.01057175974585,3.40814528052285,0.066045834188792,0.0912243037838509
"ENSG00000272398",-0.405137787404103,10.4896230358354,3.39792882019016,0.066450332178122,0.0917760377899372
"ENSG00000272983",-0.288602282987725,-0.466207164245207,3.39684091265266,0.066493562040549,0.0918287704171226
"ENSG00000067840",-0.494844116788875,2.27862921754641,3.39656582867029,0.0665044977590629,0.0918368996463317
"ENSG00000198356",0.147694918460814,6.27321563906163,3.39464617211845,0.0665808658281235,0.0919333415807733
"ENSG00000211955",-0.655689375476746,4.62665269235271,3.39455622915295,0.0665844462636643,0.0919333415807733
"ENSG00000149557",-0.260667305187677,2.18523234788471,3.39321695108072,0.066637784526971,0.0919943785472702
"ENSG00000174600",0.229846858876504,4.36606698327879,3.39319223327054,0.0666387693732288,0.0919943785472702
"ENSG00000021826",-0.466519427563378,2.76445407609107,3.3926076596185,0.0666620654461452,0.0920195542148216
"ENSG00000165188",0.57316826166833,1.13558778126424,3.39168126757939,0.0666990013875343,0.0920635529510871
"ENSG00000184305",0.335663948028075,2.34935008841911,3.39092456858878,0.0667291878637781,0.0920982295391103
"ENSG00000153885",-0.230209087020313,5.45198057603046,3.3902697737194,0.0667553210007428,0.0921273069551187
"ENSG00000175164",-0.495112609171003,2.40727905732283,3.38972370499305,0.0667771232450652,0.0921504034583647
"ENSG00000231345",-0.46705007446909,0.264085210449232,3.38922892016471,0.0667968845474401,0.0921706802328231
"ENSG00000114573",0.121765746147121,7.00861187230272,3.38705593074047,0.066883746433918,0.0922835366515021
"ENSG00000160190",0.172013743869899,5.26683502504278,3.38626404748635,0.0669154309226507,0.0923202501419381
"ENSG00000166478",0.0809833903911147,4.31365689708084,3.38594709843648,0.0669281170717903,0.0923307488851428
"ENSG00000254461",0.277140866601503,-1.57030179655624,3.38383785828673,0.0670126070497474,0.0924402955647179
"ENSG00000106333",-0.351881896116988,6.37633554553863,3.38278895528152,0.0670546657153009,0.0924912983489983
"ENSG00000281005",0.186329635861975,0.209281050595326,3.38147539491162,0.0671073765800816,0.0925569853066295
"ENSG00000251595",0.20933631921166,0.086631504140219,3.38119874667582,0.0671184836651468,0.0925652851760457
"ENSG00000259065",0.243484431207711,0.639385461147384,3.37772369991488,0.0672581709867683,0.0927508995304679
"ENSG00000129187",0.125761483148219,6.17276483703469,3.37738216198596,0.0672719167341615,0.0927628219530651
"ENSG00000149243",0.318744432524378,2.70836051850241,3.37377262593913,0.0674173731739441,0.0929563477589034
"ENSG00000176476",0.144419481125984,3.69070974675063,3.3710029710073,0.0675292135594604,0.0931034972877096
"ENSG00000123329",-0.269895820893765,3.1546783762728,3.36529258364491,0.067760432886848,0.0934152014967022
"ENSG00000204628",-0.156407714795573,10.045607975972,3.36465126052885,0.0677864538450771,0.0934439914002018
"ENSG00000196381",-0.261392643592342,-0.104822865047987,3.36332942261969,0.0678401198338445,0.0935108828751772
"ENSG00000166024",0.112536365196156,4.22005937169127,3.36279571752172,0.0678618009566706,0.0935336795847169
"ENSG00000198814",0.19908316813952,3.22120567861714,3.3618683586088,0.0678994915189204,0.0935784351018669
"ENSG00000181085",0.410102026734095,3.86542918507587,3.36174362668577,0.0679045627047745,0.0935784351018669
"ENSG00000148690",0.13376165464251,4.41972911376243,3.36117264557126,0.0679277821032529,0.0935976775398548
"ENSG00000172819",-0.163534404287508,6.02275241046479,3.36114717468959,0.067928818095782,0.0935976775398548
"ENSG00000273382",-0.227318892873983,1.21154018851264,3.35855693846142,0.0680342611461632,0.09373586408048
"ENSG00000130590",-0.189547906262646,3.75746238798378,3.35800659734744,0.0680566870442485,0.0937568060147309
"ENSG00000154096",0.243926001554855,6.71054298332062,3.3579309379444,0.0680597707176431,0.0937568060147309
"ENSG00000150636",-0.180245236829525,2.14940878330258,3.35731683561507,0.068084805436249,0.0937841897360267
"ENSG00000198876",-0.142342044163401,6.71215783018955,3.3568890848941,0.0681022491313095,0.0938011137599589
"ENSG00000247708",0.157867537287405,2.15122388094551,3.35598833045625,0.0681389976665701,0.0938386378514244
"ENSG00000088387",-0.179050731320959,6.22288723427146,3.35596596814036,0.06813991026467,0.0938386378514244
"ENSG00000226564",-0.223058968444478,1.28040254410879,3.35584197079061,0.0681449707907199,0.0938386378514244
"ENSG00000167103",0.294014012576128,1.31297160610998,3.35489427556568,0.0681836610752068,0.0938848079064169
"ENSG00000156831",0.164100472337488,5.11543464137216,3.35441505665652,0.0682032345011815,0.0939046501973875
"ENSG00000119707",0.0970038089149529,6.85997610357552,3.35347619991374,0.0682415991022267,0.0939503598873136
"ENSG00000138658",-0.169818494990942,3.12076253828231,3.35334048547345,0.0682471467361452,0.0939508859246904
"ENSG00000103061",-0.143701042336412,2.08214609375769,3.34984600750388,0.0683901586535307,0.0941406346469701
"ENSG00000105287",-0.128794386721546,5.93090160556141,3.34736497445338,0.068491890963389,0.094273536615871
"ENSG00000204525",-0.249673353028169,10.2511768433652,3.3450055922908,0.068588786185336,0.0943997611153152
"ENSG00000113248",-0.287086785569965,0.715530025245679,3.34460744014464,0.0686051520602895,0.0944151411677168
"ENSG00000186063",0.144864233333651,5.20567823549735,3.34308007500695,0.0686679727522557,0.0944944456698212
"ENSG00000100450",-0.378635055679794,1.66349620404377,3.34084213435496,0.0687601313359023,0.0946141071824324
"ENSG00000240489",-0.162073696670265,-0.891034103099369,3.33783877408798,0.0688840192376185,0.0947774069062566
"ENSG00000183207",-0.166691246117258,6.67208572843725,3.33535780902771,0.0689865396842347,0.0949046291805697
"ENSG00000196126",-0.268625070676674,8.81808094419274,3.33534861097772,0.0689869200789703,0.0949046291805697
"ENSG00000197712",0.165073134351146,6.43038487185662,3.33477009649116,0.0690108496731637,0.0949303686171156
"ENSG00000111802",0.104051964030024,5.65567956375141,3.33254273870312,0.069103065262823,0.0950455425079842
"ENSG00000172264",0.297474178834485,2.50118968594033,3.33249535945704,0.0691050282672962,0.0950455425079842
"ENSG00000173588",0.148187619169752,3.96534465858029,3.33150257985911,0.069146174662271,0.0950949432708797
"ENSG00000249915",0.187053188023458,2.57161351145795,3.33015118749187,0.069202226390805,0.0951648339328565
"ENSG00000186301",0.317717092305768,0.318024422146215,3.32994322267105,0.0692108564943796,0.0951695061555739
"ENSG00000229043",-0.181378251562667,2.66954211827827,3.3288727700888,0.0692552963663664,0.0952234147498845
"ENSG00000173214",-0.219812742745579,3.52446132095761,3.32869609711424,0.0692626339036692,0.0952263047426061
"ENSG00000205940",-0.265718311807496,0.235014498549049,3.32820019535156,0.0692832340427342,0.0952474271178572
"ENSG00000196458",0.173622812182569,4.65835601122542,3.324655926906,0.0694306578784573,0.095442884550932
"ENSG00000143374",0.155982715701048,5.94119405702746,3.32386604797267,0.0694635588965439,0.0954808954965494
"ENSG00000163346",-0.1944470887142,7.171050914087,3.32282883998951,0.0695067874710406,0.0955330953316169
"ENSG00000171311",-0.126497435351623,4.62250483836233,3.3225374056725,0.0695189390328822,0.0955425769329047
"ENSG00000127884",0.150483854840607,7.05231883672873,3.32186909242359,0.0695468134700132,0.0955736640266415
"ENSG00000181038",0.157877311837148,3.90682309476259,3.32078914082021,0.0695918822260159,0.0956283736723162
"ENSG00000177694",0.309887949750052,4.55724271105077,3.31961260369617,0.0696410175092066,0.095688662571387
"ENSG00000067177",0.176996410854024,5.04858414299295,3.31598465504546,0.0697927655658763,0.0958899244683606
"ENSG00000176386",-0.124335448314873,2.95136738575372,3.31397141983414,0.069877127799306,0.0959985799844231
"ENSG00000087448",0.156036609969273,5.60697050188653,3.31370519718051,0.0698882917637899,0.096006665453158
"ENSG00000279425",-0.329594808906878,0.160941777856646,3.31336764237432,0.0699024497823954,0.0960188623700784
"ENSG00000110046",0.135440782930561,5.17371917884937,3.31274194132147,0.0699287016541638,0.0960476684553642
"ENSG00000122884",0.222659088634914,6.72533291459957,3.31249960787243,0.0699388718330347,0.0960543835157619
"ENSG00000230409",0.208323400857958,1.40684435477197,3.31219850758181,0.069951510541147,0.0960644875960723
"ENSG00000095209",-0.296725235190367,3.8107978146765,3.31150033874086,0.0699808256995851,0.0960974902094415
"ENSG00000007255",0.203450181064146,4.57337884652724,3.30783058923401,0.0701351312372961,0.096302111350139
"ENSG00000037637",-0.0843550650422249,5.07905842940712,3.3055364277112,0.0702317822544002,0.0964275425109859
"ENSG00000133657",-0.141243293631572,7.24871802702984,3.30428401108164,0.0702846060138797,0.0964867510316891
"ENSG00000226002",-0.229023592907895,-1.24245250108605,3.30426244556292,0.0702855159676077,0.0964867510316891
"ENSG00000198720",-0.262952131271069,4.14768730743533,3.30350566554292,0.0703174562230882,0.0965227387421539
"ENSG00000213762",0.172834841292485,4.63080168996798,3.30338986516672,0.0703223450116715,0.0965227387421539
"ENSG00000155974",-0.268459130864036,3.47919049137461,3.30045072986545,0.0704465502940507,0.0966859233887861
"ENSG00000018869",0.251330369600836,0.859454661858803,3.29963224769608,0.0704811806969306,0.0967261536645117
"ENSG00000205559",0.222720428454975,1.84448860548876,3.29706916428752,0.070589744798655,0.0968678344950911
"ENSG00000006451",-0.107968868698726,6.52858088850379,3.29670636497421,0.0706051263826101,0.0968816324893936
"ENSG00000172081",0.108653989638801,5.77443233344062,3.29426397397314,0.0707087703622672,0.0970165295223985
"ENSG00000106399",0.145009363358479,4.68054761909366,3.29306408398723,0.0707597482950331,0.0970791507875132
"ENSG00000162078",0.499352824181005,6.14784920465516,3.29024302479503,0.070879758530978,0.0972364646373079
"ENSG00000241343",-0.179286835784875,1.20658833104249,3.28855552502623,0.0709516510432251,0.0973277493909178
"ENSG00000010072",-0.128408815800591,4.41185515963938,3.28754050860422,0.0709949316168801,0.0973797749809815
"ENSG00000197406",-0.577228351662195,0.214068129652224,3.28709496962756,0.0710139385054627,0.0973985003798624
"ENSG00000163781",-0.132582916856108,6.35682016356849,3.28251508208321,0.0712096368317849,0.0976595441635125
"ENSG00000118363",0.158390653082729,5.74141040398446,3.28214345555415,0.0712255418935213,0.0976739920047776
"ENSG00000146205",0.363884918803234,1.87485270901929,3.27786283565904,0.0714090224372664,0.0979153531005579
"ENSG00000137509",0.171154075592924,7.04002833792428,3.27778616192107,0.071412313551732,0.0979153531005579
"ENSG00000167332",0.3522314947193,-1.37116727551902,3.27250405940495,0.0716394347294065,0.0982193606858469
"ENSG00000264538",0.159201282908744,3.10348003403308,3.26878963628048,0.0717996148483955,0.0984298318872308
"ENSG00000087258",0.491480418832179,2.58266947169525,3.26869334940761,0.0718037722388266,0.0984298318872308
"ENSG00000233476",-0.212736254357657,3.22219192361523,3.26791467947546,0.0718374025091945,0.0984685113299592
"ENSG00000165156",-0.165016921156237,6.17471180999747,3.26366660200542,0.072021173737457,0.0987129697013464
"ENSG00000188981",0.286203073950133,-1.41787937261278,3.26211136665041,0.0720885797453144,0.0987979118685689
"ENSG00000183023",0.231208577652559,3.489781980376,3.25981277224258,0.0721883285855868,0.0989271639778973
"ENSG00000188211",0.403907152621595,2.21173981723531,3.25869693599917,0.0722368046208293,0.0989861374552582
"ENSG00000167378",-0.130539138421054,5.33142801836637,3.25607969043838,0.0723506452473197,0.0991346644386206
"ENSG00000124191",-0.347922522376893,1.87260484654203,3.254822318008,0.0724054051728422,0.0992022229215559
"ENSG00000169093",0.176990778920809,4.40446524804937,3.25310175564567,0.0724804099906836,0.0992975065464411
"ENSG00000114745",0.10596395723226,5.6448969953449,3.24987336535372,0.0726213721758638,0.0994831300093855
"ENSG00000009413",-0.18525055133678,5.08798262111004,3.24866932124514,0.0726740204307339,0.0995477544505338
"ENSG00000285665",-0.206002238874504,-1.18443624265715,3.24811443661059,0.0726982972814811,0.0995735093723607
"ENSG00000267530",0.465093480957388,-0.145957346172292,3.24761715020635,0.0727200615782398,0.0995958192759809
"ENSG00000099338",0.310307040415841,1.98617206319208,3.24729164721122,0.0727343113889715,0.0996078349177482
"ENSG00000170903",-0.177292469516554,3.96328162709181,3.24614808083181,0.0727843981234904,0.099668922833161
"ENSG00000120053",-0.142462520402996,5.72704886104588,3.24559262400641,0.072808739846256,0.099694749704412
"ENSG00000171703",0.191668066784532,4.92556227073902,3.24301043863958,0.0729220140784794,0.0998423360478307
"ENSG00000144791",0.118932948765638,4.67789980979202,3.24110812808069,0.073005585513724,0.0999492351767867
"ENSG00000163380",-0.333283177744025,-0.60293097256546,3.24076804103967,0.0730205369507461,0.0999621801942022
"ENSG00000287566",0.57217404464254,1.16996064580648,3.23804015364009,0.0731405842354201,0.100118984426418
"ENSG00000230629",-0.244451557480414,-0.0613429847462031,3.23672181825841,0.0731986771125525,0.100190964729313
"ENSG00000235734",-0.186877912394474,-0.802063232334039,3.23589405474886,0.0732351782337489,0.100233382625888
"ENSG00000113360",-0.134603477563572,6.42520225239306,3.23467488829712,0.0732889744734131,0.100299463335022
"ENSG00000204252",-0.300126080177071,5.2528801995783,3.23449149602133,0.0732970704262126,0.100302995779998
"ENSG00000001631",-0.10941190488418,2.78195617542358,3.23173440607543,0.0734189001110806,0.100462154319917
"ENSG00000204634",0.188336623221875,5.40176710184428,3.23061872212589,0.0734682618239411,0.100522135413664
"ENSG00000184371",-0.261819717527382,6.00478800975448,3.23048178371061,0.0734743229209231,0.10052286635217
"ENSG00000181404",-0.177325143298151,2.1000339814474,3.22946320625663,0.0735194236129618,0.100577004638778
"ENSG00000149308",-0.144355914915047,4.76354740997662,3.22924760027989,0.0735289740722092,0.100582504544626
"ENSG00000222020",-0.297755403869798,-1.62207724789259,3.22551647752868,0.0736944598309225,0.100801296187472
"ENSG00000089356",-0.323757881649251,1.06452194087177,3.22033030504399,0.0739251494817446,0.101109235883138
"ENSG00000269896",0.239435898466743,0.962562200534776,3.21911732336373,0.0739792173944388,0.101175577559971
"ENSG00000178226",-0.183836678108476,1.43255710058585,3.2181417622657,0.0740227334177308,0.10122747935351
"ENSG00000168995",0.234718762005675,0.779125640382254,3.216391150172,0.074100890812287,0.101326742507622
"ENSG00000109381",0.0951174304426984,5.44586684579648,3.2157259973839,0.0741306104216971,0.101359761114857
"ENSG00000009335",-0.128280852017974,7.11451386242835,3.21528041762152,0.0741505265167166,0.10137937129114
"ENSG00000124459",0.138324289932452,4.0745941142203,3.21500050055894,0.074163040935632,0.101388859631485
"ENSG00000161920",-0.150290027889092,2.75483196815987,3.21183694309837,0.0743046346835017,0.10157479861883
"ENSG00000273284",0.228153954930281,-0.405794618418396,3.21004642896974,0.0743849034746705,0.101676884442906
"ENSG00000174844",0.382482943076259,0.0308769358331654,3.20853152408079,0.0744528898528819,0.101757023208865
"ENSG00000205339",0.154725453304081,7.96140580251467,3.20849074309595,0.0744547209623691,0.101757023208865
"ENSG00000072818",-0.289852915555755,3.59972215898439,3.20811040513035,0.0744718008835379,0.101772718797039
"ENSG00000214439",-0.203986059871343,-0.788866850849326,3.20766198052102,0.0744919438242626,0.101792597616506
"ENSG00000144589",-0.121810256887037,4.59688177671768,3.20624629900541,0.0745555739468885,0.101864398862603
"ENSG00000101843",-0.106198252720531,5.94419057222947,3.20624373292512,0.0745556893368687,0.101864398862603
"ENSG00000037897",0.139746860471322,4.16660567482007,3.20581687800062,0.0745748865823798,0.101875289918462
"ENSG00000157064",-0.525397708432245,2.41980332748411,3.20572097987827,0.0745792002104527,0.101875289918462
"ENSG00000246922",0.254554513108621,1.44217469210098,3.20569287779092,0.0745804643316649,0.101875289918462
"ENSG00000171055",-0.108515209342579,5.4303583889529,3.20450757642316,0.0746338040410259,0.10194049473552
"ENSG00000169184",0.293050817599724,3.28481825783854,3.20073713565949,0.0748037518065382,0.10216494990293
"ENSG00000167118",0.121199758091823,5.76546549751899,3.19603939313146,0.0750160818248011,0.102447251556501
"ENSG00000186660",0.118229420924379,6.66922836955039,3.19414751496693,0.075101775409987,0.102556580160436
"ENSG00000185972",-0.256205023554137,-0.846457224740671,3.19392573505971,0.0751118279698909,0.102562607140869
"ENSG00000163513",0.170920329207879,6.46043433321304,3.1903468499254,0.0752742484116703,0.102776670678737
"ENSG00000196747",0.515157869752832,1.38930185930526,3.18776673200923,0.075391577309553,0.102929140377282
"ENSG00000122507",0.126192560794342,4.05747147845385,3.18763163164376,0.0753977263399817,0.102929809102423
"ENSG00000267127",-0.27409077449152,-0.00076799267892767,3.18667023139739,0.0754414996852672,0.102981517561908
"ENSG00000104960",0.139416052930291,4.72767268676899,3.18655105654983,0.0754469277277562,0.102981517561908
"ENSG00000151726",-0.238133449659956,6.9153696804391,3.18616184089912,0.0754646582275636,0.10299798918227
"ENSG00000106246",-0.147961105161802,1.49794015649199,3.18387865515268,0.0755687582259605,0.103132330953235
"ENSG00000143756",0.144264388254503,6.41747110967672,3.18116150844642,0.0756928466800887,0.1032939297282
"ENSG00000065518",0.157294928009659,6.87761570576533,3.17978034911121,0.075756006815821,0.103372364916059
"ENSG00000146909",-0.110623694434905,4.85952419031681,3.17941676052712,0.0757726431211685,0.103387309308913
"ENSG00000124172",0.177608268648525,8.08646340195639,3.17925294119507,0.0757801401050749,0.10338978232924
"ENSG00000177731",-0.141705185117091,7.29144665466303,3.176271124497,0.0759167394192947,0.103568381079968
"ENSG00000129158",-0.164787698992806,3.58168276975469,3.17108464647891,0.0761549707359701,0.103885592720755
"ENSG00000144451",0.281750410488807,3.90595679949117,3.17089948803408,0.0761634905812622,0.103889423030748
"ENSG00000105655",0.256620386693067,6.08589867679162,3.16988765156822,0.0762100672439202,0.103945159582484
"ENSG00000135842",0.31238615181776,6.56494579646339,3.16960354785063,0.0762231505904501,0.103955208678697
"ENSG00000211956",-0.5026892888005,3.82065180515536,3.16590954758008,0.0763934854459695,0.104179704078226
"ENSG00000162378",-0.118830911447234,5.66428338461197,3.16254039591582,0.0765492001919298,0.104384229501486
"ENSG00000179397",0.223262794908293,0.0252308064504166,3.16181319221207,0.0765828549725789,0.104422292993573
"ENSG00000275202",-0.192760260460398,0.285192145217742,3.16156719401021,0.07659424332239,0.104428983292919
"ENSG00000185825",-0.146447452695743,8.30722811028541,3.16145916826928,0.0765992448928319,0.104428983292919
"ENSG00000160255",-0.232018618736869,6.84927115277187,3.16114394825327,0.076613841537099,0.104441054555296
"ENSG00000144554",-0.15515119196481,4.8967121791578,3.16052217249846,0.0766426424384288,0.104472485997912
"ENSG00000182993",0.304830957578258,2.09531031791212,3.16037474190207,0.0766494732003442,0.104473967218814
"ENSG00000250305",-0.401137964885736,1.72197606308569,3.15613623787665,0.0768461337199571,0.10473416860986
"ENSG00000205181",0.358542407194499,2.47533352097343,3.15428832035586,0.0769320452842881,0.104843401740644
"ENSG00000114270",-0.335041450201848,3.87461487849652,3.15269317181017,0.0770062889412641,0.104936718608205
"ENSG00000153044",-0.153387145479853,3.82044786908627,3.15175139434871,0.0770501588759893,0.104988634225089
"ENSG00000145041",0.110260277536503,5.70962367619676,3.14987746326479,0.0771375309161398,0.105099813641677
"ENSG00000254827",0.262287561961415,0.342165952263927,3.14797188565046,0.0772264884399484,0.105213136460358
"ENSG00000167881",0.11798316868807,7.02582369826087,3.14701796228615,0.077271061862214,0.10526597806531
"ENSG00000127903",0.395277378372985,0.743806338297264,3.14651974798411,0.077294352700264,0.105289820769353
"ENSG00000270647",0.146812061757507,7.08907965267413,3.14465190548335,0.0773817394512778,0.105400964363053
"ENSG00000162073",0.191691062752985,4.31737555462563,3.14223850895855,0.0774948082545273,0.105547069981529
"ENSG00000113594",-0.334340510436665,5.05252544276744,3.14196792027432,0.0775074966113751,0.105556446901362
"ENSG00000035720",-0.409624740341377,0.806686626717533,3.13855756719154,0.0776676067135971,0.105766579133491
"ENSG00000204623",-0.196216714228201,2.57468584932534,3.13736576749387,0.077723644018397,0.105834965741305
"ENSG00000164967",-0.173232925461105,4.31737408281322,3.13588700860662,0.0777932347322576,0.105921796175348
"ENSG00000110002",0.272316430367954,4.78088837674055,3.13462279781755,0.0778527822557836,0.105994940015584
"ENSG00000227063",0.204131626867608,3.81210526071631,3.13309555278374,0.0779247851870804,0.106085029414867
"ENSG00000196812",-0.155315788347393,2.69365104052835,3.13171523349619,0.0779899232464623,0.106165760347778
"ENSG00000196715",-0.112633411609968,6.55263711364428,3.1280098088256,0.0781650761236885,0.106395546556746
"ENSG00000123342",0.192904369650879,3.4822145738208,3.12789679433703,0.0781704249306025,0.106395546556746
"ENSG00000165355",0.114613790257852,3.99939228763061,3.12766391328614,0.078181448092813,0.106402587392404
"ENSG00000119013",-0.124858035835114,5.26023295873106,3.12710438091171,0.0782079398091238,0.106430677833771
"ENSG00000121578",-0.13298442699415,4.87452453684752,3.12474387061958,0.078319808001631,0.106574941488378
"ENSG00000162129",-0.149774818561333,5.11390446776636,3.12413147104212,0.0783488588579935,0.106604468098965
"ENSG00000173402",-0.144107082678077,7.82523240195851,3.12403936802376,0.0783532290272134,0.106604468098965
"ENSG00000180370",0.122262224265149,7.5431201111322,3.1203618342763,0.0785279391656638,0.106834180383357
"ENSG00000077721",-0.105422130604571,6.43995771936367,3.11952291367709,0.0785678531976526,0.106880487207098
"ENSG00000288558",0.176064474843566,2.45226397314439,3.11879532227287,0.0786024882217041,0.106919606295442
"ENSG00000159335",-0.203648732487546,8.39220969822645,3.11774592931821,0.0786524708720019,0.106979594691891
"ENSG00000132514",-0.400425219216457,2.06682117578335,3.11538947108932,0.0787648346317747,0.107124415784246
"ENSG00000204934",-0.235450818835341,1.35931369359763,3.11435150704253,0.0788143833663894,0.107183789791229
"ENSG00000237489",0.211127610324749,1.47697878269264,3.10912086016765,0.0790645903802207,0.107508472081259
"ENSG00000189129",-0.325217421550397,1.48793508012034,3.10911334140837,0.0790649506575168,0.107508472081259
"ENSG00000158290",-0.10938754223284,6.82486170411738,3.10054458115265,0.0794766996373395,0.108060268595644
"ENSG00000275183",0.243254326068352,2.12132864469816,3.0989295287814,0.0795545666546058,0.108158054889667
"ENSG00000278982",-0.318352780903295,-0.722940619588048,3.09596724636733,0.079697603106713,0.108344420756775
"ENSG00000113838",-0.118025061764151,3.94473770089347,3.09513317768296,0.0797379271366722,0.108391137426143
"ENSG00000257815",-0.184368644662889,0.634191711546527,3.09273303587524,0.0798540882586354,0.10854092797609
"ENSG00000096070",0.146058931328397,6.24452781177958,3.09235987343769,0.0798721649004761,0.108557385682996
"ENSG00000149451",0.349012802405987,1.25411422883266,3.0913046494815,0.0799233058105355,0.108618776513638
"ENSG00000273559",0.203590532588241,4.8487105357186,3.09034808304185,0.0799696960106687,0.108673702259567
"ENSG00000203883",-0.235596823542199,2.86040612906991,3.09008977660113,0.0799822279948498,0.108682612085942
"ENSG00000240291",-0.261928151220819,0.271513695597174,3.08891731025099,0.0800391380951418,0.108751818592144
"ENSG00000128534",-0.125928274937392,5.66368027093492,3.08633265282715,0.08016474938233,0.108914354356153
"ENSG00000165115",0.149283390285689,2.59846099632695,3.08588186330686,0.0801866791017264,0.108936011316268
"ENSG00000163939",0.137976424599665,6.37662896392848,3.08507561426965,0.0802259172110273,0.108981177252533
"ENSG00000170364",-0.139907848241522,4.63644030852971,3.08291651170285,0.0803310978674573,0.109115907992032
"ENSG00000137812",-0.189328323605,4.63594696987044,3.08243488352324,0.0803545807722773,0.109139654625209
"ENSG00000145569",0.241701252032316,4.09271268327361,3.08201596483326,0.080375012183455,0.109159253404471
"ENSG00000164587",-0.170355004631063,9.19332833916225,3.08069416259834,0.0804395157764606,0.109238700286886
"ENSG00000167996",-0.219021874082397,5.87939954265332,3.08017659007073,0.0804647884699741,0.109264862826033
"ENSG00000110799",0.182615837757156,7.07742557285359,3.07961338111111,0.0804922993419488,0.109294060502528
"ENSG00000118263",-0.197401402588363,5.08407264257547,3.07870118599065,0.0805368786634644,0.109346427973357
"ENSG00000177464",-0.160831690422244,2.96399432793401,3.07810823018521,0.0805658709988871,0.10937762646322
"ENSG00000153310",0.141241684164172,7.0452506526527,3.07685671408955,0.0806271005423293,0.109452582823099
"ENSG00000225137",0.171791319907135,-0.942233612182322,3.0734916236468,0.0807919856808373,0.10966823162647
"ENSG00000256238",-0.286600571794793,-1.09314040004335,3.07160364924086,0.0808846541670446,0.10978582761121
"ENSG00000118454",0.107915966372038,5.00284151384072,3.06928379803088,0.0809986786234187,0.109932390627769
"ENSG00000177943",0.259867436637652,1.81291952648958,3.06810790385835,0.0810565423236005,0.110002715399317
"ENSG00000186174",-0.178221296013831,6.04435680695076,3.06548114881232,0.0811859624137024,0.11017013238681
"ENSG00000254389",0.228693590226207,2.89596493655219,3.06409873844025,0.0812541637392516,0.110254105605797
"ENSG00000141295",0.223548165938167,4.33576571515849,3.06398116055384,0.0812599673216246,0.110254105605797
"ENSG00000271147",-0.15940393635041,1.87741067931075,3.05641722174839,0.0816342663170233,0.110753695045056
"ENSG00000077454",0.119966052922967,3.25694936842755,3.05590490539377,0.081659685694146,0.110779918207289
"ENSG00000241945",-0.47345612228324,1.47353786942798,3.05477743403203,0.0817156572115973,0.110847581545684
"ENSG00000104903",-0.215657707341712,1.77631709330291,3.05306023695519,0.0818009847467945,0.110955053365255
"ENSG00000232629",-0.356992842869031,4.29491393057369,3.0517637984501,0.0818654688568413,0.111029384291494
"ENSG00000127952",0.143245430301569,5.21428750857909,3.05171305593523,0.0818679938824071,0.111029384291494
"ENSG00000185917",-0.104481728799985,4.00610338358376,3.05029014463864,0.0819388345733215,0.111115267530722
"ENSG00000272888",-0.154498048178661,4.77138475495387,3.05019570282379,0.0819435387832401,0.111115267530722
"ENSG00000119411",-0.235858650950312,5.69173209599224,3.04878681474815,0.0820137512627913,0.111202184879055
"ENSG00000258311",-0.233513338055617,-1.56371001994288,3.04777495351557,0.0820642180540635,0.111262318148886
"ENSG00000133107",-0.243763322295976,-0.42893915673471,3.04513531670587,0.082196029262691,0.111432720649212
"ENSG00000134255",0.1384159748269,4.89291323415052,3.0443675635485,0.0822344104303306,0.111476444578285
"ENSG00000244575",-0.566001573801298,3.61269012015914,3.04106880246768,0.0823995421743038,0.111691971461189
"ENSG00000218537",-0.321626763711295,-0.89595668226466,3.03877565716552,0.0825145462259662,0.111839523567917
"ENSG00000197245",-0.197249035293912,0.624854522549523,3.03664217848769,0.0826216993422108,0.111976413385703
"ENSG00000099968",0.124330673831346,6.21759195097359,3.03298722043059,0.0828056195406136,0.112217316757669
"ENSG00000091656",-0.370669670854282,3.92512394185777,3.03181698815212,0.0828646004424808,0.112288880408869
"ENSG00000047849",-0.106943525940278,8.27742928681856,3.02781610178792,0.0830665941754709,0.112554214025439
"ENSG00000011243",0.113788595812134,4.91654002095502,3.02430811796332,0.083244142782855,0.112786387733505
"ENSG00000279204",-0.276530655913202,-1.53079178140637,3.02253018768662,0.0833342860789051,0.112900111374535
"ENSG00000114646",-0.322877186346518,1.59410838046072,3.02146345694009,0.083388421571314,0.112965038845453
"ENSG00000157500",0.133860679959353,6.33530471421535,3.01620533906311,0.0836558246922737,0.113318845572583
"ENSG00000272316",-0.201536029740626,0.179539604932033,3.01577232470986,0.0836778872575964,0.113340289949446
"ENSG00000087086",-0.151185255962118,10.9100308372955,3.01512593080836,0.0837108335160396,0.113373133664464
"ENSG00000275700",0.129353926379937,6.15286385899953,3.0150520078657,0.0837146022165028,0.113373133664464
"ENSG00000170209",0.32776414745456,-0.77416286173593,3.01357119852404,0.0837901349156906,0.113466977428827
"ENSG00000128513",0.129702097389801,5.14947129348204,3.0128753565586,0.0838256538020639,0.113506625323998
"ENSG00000172765",0.116819783103484,5.8820008476053,3.01013666996512,0.0839656076598597,0.113687670075004
"ENSG00000128340",-0.252910674200066,5.47308042157441,3.00893595014861,0.0840270475719618,0.113762389551797
"ENSG00000122861",0.235325303822224,6.22833735550724,3.00525128364838,0.0842158944354894,0.114003361313116
"ENSG00000184743",0.125131244722744,7.25100437081903,3.00511807115701,0.0842227304909391,0.114003361313116
"ENSG00000225830",-0.138532238549387,4.81580785887774,3.00509649006295,0.0842238380231111,0.114003361313116
"ENSG00000164332",-0.117650511530187,4.91779961953107,3.00289655289798,0.084336820943612,0.114147797240841
"ENSG00000184205",0.155093658177982,4.56102548964547,3.00273186143731,0.0843452856863407,0.114150759436205
"ENSG00000286132",0.235928618217544,-0.347908430091316,3.00002951968612,0.0844843115340352,0.11433040611466
"ENSG00000173517",-0.150752924874633,5.71534805066248,2.99923868486415,0.0845250442812954,0.11437701847989
"ENSG00000132199",0.152342684348104,4.98788516407572,2.99835845724981,0.0845704064089167,0.114429887796859
"ENSG00000145779",-0.195456027390317,4.57916128226389,2.99727831871418,0.0846261070326386,0.114496736941875
"ENSG00000118197",0.11541749631423,4.96234752356754,2.99516329551275,0.0847352902062565,0.114635931141877
"ENSG00000054118",0.0682525878170014,7.6410859900795,2.99487522977023,0.0847501727827774,0.114647537565873
"ENSG00000177700",0.200535516092475,6.31100510741606,2.9932176565414,0.0848358646088286,0.114754923806736
"ENSG00000148688",-0.104606266858674,4.70715426681676,2.9920047749434,0.0848986268451487,0.114831280215629
"ENSG00000174437",0.113213286667878,8.46633209555982,2.99132649905751,0.0849337471860518,0.114870240468464
"ENSG00000116771",-0.240690390267872,1.93739045075381,2.99038237999905,0.0849826588883825,0.114927845926233
"ENSG00000101003",-0.171390361723945,5.05849248966209,2.98978953929307,0.0850133876741351,0.11495959585879
"ENSG00000137817",-0.141348135826432,5.59548424361425,2.98968558047239,0.0850187774299858,0.11495959585879
"ENSG00000189171",-0.204595777340389,3.99477913100204,2.98887417114755,0.0850608578052469,0.115007945417918
"ENSG00000131979",0.201773635226552,4.51076104657509,2.98817138711258,0.0850973230909747,0.115048696378402
"ENSG00000111801",-0.213734624374244,5.0601818156206,2.98726906064377,0.08514416695072,0.115103471718425
"ENSG00000143420",0.137957057236502,8.22574281617237,2.98656136327692,0.0851809263591874,0.115144034152415
"ENSG00000109099",0.2410144254513,6.8240396995373,2.98644767353015,0.0851868332722069,0.115144034152415
"ENSG00000121988",0.129568695011011,3.00008298693396,2.98376704508065,0.0853262383538963,0.115323892634366
"ENSG00000204991",-0.229479742694661,3.83025216641612,2.97929348604233,0.0855594371821334,0.115630483241837
"ENSG00000064655",-0.360956160863725,4.7669283282699,2.97569230778157,0.0857476641737609,0.115876254996089
"ENSG00000005249",0.296286915543341,5.68625345891867,2.97469896369437,0.085799663710148,0.115937911111454
"ENSG00000196123",-0.159161074974764,3.54120176047004,2.97361521565303,0.0858564348578902,0.116006005289006
"ENSG00000236104",-0.127575648457691,4.62890809091769,2.97311707205482,0.0858825433670934,0.116032662216661
"ENSG00000177595",0.180039852529049,3.95370043534965,2.97087543561306,0.0860001381298261,0.116182909626775
"ENSG00000179091",-0.200950929682576,7.4440447964217,2.97000999977327,0.0860455852031023,0.116235673178403
"ENSG00000158301",-0.200761913787944,3.21362679176529,2.96933341028675,0.0860811334992037,0.116271519739711
"ENSG00000135318",-0.254073801946106,4.55870293938791,2.96926161110521,0.0860849067965114,0.116271519739711
"ENSG00000220785",-0.235648968969258,1.77129518795851,2.96778088002763,0.0861627645349205,0.116368037525888
"ENSG00000165983",0.182973223770826,4.75562371033088,2.96662669010382,0.0862235057025684,0.116441425729011
"ENSG00000198576",0.52256490494897,1.18910226226851,2.96620765930074,0.0862455694290642,0.116462574562018
"ENSG00000260095",0.219021460442981,-1.15433391868607,2.96537943537476,0.0862891969690463,0.116512837006163
"ENSG00000142185",-0.227750643712356,4.42652129312074,2.96341483380334,0.0863927804803461,0.116640431930571
"ENSG00000115310",0.115453180995351,8.45597986031968,2.96324034007423,0.0864019871965262,0.116640431930571
"ENSG00000120896",-0.174777236347621,6.08641839820893,2.96317851251008,0.0864052496264162,0.116640431930571
"ENSG00000017427",0.311348451036636,0.683046521937153,2.96310088959118,0.0864093457132459,0.116640431930571
"ENSG00000230521",0.317323512028497,-1.15281197637195,2.95911332252478,0.0866200504586525,0.116916176455805
"ENSG00000243264",-0.734197680183109,2.60608839812574,2.95549907735474,0.0868115121262135,0.117165908470731
"ENSG00000092051",-0.331505604770649,-0.326598913964174,2.95175256643209,0.0870104670604772,0.117423799075265
"ENSG00000221890",-0.366058922639501,5.10136470925881,2.95165786078712,0.0870155027455695,0.117423799075265
"ENSG00000184923",0.306806467556553,-1.16238522425968,2.95094632852726,0.0870533464657566,0.117466152201141
"ENSG00000172531",0.148823659884382,7.41663629237419,2.94868512529539,0.0871737304056102,0.117619867108104
"ENSG00000164647",0.303500787732058,3.42283272692409,2.94834807494611,0.0871916901145863,0.117635372732297
"ENSG00000110446",-0.219549144240414,5.33876316591178,2.94610120131666,0.0873115176925312,0.117788301720202
"ENSG00000265458",0.195909741453315,0.810701070541185,2.94565712734472,0.0873352217397414,0.117811541422711
"ENSG00000101844",0.120560386400402,4.14716210946048,2.94483291900858,0.0873792354108213,0.117862172474935
"ENSG00000237310",-0.216829877068474,0.750912505528327,2.94329324411773,0.0874615205664168,0.117964414984204
"ENSG00000168802",0.218920793619094,-1.28676540945041,2.94130747278059,0.0875677712251358,0.118098963595045
"ENSG00000136824",-0.169710859756639,5.86408183004467,2.94103795629278,0.0875822028070301,0.118109668914826
"ENSG00000272696",-0.210823029499817,-1.48076150878126,2.93976949600859,0.0876501588346856,0.118192548108338
"ENSG00000110987",-0.15354345605495,5.1026223165732,2.93842357545857,0.0877223275194197,0.118281095182979
"ENSG00000257433",-0.177670025578605,-1.35152346654131,2.93811188858692,0.0877390494998041,0.118294872668824
"ENSG00000173611",0.144536849936673,3.92066660507922,2.93704433764778,0.0877963498662942,0.118363354189323
"ENSG00000104361",0.209008321005543,5.44612663902673,2.93659547656588,0.0878204544804417,0.118387075755283
"ENSG00000143862",-0.127849747953958,6.3051509594994,2.93495275915095,0.0879087327524934,0.118497297213544
"ENSG00000140391",0.162937072674213,7.2664809695577,2.9337289747929,0.0879745607669203,0.118577242569197
"ENSG00000138378",-0.275837392268505,1.7599481373567,2.9317003556091,0.0880837996465707,0.118715187071649
"ENSG00000258227",-0.320843948106372,2.90815360066159,2.9315860648577,0.0880899584736629,0.118715187071649
"ENSG00000178573",-0.1807881772141,5.13537821421777,2.93072837973654,0.0881361918424508,0.11876869357861
"ENSG00000198799",-0.11362259488416,4.66688905865998,2.92957730433982,0.088198281935322,0.118839270301572
"ENSG00000174720",0.0977739325087551,5.21619309683859,2.92951519580561,0.0882016334836661,0.118839270301572
"ENSG00000160323",0.24132218561623,2.00688775845234,2.9278833350729,0.0882897429653299,0.118949173707661
"ENSG00000224877",-0.19214239668972,4.329226916043,2.92685357651341,0.088345392360053,0.119015331919461
"ENSG00000137040",-0.152130064414978,5.17156301659487,2.92629099417176,0.0883758111386969,0.1190474931855
"ENSG00000251211",-0.221506075252073,-1.46519042099625,2.92610148785987,0.088386060299287,0.119052482020546
"ENSG00000100911",0.186967233542635,7.23024536415538,2.92540395895789,0.088423796252708,0.119094490983727
"ENSG00000145016",0.156921111811869,4.09274201318993,2.92310943815076,0.0885480526150882,0.119253015991353
"ENSG00000131373",0.130236257300208,4.03736288147593,2.92103713976513,0.0886604384718575,0.119395531980316
"ENSG00000124181",-0.125886656775787,6.5517753586885,2.92001244493959,0.0887160676586468,0.119461600546048
"ENSG00000234290",0.280485606500231,0.718877740717745,2.91777301586086,0.0888377755204767,0.119616631712054
"ENSG00000109390",0.133446106960022,5.28406729358032,2.91697043854425,0.0888814380753311,0.119666562714792
"ENSG00000169967",0.122523743752677,6.39357252545147,2.91677144818833,0.0888922673530607,0.119672284131567
"ENSG00000151276",0.192116293859816,5.38252617559132,2.91641806073119,0.0889115026404887,0.119689320555489
"ENSG00000085224",0.156037349890577,6.79402639519488,2.91565305946246,0.0889531580935754,0.119736533407782
"ENSG00000103522",-0.287412746105698,2.67753410194605,2.9148204558627,0.0889985187824517,0.11978872638313
"ENSG00000083123",0.152748861985309,4.41431096882253,2.91131172748692,0.0891899535348333,0.120037507391709
"ENSG00000198087",0.16358040891261,6.77333052763338,2.90969326324301,0.0892784075891663,0.120147663872124
"ENSG00000214212",-0.262807285978221,1.28315091111005,2.90823507709392,0.0893581838994437,0.120246126721151
"ENSG00000100483",0.117600320627882,2.88323169455284,2.90676189707934,0.0894388594846683,0.120345391035692
"ENSG00000113504",-0.176329650742418,6.87531253426467,2.90664647988127,0.0894451834187641,0.120345391035692
"ENSG00000245812",-0.260602242710237,-1.52558665285067,2.90622204549588,0.089468443204661,0.120367782010975
"ENSG00000070614",0.133261101240492,7.29742697887797,2.90598867400367,0.0894812352036312,0.120376087713287
"ENSG00000099381",-0.09486464607904,5.60828362308581,2.90357258382995,0.0896137878272235,0.120545490200543
"ENSG00000165434",-0.241598005544384,4.82947285755516,2.90340338857011,0.0896230783163948,0.120549071765907
"ENSG00000188021",-0.102600351118393,6.20831276305687,2.90157233570869,0.0897236884368849,0.120675474768177
"ENSG00000149489",0.208689139833244,1.67658678197507,2.89975466044591,0.0898236854021801,0.120801034464275
"ENSG00000164291",0.150409254242699,2.7685208408288,2.89892020704933,0.0898696324580569,0.120853890953578
"ENSG00000167483",-0.516876159477834,0.610390815921002,2.8983426254753,0.0899014505389853,0.120887740825304
"ENSG00000164088",0.132112831274106,4.31467626600246,2.89778953122979,0.089931931173022,0.120919787401118
"ENSG00000142327",-0.134325884302103,6.16722236631814,2.89760945378299,0.0899418575475991,0.120924194638951
"ENSG00000198736",0.181406100124716,5.12777317794108,2.8956170547434,0.0900517640106727,0.121063011591848
"ENSG00000185340",-0.188837671826461,5.26466877215351,2.89404283154364,0.0901387063453394,0.12117093799032
"ENSG00000130304",0.156943584257706,4.77435986099953,2.89028553587471,0.0903465874880781,0.121441411073325
"ENSG00000127054",-0.128455100575168,6.24902198482204,2.88884052615601,0.0904266752979337,0.121540080573368
"ENSG00000279148",0.185197473346656,-0.842637287634521,2.88807960146363,0.0904688797192485,0.121587821202519
"ENSG00000205869",0.31080238555519,-0.65563758431512,2.88739436968273,0.0905069042609407,0.121629937542337
"ENSG00000106025",-0.330163064422652,4.03062178377335,2.88706331770303,0.0905252810832819,0.121645645536958
"ENSG00000033327",-0.24411907239887,5.68079544333285,2.88644804131314,0.0905594461329613,0.121673782289398
"ENSG00000102580",0.155515421181503,7.05436973884409,2.88644528471205,0.090559599233098,0.121673782289398
"ENSG00000248489",0.23945206321185,-0.869085931531971,2.88445988360933,0.0906699407665378,0.121813036095567
"ENSG00000180015",0.305410215858658,-1.30734272644223,2.88337872018798,0.0907300897074241,0.121884841686877
"ENSG00000160957",-0.223378766520593,5.22577887167844,2.88284081789914,0.0907600313401668,0.121916059823852
"ENSG00000259366",0.24473617792479,0.382942179598734,2.87829213012178,0.0910136599497679,0.12224772521722
"ENSG00000167543",0.185143843923963,4.84002100302608,2.87768396199039,0.091047629188967,0.12228432134758
"ENSG00000111837",0.295421863455079,0.797029528469167,2.87749195042616,0.0910583568729767,0.122289699092203
"ENSG00000225234",0.198966042113551,-0.129943116255105,2.87684404674903,0.091094565432729,0.122329293863739
"ENSG00000135900",0.101988454981439,4.88743064718354,2.87477267802865,0.0912104308863848,0.122475844736919
"ENSG00000108001",-0.280990430340903,1.49939080583037,2.87349621700364,0.0912819120041521,0.122562779826629
"ENSG00000204428",0.213716238395747,0.987756423933369,2.87171373285779,0.0913818325358597,0.122687884414425
"ENSG00000102466",0.352811226264977,0.536215862702599,2.87033380225477,0.0914592692102135,0.122782786270694
"ENSG00000181004",0.162453668778669,2.63815357520305,2.86979804209296,0.0914893534316599,0.122814108806187
"ENSG00000159256",0.116508582951753,5.34614366717808,2.86939563802434,0.0915119564964034,0.122835384852885
"ENSG00000043093",-0.107786272642541,5.73149675952492,2.86827496717278,0.0915749368133551,0.122910851653849
"ENSG00000113580",0.193585329378775,5.8574700094283,2.86276182011965,0.091885459125816,0.123318530886979
"ENSG00000259495",0.403355121171027,2.73256102838279,2.86262767995398,0.0918930287538872,0.123319590273423
"ENSG00000081665",0.176983060706473,4.49382839268089,2.86236292497458,0.0919079710714905,0.12333054285438
"ENSG00000230076",-0.651225977082407,2.00141137956745,2.86188864265647,0.0919347453914911,0.123357369913717
"ENSG00000223572",-0.42561205240925,2.67309323543301,2.86089810937952,0.0919906907483102,0.123416344096224
"ENSG00000244486",-0.270636794102584,3.1817612434263,2.86087018674208,0.0919922683589462,0.123416344096224
"ENSG00000094841",0.110420728297021,4.02928781754814,2.85782638558357,0.092164418521659,0.123638179972852
"ENSG00000106976",0.25445051351138,4.22814412147009,2.85756334724936,0.0921793118630148,0.123649039321817
"ENSG00000287672",-0.249377472043319,-0.327111395753325,2.85622261940954,0.0922552653195752,0.123741796875548
"ENSG00000213722",-0.186632047633535,6.41912386718704,2.85345235991656,0.0924124198166266,0.1239434475057
"ENSG00000268573",0.223318525484716,0.767014526297316,2.85199919638586,0.0924949735474765,0.124045021300804
"ENSG00000125945",-0.131493054505297,5.4817675568701,2.84817948490632,0.092712354762322,0.124327383942868
"ENSG00000130222",0.281213385921119,2.89331476532622,2.84693985782684,0.0927830223942099,0.124412976356966
"ENSG00000128394",-0.233642732404149,3.51310262079005,2.84663039699939,0.0928006730643288,0.124427470821527
"ENSG00000225470",-0.291816896524748,1.00794117396195,2.84595722622727,0.0928390812831083,0.124469792892317
"ENSG00000134077",0.109727355358287,5.4409676219081,2.84255333595899,0.0930335588938162,0.124721336268941
"ENSG00000177084",-0.133112110504665,6.10774433053581,2.84176738931456,0.0930785263831084,0.124772423191036
"ENSG00000268947",0.253787123986826,-0.455908337927192,2.84133562889662,0.0931032394233908,0.124796353351952
"ENSG00000186111",0.112451905631761,6.00305061718511,2.83871290133093,0.0932535129857848,0.124988569947344
"ENSG00000103494",0.140090280871323,4.0794747782444,2.83745204685681,0.0933258501455014,0.125076307011007
"ENSG00000075711",-0.116214333412528,6.51117697798404,2.83647251494518,0.0933820897545684,0.125142458624822
"ENSG00000285752",0.173693800520727,-1.09839914510463,2.8345092191407,0.0934949235870416,0.125284437501003
"ENSG00000124780",-0.497132175200446,0.28831836956986,2.83438603012863,0.0935020084320636,0.125284700851803
"ENSG00000259711",-0.285887032002263,-0.797395580107014,2.83412424172102,0.093517066353933,0.125292089099701
"ENSG00000152409",0.148882503206062,5.03216753661978,2.83405064893792,0.0935212998470169,0.125292089099701
"ENSG00000065243",-0.128413176997049,6.0758767941433,2.8333412039189,0.0935621220824134,0.125337547060097
"ENSG00000196456",-0.208868164886358,1.63707529877298,2.83309476374436,0.0935763070781306,0.125347317214394
"ENSG00000235649",0.338733951775681,0.82352070659351,2.83170106250535,0.0936565722361114,0.125445595097606
"ENSG00000164283",-0.272083959172614,3.62100245670304,2.8310937715989,0.0936915705043374,0.12548323154145
"ENSG00000100949",0.11749895385418,4.74225692161472,2.83091900422901,0.0937016450255938,0.125487483964767
"ENSG00000163623",0.464857408810015,1.01198790317879,2.82975110878195,0.0937689991627166,0.125553623549851
"ENSG00000131013",-0.116913238576432,5.12546226754614,2.82972995701195,0.0937702195026006,0.125553623549851
"ENSG00000279926",-0.250785114358515,-0.374781371311436,2.82970358865994,0.0937717408346807,0.125553623549851
"ENSG00000160972",-0.223146796387034,4.69050072265475,2.82944114183034,0.0937868842761006,0.125555945957955
"ENSG00000105404",-0.201002667005723,2.95914085565534,2.82943425268995,0.0937872818223433,0.125555945957955
"ENSG00000159216",0.158725700348492,7.36499964103315,2.82838098402257,0.09384808366758,0.125628096396993
"ENSG00000170270",0.128131335523535,3.65393354535017,2.82549430105631,0.0940149438569572,0.12584219891598
"ENSG00000164047",0.550645363662375,0.806958214840579,2.81963886923113,0.0943544058920702,0.126287286361393
"ENSG00000091140",-0.119715814311727,6.66223217054645,2.81897336063123,0.0943930728111635,0.126329743067656
"ENSG00000011485",-0.101450635382615,5.96779503043042,2.81831947537404,0.0944310812901797,0.126371312376263
"ENSG00000104522",-0.191526058645279,7.03985281870922,2.8179209905892,0.0944542522846112,0.126393020935293
"ENSG00000273802",0.382746731714072,3.7670174710648,2.81753755541035,0.0944765540530913,0.126413563239728
"ENSG00000172977",0.107614223989996,3.33683707433931,2.81667531863889,0.0945267254486587,0.126471390500236
"ENSG00000197746",0.14387410454254,10.9009116295502,2.81630959057027,0.0945480150552374,0.126490569902513
"ENSG00000174446",0.114293423082139,4.18013356308876,2.81539128368769,0.094601494281366,0.126552808031001
"ENSG00000187955",0.3209318234529,5.87216268030239,2.81396803595625,0.0946844450689988,0.126654459580419
"ENSG00000164440",0.357077020123113,2.65905327048622,2.8114774241163,0.0948297964125053,0.126839560019903
"ENSG00000113384",-0.12936560917752,7.50414167840594,2.81117998601759,0.0948471711298802,0.126853470733897
"ENSG00000103707",-0.106078403043153,3.3154609804937,2.81025150448043,0.0949014303991406,0.126916707066145
"ENSG00000211772",-0.355858637532087,4.3683122347048,2.80858648335714,0.0949988172291352,0.127037606629182
"ENSG00000137275",0.094170396994609,5.7461950706216,2.80722576056816,0.0950784869481273,0.127134797868883
"ENSG00000082701",0.109794965934587,6.75482433614479,2.80113328120147,0.095436097156707,0.127603597374563
"ENSG00000196187",-0.171998706887798,6.59000783700047,2.80043399900514,0.0954772370624801,0.127649219912701
"ENSG00000161217",0.0957252031521353,6.28492928844259,2.79902733144572,0.0955600524424586,0.1277505500789
"ENSG00000198026",0.0952146725410385,4.9985249113489,2.79878842991107,0.0955741252153525,0.127759972763254
"ENSG00000184887",-0.128210466639252,5.7090500303033,2.7975667529088,0.0956461250136695,0.12784682308728
"ENSG00000144655",0.143444762945312,4.78108234986031,2.79537128063539,0.0957756650161098,0.128010566968916
"ENSG00000100767",-0.251785117343878,3.27545630302187,2.79524658162755,0.0957830284286687,0.128011001621032
"ENSG00000197136",-0.113199530792891,6.54301822689785,2.79509981692946,0.0957916956034033,0.128012941345671
"ENSG00000126461",-0.137972726854083,6.29459269392247,2.79498364986765,0.0957985564468842,0.128012941345671
"ENSG00000136930",-0.122087797105793,7.03606057212134,2.79343687382106,0.0958899605846825,0.128125668756553
"ENSG00000204950",0.412986934016407,1.88201642334626,2.79289054850177,0.095922267592127,0.128159421359407
"ENSG00000213700",0.233225081652726,-0.123628842415765,2.79135784654954,0.0960129677629832,0.128271180966148
"ENSG00000149090",-0.25155728666944,1.90426133595789,2.78795541821021,0.0962146480846897,0.12853118026914
"ENSG00000014914",-0.250209969272568,4.43832554151185,2.78595101667931,0.0963336770491877,0.128680737233448
"ENSG00000171109",-0.122245312564877,6.14155932847078,2.7840992107098,0.0964437877275867,0.128818360225406
"ENSG00000128050",-0.1420467944603,7.94794732130974,2.78370601139038,0.0964671855945945,0.128840150653142
"ENSG00000259207",-0.287550041733355,2.97853309218733,2.78317843515243,0.096498589519168,0.128872629868171
"ENSG00000229956",0.212540377427829,-0.0887858711711238,2.78210159252941,0.09656272325193,0.12894881134406
"ENSG00000055813",0.407487110424101,-0.842140120904265,2.77935126932511,0.0967267369359514,0.129155779681434
"ENSG00000266896",0.194650498760986,-1.10469937435,2.77926455843237,0.0967319128447598,0.129155779681434
"ENSG00000272908",0.222269747388553,-0.744601574606473,2.77836914524059,0.0967853792165646,0.129217681655353
"ENSG00000105516",0.18044983874175,3.61065462911694,2.77601551835958,0.0969260721136081,0.129396021697174
"ENSG00000223756",-0.272296554584264,0.0514668615511307,2.77481169261303,0.0969981199304272,0.129482701306026
"ENSG00000243696",0.241736684477666,-1.0230564531408,2.77395188235178,0.0970496146927005,0.129541933952065
"ENSG00000180353",-0.208373964500662,5.55570628198958,2.77334417523408,0.0970860288628743,0.129575995061251
"ENSG00000048140",0.138392088653008,5.6476601344517,2.77328824566093,0.0970893809486875,0.129575995061251
"ENSG00000107186",-0.192233552684457,5.36950227668607,2.77269214604507,0.0971251154970822,0.129614175703348
"ENSG00000240449",0.186750685129957,-0.068327414738088,2.77234868095732,0.0971457118415595,0.129632150181532
"ENSG00000233892",-0.226033095366989,-1.33282941181144,2.77071723173497,0.0972436093009143,0.129745582569847
"ENSG00000283064",0.283231155150121,-0.784674330083016,2.77060392135994,0.0972504126693858,0.129745582569847
"ENSG00000110077",0.197496049210548,5.5157692272182,2.77057551580267,0.0972521182743964,0.129745582569847
"ENSG00000170667",0.210061402300171,0.865868450765833,2.76882797583752,0.0973571120093808,0.129876129765778
"ENSG00000135048",-0.177440680316957,6.27215513892071,2.76846574543885,0.0973788906782749,0.129895031457791
"ENSG00000197653",0.259990705508776,0.864728459218352,2.76835476022087,0.0973855646007498,0.129895031457791
"ENSG00000147533",-0.180371514860551,3.98881851840918,2.76740466264645,0.097442717762637,0.129961732834703
"ENSG00000152556",0.188750016594536,5.60166091131458,2.76651537779133,0.0974962460609663,0.130023590215343
"ENSG00000265750",0.260716941581032,-0.969205995968386,2.76509382166528,0.0975818800981118,0.130120154969053
"ENSG00000160593",-0.260185616567412,3.34131256953061,2.76507586961283,0.0975829620506867,0.130120154969053
"ENSG00000181924",-0.145594141642905,5.61283025346463,2.76484232115699,0.0975970389858462,0.130129385314462
"ENSG00000117450",-0.134507448838843,8.33267639632399,2.76440504974284,0.0976234011385423,0.130154993395969
"ENSG00000260022",-0.219914592925417,-1.25595708619286,2.76305099869115,0.0977050835114801,0.130254347204193
"ENSG00000115841",0.160781050903712,1.59195732047104,2.76277935345247,0.0977214793846835,0.130266656922356
"ENSG00000112234",-0.141294738252171,5.0683007698824,2.76036529742869,0.0978673188291865,0.13045150566986
"ENSG00000178921",0.126710737962426,4.65133976938281,2.75989531591903,0.0978957393978559,0.130479826188495
"ENSG00000276390",0.165289302824772,-1.37677903533747,2.75708397898685,0.0980659348242992,0.130697092590632
"ENSG00000138375",-0.087144957652585,5.11099221782439,2.75454488210456,0.0982199281352864,0.130892735413584
"ENSG00000072840",0.217401309230687,4.58677534513652,2.75161862936608,0.0983977311755016,0.131120077267201
"ENSG00000231752",-0.305846408503339,0.421474448112273,2.75130167859523,0.0984170107182762,0.131136160508718
"ENSG00000171357",0.225292600835949,-1.09479293186372,2.75088001165955,0.098442666382241,0.131160736661065
"ENSG00000058453",-0.188671884125307,4.22044370554081,2.74785052485931,0.0986272066901582,0.131396984711441
"ENSG00000183087",-0.213941132102372,5.90686689602687,2.74637697218797,0.0987171049397522,0.131507119654597
"ENSG00000101306",-0.260293324248895,-0.864209067489122,2.74563859847221,0.0987621853372799,0.131557538224289
"ENSG00000011332",-0.272478961239504,0.0157715980393267,2.74448983693532,0.0988323663323325,0.131641382559682
"ENSG00000134827",-0.869466434765181,3.87124438404936,2.73981530411675,0.0991185115086071,0.132012850565213
"ENSG00000124486",0.123153065851553,7.89391243689725,2.73843781225662,0.0992030062017,0.132115711854472
"ENSG00000120784",0.149904547714337,4.30499477908787,2.73824299024666,0.0992149628725686,0.132121961101646
"ENSG00000288065",-0.24221789041188,-0.366731733959701,2.73746815418088,0.099262531990652,0.132175630122701
"ENSG00000107438",0.205402717538671,6.62753912897102,2.73721214399248,0.0992782545977176,0.132186888332598
"ENSG00000100505",0.430350659441551,2.19054719595727,2.7349055513847,0.0994200350189396,0.132365975911315
"ENSG00000166923",0.322398517217325,5.78617288735737,2.73259202736599,0.0995624648658274,0.132545901843044
"ENSG00000232645",0.259074207186046,-1.1940383786035,2.73197448582823,0.099600521084935,0.132586860681607
"ENSG00000260464",0.212822835806929,-0.942306819357235,2.73131090595927,0.0996414322392346,0.132624925020103
"ENSG00000178980",-0.15591188488391,7.40748022565919,2.73127414513243,0.0996436991642679,0.132624925020103
"ENSG00000161281",0.249624091250882,2.04653201298072,2.72895621567399,0.0997867530637099,0.132798957731149
"ENSG00000260279",-0.24503153322416,0.448340023411798,2.72891892635779,0.0997890562630095,0.132798957731149
"ENSG00000166295",0.118556043696575,6.69431214327487,2.7285841124881,0.0998097388792407,0.132816054374968
"ENSG00000160216",0.11121415966117,6.97416140838808,2.72847454953338,0.0998165079861135,0.132816054374968
"ENSG00000229214",0.267454053339403,-1.21007107948328,2.72832231163493,0.0998259145078901,0.132818853918764
"ENSG00000135018",0.113842330460382,7.64864366011655,2.72782116658794,0.0998568862897429,0.132850343635275
"ENSG00000134594",-0.221213037757721,0.0612304363036048,2.72273651107646,0.100171725865713,0.133259460945406
"ENSG00000139239",-0.176492622463535,1.91285810970385,2.72138871084285,0.100255363776346,0.13336097099131
"ENSG00000153815",-0.135362624617662,6.19456941359164,2.71728007012463,0.100510799795669,0.133690977525496
"ENSG00000162194",0.178411759649851,0.597227042830368,2.71572856001668,0.100607443808793,0.133809739524265
"ENSG00000168447",-0.43500774723845,4.75692373941927,2.71485871044999,0.10066167166163,0.133872074011534
"ENSG00000178623",-0.207011824108206,0.945654605446337,2.71438867101838,0.100690988060836,0.133901271539847
"ENSG00000267493",-0.195297946678015,0.0236250652120658,2.71167696631466,0.10086030063986,0.134116621438644
"ENSG00000237361",0.471331756414759,2.21043117176188,2.71106284839933,0.100898688185161,0.134157858082587
"ENSG00000119397",-0.153409714670926,4.95954973960299,2.70991202348144,0.100970667692348,0.134243750291552
"ENSG00000256060",0.135879987824894,2.03343451136239,2.70925621983297,0.101011710839028,0.134288502064195
"ENSG00000103148",0.109634043068361,5.80560272597745,2.70591855084075,0.101220881587237,0.13455674567378
"ENSG00000164008",-0.161622686340224,1.39661218737467,2.70462806224501,0.101301883741329,0.134654583167967
"ENSG00000280739",0.180072338999122,0.604872742433335,2.70261271843478,0.101428526631208,0.134813069451068
"ENSG00000135378",0.223899805897807,5.50367956591731,2.70240584986434,0.101441535965195,0.134820508303614
"ENSG00000196605",0.156705811918752,2.3753938300617,2.70213881450866,0.10145833171771,0.134832978027306
"ENSG00000270557",-0.226557820166929,-1.35610442699039,2.70186737231636,0.10147540778139,0.134845663691539
"ENSG00000131944",-0.146066284443077,3.03350437660194,2.70175138527918,0.101482705333725,0.134845663691539
"ENSG00000275367",-0.294535402885544,-0.189262370253604,2.700958271178,0.101532621132225,0.134902134060407
"ENSG00000063241",-0.175348248845856,5.59315763742247,2.70083291781795,0.101540512900053,0.134902764691466
"ENSG00000213862",-0.190668421381738,-0.849270397025997,2.69964855437247,0.101615109191581,0.134992009785733
"ENSG00000157617",-0.171090933058865,5.34759186750448,2.69913409786766,0.101647530641376,0.135025218178888
"ENSG00000153531",0.218412061487175,2.85933603820238,2.69745453569181,0.101753457177394,0.135156056316544
"ENSG00000178996",0.138016507801004,5.3950765654296,2.69718578448382,0.101770418027701,0.135168713530584
"ENSG00000237264",-0.22185676275413,-1.52749170381395,2.69667906090601,0.101802405738692,0.135201325708311
"ENSG00000151881",-0.150471355186133,4.26898545434633,2.6953412382248,0.101886911015561,0.135303675346891
"ENSG00000099814",-0.151303192355018,6.07178693583515,2.69341556047809,0.102008684392054,0.135455497679979
"ENSG00000244625",0.220316535004653,1.40094731594955,2.69321714785573,0.102021240432247,0.135462280696577
"ENSG00000203710",-0.360538371471536,1.41654153973852,2.69263694089635,0.102057967115002,0.135501153798647
"ENSG00000175785",-0.376520013474302,2.33350767837718,2.69203260877548,0.102096236366532,0.135542069126604
"ENSG00000179562",0.0985292972586693,5.398130976769,2.69179081928895,0.102111552074674,0.135552507782948
"ENSG00000188372",-0.209138673458795,3.07710597745916,2.69092678419625,0.102166303437114,0.13561529170298
"ENSG00000117152",0.357976549085959,3.83997299953546,2.68913025509467,0.102280247615384,0.135756633118924
"ENSG00000271550",-0.251948000696822,0.55056479337232,2.68869269768439,0.102308020695348,0.135774030956025
"ENSG00000149212",0.330338156006394,6.34669240491802,2.6886885284846,0.102308285366853,0.135774030956025
"ENSG00000176945",0.44629945141245,3.62715120362831,2.68680073328687,0.102428204881678,0.135923259184879
"ENSG00000172349",0.20635102596041,4.05353844590019,2.6859389425365,0.102483000325101,0.135986051646088
"ENSG00000254469",-0.153553119569787,0.589275008504077,2.68518338998776,0.102531067335158,0.136039907549741
"ENSG00000185163",-0.146918871804589,4.73775059663187,2.68360093076227,0.102631821195299,0.136163656276906
"ENSG00000204569",0.0915097225143609,6.66313309112104,2.68098416775879,0.102798667435723,0.136375066617135
"ENSG00000229097",0.192232175302214,-0.857585911012012,2.67872397374077,0.10294301892123,0.136556606238737
"ENSG00000229127",-0.22628428616617,-0.733587428029221,2.67784760041495,0.102999050139652,0.136620968782088
"ENSG00000225489",-0.326154688214078,1.78002634773388,2.67752964517737,0.103019387010677,0.136637979359016
"ENSG00000108523",0.116001923871142,6.79841808455769,2.67235263421154,0.10335113867234,0.137067996950016
"ENSG00000165752",-0.195601447231309,3.79630690251721,2.67005472159566,0.103498769546866,0.13725378202832
"ENSG00000214941",-0.134840972554422,3.96135249512839,2.66914457287466,0.103557306817215,0.137321398103784
"ENSG00000087586",-0.16972380039142,5.49160000466545,2.66765935106822,0.103652908877053,0.137438150226423
"ENSG00000259205",0.305187603907423,-0.891388397619119,2.66604944628325,0.103756646419027,0.137565671750201
"ENSG00000125971",0.198662610131128,3.25427743894375,2.664140796771,0.103879782345213,0.137718892141901
"ENSG00000128708",0.109349730406704,6.02419270331002,2.66354787775722,0.103918067085841,0.137759606717002
"ENSG00000187713",0.116440877479699,5.29749859151938,2.66337021129645,0.103929542022823,0.137764777371264
"ENSG00000111731",0.137786344414621,5.81461063350809,2.65973233702223,0.104164808383159,0.138066574469677
"ENSG00000104863",-0.209160129550945,1.60287718345725,2.65874656279298,0.104228660738798,0.138141141260458
"ENSG00000139433",-0.115734652259251,5.90095755117237,2.65853455629355,0.104242398840937,0.138149282287887
"ENSG00000277369",0.216933550908961,-0.672701195716881,2.65827190794325,0.104259421320762,0.138161774497779
"ENSG00000171121",0.192445993508345,1.5822712802736,2.65798192855947,0.104278218706595,0.138176616773681
"ENSG00000228506",-0.199018892143115,1.75509669390218,2.65778693884143,0.104290860659455,0.138183301061715
"ENSG00000211898",-0.628731689247903,2.92193805440763,2.65664382884682,0.104365006961489,0.138271470470248
"ENSG00000285278",0.216351255510519,1.07083256772652,2.65437387707841,0.104512416574533,0.138456685312667
"ENSG00000137831",-0.128206146680806,6.21752129061826,2.65323959805316,0.104586162067533,0.13854429101852
"ENSG00000166278",-0.265821346637089,4.02457520537003,2.64694462855726,0.104996474945325,0.13907769909734
"ENSG00000183186",0.398774334260865,0.293359166874785,2.64630179483027,0.105038475266244,0.139123200418179
"ENSG00000228242",0.172747115338498,-0.067020546966289,2.64500240354369,0.105123429127379,0.139225582827406
"ENSG00000203965",0.121859156232546,3.13044511084558,2.6445548838468,0.105152705378258,0.13925421620939
"ENSG00000107949",0.134062251588733,5.98058374197295,2.64284160584002,0.105264869249205,0.139392605890393
"ENSG00000277782",-0.192502182498212,0.658309231636953,2.64249212902852,0.10528776478103,0.139412774158225
"ENSG00000133895",-0.110565372632457,5.84144465525931,2.64213408672771,0.105311227163179,0.139433690008291
"ENSG00000177200",0.158995101830733,5.77086011508626,2.64111881702671,0.105377788767699,0.139511662695218
"ENSG00000160352",-0.217468804707772,3.90851267199472,2.64084012756028,0.105396067904248,0.139525706604736
"ENSG00000171303",0.792557635019217,3.33315977852876,2.6398872947355,0.105458590259153,0.139598314383804
"ENSG00000116183",0.418666116114621,-0.583762730516284,2.63886811873884,0.10552551113908,0.139676733614554
"ENSG00000124588",-0.164963646285639,5.28697158086509,2.63819442011382,0.105569773072583,0.139716519072094
"ENSG00000214517",-0.125269137548886,6.21704471932974,2.63817677589044,0.105570932571354,0.139716519072094
"ENSG00000138777",0.124780076001704,5.98923011862413,2.63791595324503,0.105588074297091,0.139729037784888
"ENSG00000277151",-0.226701411857796,-1.57735337875512,2.63630497882961,0.105694018424699,0.139859061994065
"ENSG00000271662",-0.305274712176744,-0.907577579523412,2.63422281410888,0.105831123602938,0.140030297984158
"ENSG00000154813",0.0993469862717795,4.91956437124214,2.63337686685455,0.105886883064945,0.140093884424618
"ENSG00000277662",0.205945499634509,-1.81642862861156,2.63014987713701,0.106099883413755,0.140357946149916
"ENSG00000253729",-0.186478486672682,9.07368908866146,2.63004365056884,0.106106903022766,0.140357946149916
"ENSG00000059377",0.1736973228874,3.81266999003041,2.62994731251788,0.106113269626833,0.140357946149916
"ENSG00000100116",-0.214402851224478,4.16276928940269,2.6298857757892,0.106117336568479,0.140357946149916
"ENSG00000105939",0.105745349064982,6.32500122539149,2.62803240871869,0.106239905573767,0.1405098460279
"ENSG00000011454",0.107688730624907,6.44587727478047,2.62617514266847,0.106362889101121,0.140662272011284
"ENSG00000270039",-0.174388235960619,0.213311236099267,2.62518378509062,0.106428598607601,0.140738937870804
"ENSG00000167311",-0.399227518739418,-0.6712656964402,2.62496455774878,0.106443135555968,0.14074224537933
"ENSG00000075188",-0.118914746864451,4.25702035417034,2.62491267567001,0.106446576173195,0.14074224537933
"ENSG00000139636",0.104143906010024,4.42188467450015,2.62443221703008,0.106478444146929,0.140774147135593
"ENSG00000103485",0.303712521861394,5.03275373628197,2.62413925255328,0.106497881129259,0.14078961055233
"ENSG00000272894",0.227844515269111,0.919141033113517,2.62398771267444,0.106507936709981,0.140792670461598
"ENSG00000181097",-0.227179991914943,-0.0947232492593903,2.62233721371117,0.106617525084809,0.140927292604834
"ENSG00000273066",0.213077597687006,-0.533358723985499,2.62198111850176,0.10664118509258,0.140948323120692
"ENSG00000186501",-0.111770237273978,5.31275136235482,2.61524529879902,0.10708982572705,0.141531009324486
"ENSG00000254996",0.204016478687356,-0.231965278613665,2.61456589509846,0.10713519306325,0.141580679461919
"ENSG00000228327",0.152677318900318,0.833417144920364,2.60814010457979,0.107565327402122,0.142138780499114
"ENSG00000156603",-0.128543538080531,3.99719430918107,2.60653420055393,0.107673122119311,0.142270885950311
"ENSG00000234911",-0.191106226177743,-0.89222874211287,2.60501952108195,0.107774902786036,0.142391673593281
"ENSG00000182173",0.132138908913243,5.42828404711746,2.60494081994657,0.107780194103733,0.142391673593281
"ENSG00000151576",-0.094155816061764,5.27483300907536,2.60449828652665,0.107809952318795,0.142420642996386
"ENSG00000177463",-0.135394268494298,5.63307999915657,2.60388533269841,0.107851185462318,0.142464765864525
"ENSG00000073712",-0.187543330909719,5.65408522596542,2.60133295688218,0.108023070029845,0.142681452266
"ENSG00000166562",0.145740328948207,5.86258541854822,2.60021889497871,0.108098189085884,0.14277030448726
"ENSG00000182749",-0.1594674219991,3.88517704734309,2.60000835900738,0.108112391602744,0.142778694341468
"ENSG00000251369",-0.13821834501628,3.55029493895726,2.59656112483827,0.108345231473117,0.143075805564006
"ENSG00000235381",-0.182876415596327,-0.0243575493274652,2.59376321391551,0.108534620730224,0.143315498899471
"ENSG00000100413",-0.122401798486186,4.51190708446407,2.59296609280183,0.108588644394875,0.143376425717168
"ENSG00000246100",-0.208800007045719,0.0868548673952269,2.59279208871519,0.108600441205597,0.143381592962209
"ENSG00000018510",0.176683097044479,5.84239681493447,2.59219829111229,0.108640709070415,0.143424346125624
"ENSG00000272899",-0.224263528477624,-0.433787915869058,2.59161312527923,0.108680407717654,0.143466341672862
"ENSG00000232774",-0.24265939999641,-0.703477779550364,2.59077345105212,0.108737400650115,0.143531159229573
"ENSG00000174951",0.22316403282247,3.21240820970019,2.59005964123116,0.108785876498095,0.143584725816208
"ENSG00000176749",-0.207093335249307,3.12300204607642,2.58723755182233,0.108977762593245,0.143827555768517
"ENSG00000134333",-0.157108808832893,9.65088919208558,2.58462903669257,0.109155459524162,0.144051625150593
"ENSG00000213553",-0.202003961667858,2.612125332713,2.58427684224792,0.109179476194855,0.144072866069218
"ENSG00000187109",-0.130255419906949,8.82059006787656,2.58375174288736,0.109215294358036,0.144109675985487
"ENSG00000273356",-0.212258632216456,-0.572894325086538,2.58044592052184,0.109441090138713,0.14439713800819
"ENSG00000101391",0.0998555313425408,5.02992511541547,2.57958526967713,0.109499959325416,0.144464330495479
"ENSG00000105854",-0.154853010789175,6.14436421411237,2.57801130882137,0.109607710039731,0.14459599841899
"ENSG00000185052",0.273527348817116,4.85838225993123,2.57705065460771,0.109673532412886,0.144672338810964
"ENSG00000163349",0.136605690063505,6.66363161256116,2.5767542397972,0.109693851066849,0.144688647704971
"ENSG00000134444",0.123260391606354,5.45940832846419,2.57623415869313,0.109729511664524,0.144725189133747
"ENSG00000261596",-0.220509654139635,-1.50587470246776,2.57448833030272,0.109849312301378,0.144871321874333
"ENSG00000177380",-0.2624086761362,4.30708399879711,2.5743874563447,0.109856238799802,0.144871321874333
"ENSG00000268030",-0.154752447488204,-1.0413527589814,2.57293134569204,0.109956276282848,0.144985528142138
"ENSG00000152242",0.110307020949544,5.37385769273282,2.57289485362119,0.109958784648815,0.144985528142138
"ENSG00000126883",0.0841085583146662,6.34142008294904,2.57255914791105,0.10998186311747,0.145005445913776
"ENSG00000158941",-0.125782429745016,6.11096470362166,2.57059684400574,0.11011687112648,0.145172923459584
"ENSG00000133059",-0.122138928561346,5.74446248138205,2.57021705192568,0.110143022274691,0.145196875344791
"ENSG00000132952",0.129887727799275,4.7141635815622,2.56871218438777,0.110246709711924,0.145323029152086
"ENSG00000175600",-0.23331962989521,2.68323583526553,2.56728083424136,0.110345431881804,0.145442620122201
"ENSG00000152795",0.0833295467056512,7.65423789840272,2.56241401301254,0.11068183536183,0.145875450837752
"ENSG00000177854",0.14458615863496,3.71797839533377,2.56131201778814,0.110758164695535,0.145965473478907
"ENSG00000135917",-0.433591357347457,2.14947571445459,2.55827106421379,0.11096909760554,0.146232860980261
"ENSG00000162851",-0.124375771692164,5.05447156373529,2.55664146510533,0.111082316121502,0.146371452989776
"ENSG00000203999",0.310348020502256,0.958554644031386,2.55590628977075,0.111133435220161,0.146418859913363
"ENSG00000281332",0.196813670525824,1.41317971518921,2.55589250214432,0.111134394166702,0.146418859913363
"ENSG00000271425",-0.153945419491075,2.0950956782717,2.55238933188722,0.111378341024848,0.146729629621899
"ENSG00000187953",-0.112264140566838,2.59196822992045,2.55108551327015,0.111469285061164,0.146838803265913
"ENSG00000185869",-0.168555613371976,3.37892401590964,2.55008152902965,0.111539371048414,0.146920486719912
"ENSG00000251867",-0.241001277220942,0.263647815907037,2.5496517731879,0.111569386289804,0.146949380682088
"ENSG00000157637",-0.149179578553977,6.89954177798825,2.54488762737596,0.111902726028597,0.147377753874592
"ENSG00000103723",-0.458837114600596,2.84433461336896,2.54449048281678,0.111930563354982,0.147401691674419
"ENSG00000174197",-0.130564994810072,6.01960462781062,2.54439709335928,0.111937110479826,0.147401691674419
"ENSG00000008277",0.278022017821839,3.17385724147592,2.54395523653085,0.11196809287186,0.147431815909171
"ENSG00000143612",0.110268109638584,8.57162612017935,2.54247176501877,0.112072181326124,0.147558189804513
"ENSG00000212694",0.187960411696574,2.66535291440025,2.54188076134498,0.112113679211006,0.147602142416922
"ENSG00000183287",0.361978949323656,0.712963647883481,2.5413960022395,0.112147729734886,0.147633264488442
"ENSG00000280211",-0.180036911179703,-1.25828224421179,2.54131312095585,0.112153552641126,0.147633264488442
"ENSG00000253667",0.21207610794844,-0.908788942637271,2.54119271192677,0.112162012692626,0.147633715939607
"ENSG00000198162",0.130383140780428,6.37445978652701,2.54088646186009,0.112183533294767,0.14765135708555
"ENSG00000168288",-0.102984696623236,6.47880763102421,2.54025231189598,0.112228110401052,0.147699339506103
"ENSG00000143106",-0.106994757427723,6.91260110366139,2.53979977349496,0.112259933249854,0.147730530782748
"ENSG00000181804",-0.182712278061217,2.84356317943743,2.53739323272872,0.112429331020248,0.147942748704694
"ENSG00000054356",-0.581934094848058,1.33202514076247,2.53493459092463,0.112602688648519,0.148160146215675
"ENSG00000206344",-0.213774448298781,-0.028484604028029,2.53417695840119,0.112656168609562,0.148219791281157
"ENSG00000037241",0.128860808399567,4.38898459035427,2.53368996905348,0.112690559195377,0.148254313970742
"ENSG00000184990",-0.158225996585675,5.44972233818296,2.53354918349826,0.112700503464247,0.148256672718626
"ENSG00000119632",-0.209193320631987,3.56772422221531,2.53323510122648,0.112722691904154,0.14827513707621
"ENSG00000125503",-0.149796562546629,5.48433344248779,2.53021184073158,0.112936518760293,0.148545661210024
"ENSG00000120915",0.247343843795287,4.5657284081023,2.52879128578614,0.113037145844463,0.14866464752638
"ENSG00000180423",0.0967727669187805,2.75772419864718,2.52870403796156,0.113043329408942,0.14866464752638
"ENSG00000142168",0.137256836890774,7.89974938861256,2.52759627810011,0.113121872901164,0.148757184898155
"ENSG00000143149",-0.145981676097085,7.17334351452756,2.52732513706381,0.113141106823741,0.148771721436539
"ENSG00000133704",-0.120539521353885,6.25600888999485,2.52520528168763,0.113291607922435,0.148958849482632
"ENSG00000145198",0.485272731420956,0.764301637345449,2.52474421802642,0.113324370931547,0.148991156462554
"ENSG00000251414",0.232634333116704,-1.56082576782556,2.52229606247157,0.113498511943873,0.149209319496579
"ENSG00000105808",0.230746139320109,-0.416138619930944,2.5216301445459,0.113545930990184,0.149260869676891
"ENSG00000254901",0.129747685109568,3.1844309121637,2.51828870200729,0.113784202054656,0.14956327722556
"ENSG00000259562",0.188863143634973,-1.04357873921779,2.51805406763472,0.113800954141461,0.149574487203707
"ENSG00000165029",0.182326279802401,5.58448365990796,2.51588171191673,0.113956182782291,0.149767689316014
"ENSG00000153896",-0.124957789442758,2.84231782832636,2.51509147149547,0.114012708709285,0.149831152167954
"ENSG00000080947",0.174624139312397,1.29932851331064,2.51471500296406,0.114039648450056,0.149855727621532
"ENSG00000206337",-0.251678895833509,5.97142083211376,2.51343840673337,0.114131053059382,0.149965004554547
"ENSG00000131747",0.193444515107385,8.07820982739228,2.51288734937787,0.114170534003554,0.150006044387534
"ENSG00000155254",-0.177241261028514,6.16056975009161,2.50796653252214,0.114523762128884,0.150449345723245
"ENSG00000125247",-0.168702403249051,5.14845910827716,2.50795658778346,0.114524477212356,0.150449345723245
"ENSG00000242779",0.240932747363781,3.08732710315401,2.5037197775862,0.114829579064837,0.150839259282917
"ENSG00000172932",0.160982327507983,5.35701078263101,2.50348006547167,0.114846868183135,0.150851075215921
"ENSG00000203865",-0.176467515710392,2.42548957944966,2.50188585760637,0.114961923137285,0.150989793385778
"ENSG00000168826",0.0884469410473281,2.28284781404295,2.50178673378882,0.114969081185377,0.150989793385778
"ENSG00000176371",-0.127921391915035,2.94860045543061,2.49825480187431,0.115224456312479,0.151314253531507
"ENSG00000133789",-0.124176404161714,6.37449610786709,2.49501125645032,0.115459534322013,0.151612014312958
"ENSG00000118690",0.139593458154161,1.90886959394123,2.49450338220571,0.115496391002974,0.151649462861832
"ENSG00000099999",0.13242003501153,3.72468832019164,2.49395092849639,0.115536497665927,0.151691172998475
"ENSG00000001629",0.111320910652192,6.56282242743031,2.49362389400366,0.115560246779817,0.151711402369808
"ENSG00000287917",-0.185578918025702,-1.01655452125295,2.49273355904354,0.115624930008738,0.151785364633629
"ENSG00000238142",-0.283426753399291,-1.0258067878141,2.49172077677411,0.115698557951911,0.151871057450156
"ENSG00000115183",-0.162638704484388,5.69268512506894,2.49030853887713,0.115801312694269,0.151994968267544
"ENSG00000185585",0.212320091855715,5.3381578071663,2.48902441369815,0.11589483387252,0.152106742565551
"ENSG00000178093",0.184823638689702,0.737067148177339,2.48820790434307,0.11595434280119,0.152173864410711
"ENSG00000272172",0.261888124182316,-0.89794075606148,2.48739333639087,0.116013744042025,0.152240835255148
"ENSG00000155366",0.164938041647613,7.13074273707306,2.48671551578279,0.116063198926782,0.152294745117979
"ENSG00000134899",-0.154096652018976,0.879534873257515,2.48536907328957,0.116161506989333,0.152412746293608
"ENSG00000160410",-0.122824398243427,5.90392410146284,2.48474606518059,0.116207026085116,0.152454157234743
"ENSG00000274265",0.294668567487919,1.06445506606446,2.48470766157377,0.116209832631542,0.152454157234743
"ENSG00000197057",0.394091597352918,-0.14376262835255,2.48447890426281,0.116226551839949,0.152465093751532
"ENSG00000142675",-0.135244343387571,4.82873899833595,2.47960241724642,0.116583596320299,0.152914415237961
"ENSG00000236120",0.244114875556121,0.708372572599141,2.47957112240383,0.116585891582626,0.152914415237961
"ENSG00000125651",0.120216826082645,6.36467149484966,2.47745652851345,0.116741098900545,0.153106944534404
"ENSG00000149016",-0.142826420450751,3.49687083870971,2.47653482655552,0.116808821948064,0.15318471797472
"ENSG00000239306",-0.0642785446636922,5.9070782615179,2.47614929729496,0.116837162071467,0.153210836608208
"ENSG00000198858",-0.128677744732452,6.36106372696371,2.47555616596204,0.116880777868692,0.153256981318994
"ENSG00000179698",0.350806159560841,1.07293306845982,2.47219872882152,0.117128007608355,0.153570083793308
"ENSG00000276728",-0.196352627180773,0.063140706641947,2.47043302546461,0.117258260827527,0.15372978072018
"ENSG00000135097",-0.377083458989327,3.31889093517882,2.47031260765685,0.117267149724827,0.153730353120596
"ENSG00000100348",-0.117657644296915,6.15484486872326,2.4697589058384,0.117308032043975,0.153772863914653
"ENSG00000204866",0.371701403045034,0.490342215127594,2.46579987821751,0.117600806956286,0.154145537397011
"ENSG00000072786",0.117240292817517,5.40387217502273,2.46471590459686,0.117681109678138,0.154239678808531
"ENSG00000078814",-0.239027066756709,0.407053471008361,2.46415553235122,0.117722646962438,0.154281491211757
"ENSG00000106560",0.206038157954566,3.439481328626,2.46405667072694,0.117729976716955,0.154281491211757
"ENSG00000215440",0.207874622987174,2.56961210472848,2.46346270116837,0.11777402522472,0.154328095878041
"ENSG00000265148",-0.226792080322676,0.831078456273567,2.46312519321909,0.117799062820418,0.154345316961324
"ENSG00000272902",-0.183231490264116,0.0720126014855979,2.46305676845101,0.117804139545695,0.154345316961324
"ENSG00000272374",-0.196762045464831,0.381053411406043,2.46091015552443,0.117963529480488,0.154543014780026
"ENSG00000162236",-0.0961167594965501,5.83929238791494,2.45987437842732,0.118040523563662,0.154632745791982
"ENSG00000277149",-0.227408912794156,2.13275373393322,2.45768149957812,0.118203714783375,0.154835373747211
"ENSG00000273783",0.156861856233932,-0.313848701456002,2.45521782484148,0.118387357598103,0.155057764421587
"ENSG00000229237",-0.153178782387903,-0.564607356191814,2.45517514422412,0.118390541814525,0.155057764421587
"ENSG00000163382",-0.140064626648183,7.13010774498799,2.45128551399339,0.118681130589278,0.155427160365624
"ENSG00000130054",0.401902984021171,2.29475184688683,2.45080624518803,0.118716990946508,0.155462929752688
"ENSG00000188785",0.118161067142759,4.0031698215212,2.44970124133923,0.118799716650389,0.155553159833601
"ENSG00000180061",-0.227118473333199,0.708540331586066,2.44965741707982,0.118802998859058,0.155553159833601
"ENSG00000095303",0.273995587928899,4.76711371810348,2.44868888061914,0.118875562948763,0.15563696652117
"ENSG00000198554",-0.133804605528682,4.72154239804737,2.44774156247681,0.118946585032229,0.155718742429006
"ENSG00000224652",-0.332974481716901,1.80526348037586,2.44655565011097,0.119035561483251,0.155824009806922
"ENSG00000101544",-0.121985862033889,5.42698701985505,2.44638434043552,0.119048420599026,0.155829627481475
"ENSG00000010295",0.158736091728698,3.10778956330152,2.44109685829313,0.119446078976179,0.156338894963928
"ENSG00000171970",0.166375707192187,-1.62813745112252,2.43984078211243,0.11954076247225,0.156451564211361
"ENSG00000075073",-0.21243877469427,0.356700329152157,2.43731004849846,0.119731783928466,0.156690292566624
"ENSG00000185418",-0.131625317507471,3.68862645253367,2.43660032802669,0.119785415084213,0.156749199910185
"ENSG00000048342",0.157340843421614,3.88299724057765,2.43404527499282,0.119978713271413,0.156986984689217
"ENSG00000136371",0.179258780834195,-0.88368308309201,2.43397031626899,0.119984389386673,0.156986984689217
"ENSG00000204524",0.117556235426568,3.76966448490713,2.43255058215139,0.120091952686519,0.157116417455216
"ENSG00000163219",-0.1890975501812,4.0173468206564,2.4311497942316,0.120198185794786,0.157244091436061
"ENSG00000085433",0.117483674268601,4.59661734706592,2.42936713253705,0.120333530827349,0.157409828731863
"ENSG00000186812",0.116530029786513,5.2908770945872,2.42884491449551,0.12037321132149,0.157450411184125
"ENSG00000162734",-0.127508205702298,8.22089362620055,2.4264919169419,0.120552183574702,0.157668671164797
"ENSG00000104884",-0.119721806273782,4.58867650088053,2.42642323557643,0.120557412023798,0.157668671164797
"ENSG00000253738",0.12812774675038,5.17736635076722,2.4260501345875,0.120585819184692,0.157694483702271
"ENSG00000079616",0.126039069381224,6.00993588076277,2.42398943852536,0.120742850808962,0.157888487347286
"ENSG00000268061",-0.167184205533466,-0.550945364143949,2.42331381561256,0.120794385003099,0.157944520088883
"ENSG00000171130",0.194261518549964,5.57973127522872,2.42255838100636,0.120852035973438,0.15800854218136
"ENSG00000103811",-0.175609526157502,7.07521471132459,2.42176522635254,0.120912598533512,0.158076361567533
"ENSG00000161791",-0.123619369880592,5.51587267525552,2.42048175616845,0.121010671532835,0.158193207348465
"ENSG00000010539",0.093314042758719,3.78361916234343,2.42014151867925,0.121036684743459,0.158215841750325
"ENSG00000117090",-0.303758939752869,2.15070484605206,2.4195854646167,0.121079211846054,0.158260057855266
"ENSG00000109971",0.129609075962069,10.5718047403838,2.41616447848863,0.121341215966963,0.158591120724858
"ENSG00000133561",0.165613349059318,4.30442025824158,2.41300428276148,0.12158380830023,0.158896766929984
"ENSG00000047634",0.297044150561614,3.2781348545676,2.41247343187264,0.121624612052132,0.158938672510718
"ENSG00000286753",-0.167351242259775,-0.485628654253911,2.40828468761516,0.121947114971044,0.159348669235818
"ENSG00000145147",0.20673628166176,3.8825964488042,2.40720939617852,0.122030058295407,0.159445596284257
"ENSG00000269069",0.235924138105384,0.350799854101071,2.40594351510752,0.12212778349018,0.159561822147791
"ENSG00000132405",0.16552269385347,4.7805759371638,2.40562471805203,0.122152408166728,0.15958253122658
"ENSG00000171617",-0.176882351565802,6.4522144513265,2.4048845104463,0.122209604992212,0.159645787229646
"ENSG00000251034",0.239043631645948,0.0261231573895645,2.40323375294162,0.122337268803622,0.159801080508495
"ENSG00000100292",0.189283728618069,5.7393661515115,2.40232600361141,0.122407534325997,0.159881381279802
"ENSG00000139343",-0.17193186103085,5.91706825823981,2.40092055464526,0.122516413735356,0.16001210204069
"ENSG00000123405",-0.397917437016801,0.488544120186504,2.40027621361905,0.122566366607169,0.160065848772254
"ENSG00000103047",0.122607181022423,3.5878917793449,2.39559204533083,0.122930192735204,0.160524426748112
"ENSG00000273084",0.209829674991865,-0.329933960120616,2.39552816471188,0.122935162754258,0.160524426748112
"ENSG00000213593",0.132955218281559,6.61641290371131,2.39518688903386,0.122961718370849,0.160547576003518
"ENSG00000132467",0.0912412638091709,5.14629704808578,2.39390089874901,0.123061842381528,0.160666771174734
"ENSG00000255150",-0.222843072081414,0.629055188630671,2.39344820813565,0.123097109389518,0.160701279470037
"ENSG00000264707",0.196211763306811,-1.01709318348326,2.39258079464522,0.123164717023281,0.160777999943977
"ENSG00000137959",-0.335944365906074,6.63007245372477,2.39105889088062,0.123283436836415,0.160921425949527
"ENSG00000234719",-0.355353161048432,0.03993637337275,2.3905328973502,0.123324497929759,0.160963470997235
"ENSG00000183690",0.343496108598946,1.07454859733426,2.38961712175595,0.123396023338333,0.161045269265041
"ENSG00000169905",-0.102395364147947,6.8005947388901,2.38744098957346,0.123566172951529,0.161255761903022
"ENSG00000122545",-0.0842969850050646,7.54855190448779,2.38642962060032,0.123645339993027,0.161347499195952
"ENSG00000026950",-0.180088168262475,5.5262933974144,2.38603147619151,0.12367652111429,0.16137660994524
"ENSG00000100324",-0.11623411915517,5.10742783781483,2.38484330784899,0.123769626023669,0.161486510625429
"ENSG00000118260",0.0909473479360794,5.98548678749641,2.38413867193052,0.123824878269157,0.161547011402297
"ENSG00000141664",0.127355921462998,5.29332633468126,2.38278838750861,0.123930834356527,0.161673649065881
"ENSG00000254612",-0.133501897933527,2.47563347655749,2.38154254847519,0.124028684444519,0.161789694662333
"ENSG00000091879",-0.195678402435946,3.8270003443956,2.37953156648264,0.124186812042068,0.161984347204614
"ENSG00000184281",-0.157297345238167,4.89510627565323,2.37787192443852,0.124317482604024,0.162143160530799
"ENSG00000103742",-0.242901554642592,2.04672710123467,2.37673706479343,0.124406923229229,0.162248180101335
"ENSG00000074966",-0.296299612448856,-0.217883318065163,2.37403045340459,0.124620527035448,0.162515103299687
"ENSG00000114480",-0.151328241702081,5.14803171024731,2.37309507675668,0.124694441487036,0.162591979019038
"ENSG00000170456",0.211528088635706,3.70392459725817,2.373058203643,0.124697356242389,0.162591979019038
"ENSG00000128596",-0.246225009562401,1.14037192187985,2.37204181590098,0.12477772988671,0.162685114779892
"ENSG00000239388",0.176953641098624,-0.551578920602194,2.37034398643785,0.124912119491988,0.162848658111984
"ENSG00000234028",-0.151830780383521,1.46841502885403,2.36913154855383,0.125008187474963,0.162954837846481
"ENSG00000154447",0.163852617205558,5.80371041735219,2.36898672993419,0.125019667750904,0.162954837846481
"ENSG00000186222",0.115990024384241,3.9159258967967,2.36888333717697,0.125027864775165,0.162954837846481
"ENSG00000204301",0.142721565954231,4.04907330641895,2.3688639493018,0.125029401921467,0.162954837846481
"ENSG00000128059",-0.141504723288967,5.07838637281518,2.36795383833316,0.125101582827749,0.163037230472277
"ENSG00000083937",0.107969282394902,5.98665830819795,2.36766411648663,0.125124570436652,0.163048394350071
"ENSG00000273014",0.172812668892866,0.518892683509399,2.36761991058815,0.12512807831198,0.163048394350071
"ENSG00000257599",0.194614926714668,0.0386585743761801,2.36664983957383,0.125205084125972,0.163137049221518
"ENSG00000182378",-0.176529201865895,4.5669205833331,2.36590576941866,0.125264185505516,0.163202364324808
"ENSG00000144485",0.270422599606306,3.489946933871,2.36054157232518,0.125691186473034,0.163746959356174
"ENSG00000116044",-0.115830646002835,6.9291769876643,2.3602415904995,0.125715113616179,0.163766400691238
"ENSG00000169871",0.117822603153292,6.36050713877428,2.35957916078529,0.125767968353789,0.16382351990394
"ENSG00000133703",-0.144088732923903,6.17872401526607,2.35434796205297,0.126186235186293,0.16435657731082
"ENSG00000162623",0.117794873249354,4.668102557196,2.35413845219781,0.126203019157158,0.164366667556777
"ENSG00000169689",0.175934280930111,5.56984635593359,2.35285443145444,0.126305937433471,0.164488929546038
"ENSG00000131849",0.16801350166398,2.18174404817415,2.34935159495825,0.126587178254579,0.164843387849523
"ENSG00000175197",-0.183228025036926,3.53686263865314,2.34850975208708,0.126654873684863,0.164919733861704
"ENSG00000176101",-0.156966616071759,5.56946113028632,2.34672035949846,0.126798899321432,0.165095452849753
"ENSG00000051596",-0.156488694701036,3.61066634752792,2.34392204627621,0.127024498905116,0.165377350471457
"ENSG00000140743",0.121627398411633,5.5712354063134,2.34345492766486,0.127062201648218,0.165414596204838
"ENSG00000246174",-0.236024894763648,1.43279398328446,2.34261699737873,0.12712986524562,0.165490838039461
"ENSG00000213347",-0.189126962555757,3.13381054720486,2.34162645510752,0.127209904389832,0.165583177631308
"ENSG00000167286",-0.313072600962026,3.01951995635236,2.33864909846747,0.127450824430034,0.165884900152673
"ENSG00000148297",-0.116785845006355,5.32777437360149,2.3382692496428,0.127481597524206,0.165913080198229
"ENSG00000278916",-0.181760457277117,-0.342532395972129,2.337703684127,0.127527431687725,0.165960856291953
"ENSG00000168000",0.146397815271068,0.968240458085721,2.33731893598027,0.127558622716297,0.165989570720756
"ENSG00000137100",-0.123054938171611,5.47924528500884,2.335750029639,0.127685900313762,0.166143307691137
"ENSG00000099995",-0.0877688153618757,7.21474068520183,2.32917524838628,0.128220827918396,0.1668274138479
"ENSG00000136021",0.113940518458705,6.42691978767258,2.32641511608068,0.128446141004188,0.167108613203445
"ENSG00000271870",-0.173382069129505,1.11905565869627,2.32272501334172,0.128748061628671,0.167489431721784
"ENSG00000166881",0.139212006532138,5.62599503848973,2.32192396800914,0.128813707321002,0.167562845712658
"ENSG00000149781",-0.191560827377557,4.7279083578163,2.32152249584067,0.128846622080718,0.167593675348931
"ENSG00000242086",-0.175961670401424,3.86258943401204,2.32009189493039,0.128963986739001,0.167734338587597
"ENSG00000143226",-0.181604726236957,5.29135105192621,2.31997759789339,0.128973368685324,0.167734546274485
"ENSG00000215908",-0.148689442062448,3.83822445136176,2.31971660961285,0.128994794486822,0.167750416282448
"ENSG00000166847",0.0938476003165642,6.75453761926255,2.31947502868948,0.129014630597066,0.167764216865621
"ENSG00000132024",-0.127874041026617,5.68585560255779,2.31896066230046,0.129056876393144,0.167807153834609
"ENSG00000181163",-0.119613014204092,9.38738328411873,2.31882949491745,0.129067651875373,0.167809168082728
"ENSG00000215421",0.139669692339946,4.31435902740424,2.31814074279343,0.129124249834525,0.167870754538267
"ENSG00000138029",0.0892348802175555,7.18255518555815,2.31795573889064,0.129139457200693,0.167878525306712
"ENSG00000142556",-0.139704567831754,3.89501210317919,2.31758952033425,0.129169566373129,0.167905665608524
"ENSG00000104231",-0.145008294251559,5.6079628904272,2.31735601869388,0.12918876814385,0.167918624669502
"ENSG00000273108",-0.422571533608116,0.0679828659184653,2.31427066305713,0.129442789775015,0.168236777220806
"ENSG00000127124",0.166638131249393,4.8511122882912,2.31240813107621,0.129596405501614,0.168424396088842
"ENSG00000163605",0.100301526942919,6.29279408248981,2.30753660493325,0.129999160428761,0.168935748062182
"ENSG00000089280",-0.105979352756353,8.08361737287325,2.30681412573634,0.130059010992912,0.169001449734878
"ENSG00000075826",0.2123004779811,2.17497554955302,2.30664111080456,0.130073348226332,0.169008005253645
"ENSG00000204580",0.140133749266093,8.57959667861053,2.30640222295792,0.130093147064549,0.169021655747554
"ENSG00000224596",-0.190966964448033,0.843206017350028,2.30540827626952,0.130175560868434,0.169116650076792
"ENSG00000204397",-0.239988512747163,2.69996706968035,2.30480231595487,0.130225833220728,0.16916763716138
"ENSG00000107021",0.10207129506439,5.23371515448352,2.30471101528274,0.130233409695054,0.16916763716138
"ENSG00000244482",0.208478433249259,1.56176558473971,2.30373775716945,0.13031420504589,0.169260498562783
"ENSG00000116489",-0.0922202913725426,7.7424414930344,2.30189736667275,0.13046713934254,0.169447038729086
"ENSG00000115541",-0.172649743701751,4.78024835984062,2.2990315673736,0.13070568476797,0.169744733635119
"ENSG00000188690",0.129392066558397,5.42683735078422,2.29356722827556,0.131161886084368,0.170325030994037
"ENSG00000196357",-0.117938885202063,2.19077740801248,2.29025357701019,0.131439402795499,0.170673224676558
"ENSG00000134014",0.112191953378787,5.1102908620203,2.28726340057748,0.131690394245868,0.170986928222719
"ENSG00000143258",-0.105602873841686,5.52369732325423,2.28638708629504,0.131764052782394,0.171070354201313
"ENSG00000135446",-0.144291744312219,6.11347420206525,2.28578561213071,0.131814636411108,0.17112381206604
"ENSG00000116237",-0.0920069121979862,6.94888147325465,2.28409560201748,0.131956881975025,0.171296250757387
"ENSG00000132004",-0.145977155604408,3.52694734569125,2.2819059084329,0.132141441445786,0.171518247827281
"ENSG00000267801",-0.240067975954052,-0.453036820559554,2.28184289946436,0.132146756477001,0.171518247827281
"ENSG00000260236",-0.170497352299009,-0.18426465084438,2.28097382987738,0.132220090085099,0.171601184420421
"ENSG00000024048",-0.12249387162048,6.40857601114871,2.28073812684869,0.132239986992817,0.171614761571555
"ENSG00000157869",0.087981740175129,4.01494463194373,2.27954523227455,0.132340736943983,0.171733256530904
"ENSG00000151023",-0.306542730047781,-0.121442752171965,2.27850224385646,0.13242889668264,0.171835397935639
"ENSG00000273373",-0.18314072328337,2.24603566921,2.27453986528511,0.132764422737498,0.172258476298303
"ENSG00000114316",0.0787950893504284,6.16920115267396,2.27422879980329,0.132790803509515,0.172280414739358
"ENSG00000250770",-0.360440278647822,-0.437852408792047,2.27085673000288,0.133077159417723,0.172639613087699
"ENSG00000104853",0.10738937532616,7.36692649221066,2.26869956945017,0.133260709104416,0.172865400270389
"ENSG00000198039",-0.130587408128207,3.45343313355183,2.2648141111306,0.133592035159152,0.173282836647743
"ENSG00000273271",0.14945104184054,0.355048680154397,2.26331872930221,0.133719797979863,0.17342847304543
"ENSG00000164051",0.131846349777612,4.10496110064693,2.26327678182305,0.133723383878882,0.17342847304543
"ENSG00000148660",-0.12012822110558,5.2626615359063,2.2612056601294,0.133900569114661,0.173645885993402
"ENSG00000273355",-0.240406616610447,0.244858509926258,2.26045141928275,0.13396516023286,0.173717263247915
"ENSG00000198520",-0.23384874640297,0.77620757334733,2.2593558396203,0.134059045063063,0.173826613788194
"ENSG00000167306",-0.200159806095903,6.40133973561255,2.25842705311853,0.13413869461559,0.173917491992326
"ENSG00000131400",0.243755086961424,-0.968500960095066,2.25753303564065,0.134215412746797,0.174004556778013
"ENSG00000242375",0.245760650379099,-1.01409450243321,2.25734832072323,0.134231269796503,0.17401271098067
"ENSG00000105989",0.246456513695549,3.57635834339788,2.25379125012959,0.13453704153124,0.174388703508733
"ENSG00000197608",0.153313665316902,3.71722771876164,2.25375127792145,0.134540482056001,0.174388703508733
"ENSG00000188010",0.13361759505266,3.95376445976957,2.25330877123421,0.134578576510479,0.174425650222518
"ENSG00000170322",-0.117257324177633,5.30356334903788,2.2516917614443,0.134717884605981,0.174593764088184
"ENSG00000138376",-0.136501209396115,4.66459039243723,2.25142410492216,0.134740959302063,0.174611226774914
"ENSG00000142149",0.339460825530881,3.20673649834414,2.25125141120978,0.134755849603688,0.174618081546871
"ENSG00000152818",0.157929978953251,6.64706108588158,2.25040423400336,0.134828923222781,0.174700324540568
"ENSG00000238197",0.161500983279269,1.6856900022158,2.2485407847342,0.13498981268869,0.174885619492323
"ENSG00000173068",0.246368039742665,3.55415026940414,2.24852519432916,0.134991159668612,0.174885619492323
"ENSG00000197062",0.0967865694011575,3.70166227316813,2.24643062676256,0.135172263671125,0.175107772909574
"ENSG00000237765",-0.125795609419026,3.22275834357665,2.24621147960931,0.135191227727601,0.175115457054641
"ENSG00000137962",0.235648997769791,6.75756992364465,2.24609065404802,0.135201684734433,0.175115457054641
"ENSG00000119979",0.0918552820021649,4.02671960126952,2.2460283233657,0.13520707958095,0.175115457054641
"ENSG00000090376",-0.282007787774088,3.54093927402594,2.24368768747064,0.135409841758906,0.175365579743021
"ENSG00000267809",0.181743717391681,0.287392883828545,2.24249719802764,0.135513101481997,0.175486813083273
"ENSG00000174928",-0.148882483152087,0.26161382883225,2.24231098101828,0.135529261436439,0.175495244696422
"ENSG00000196172",0.221672314894851,3.80212224626493,2.24118378954624,0.135627125670481,0.175609230477556
"ENSG00000217648",0.177729986680079,0.669502302550965,2.24107472065842,0.135636599392385,0.175609230477556
"ENSG00000256540",0.205849555776456,-0.583941414084974,2.24001060881822,0.135729067215778,0.175716440637808
"ENSG00000162434",0.115596712998765,7.71170299408489,2.2396128631554,0.135763648219812,0.175748699916153
"ENSG00000164830",0.14162934259853,6.25776977176391,2.23817980522824,0.135888324112993,0.175897575899731
"ENSG00000115350",-0.142164872392011,4.84892051461637,2.23682289848339,0.136006493647496,0.176038009284135
"ENSG00000121104",0.170512600082857,3.92191839201887,2.23599267967949,0.136078852311932,0.176107715781345
"ENSG00000115524",0.0894089352126891,8.62385748375612,2.23598279636105,0.136079713964758,0.176107715781345
"ENSG00000172469",0.140160167094039,4.51287082656273,2.23550752434589,0.136121156637141,0.176148815148795
"ENSG00000145794",-0.4326257631649,3.19698559400095,2.23450564483429,0.136208564874347,0.176249386591821
"ENSG00000143398",-0.108180308458947,6.85777463983168,2.23424972788771,0.136230902289373,0.176265750219757
"ENSG00000163867",0.0776902547288799,3.65880305789641,2.2333507326823,0.136309402742657,0.176354774298154
"ENSG00000164736",0.161161736668194,1.00151434135842,2.2326504296828,0.136370588638109,0.176421386026739
"ENSG00000261560",0.229954712872473,-1.5270898558339,2.22673493245278,0.13688866493314,0.177079021180936
"ENSG00000232450",0.192422239744948,-0.861338247190349,2.22611360506731,0.136943208987491,0.177136980660301
"ENSG00000198964",0.148427225392651,5.14432682616386,2.22306278716952,0.137211384572296,0.177471246095927
"ENSG00000182093",0.13078680107363,4.32386327884301,2.22277183673786,0.137236990829132,0.177491743525582
"ENSG00000144233",-0.0912053966234224,5.51081899326841,2.22218716103649,0.137288463834396,0.177545689719852
"ENSG00000223396",0.170139293274374,2.05617604123366,2.22113199772309,0.137381412141825,0.177641714386714
"ENSG00000066336",-0.186450550820698,4.73553784462279,2.22112249515158,0.137382249536151,0.177641714386714
"ENSG00000189067",-0.128625306818794,7.95227348956371,2.22047643438195,0.137439195785588,0.177702715074164
"ENSG00000179331",-0.323447442952318,0.104351765391436,2.21923646041262,0.137548566325425,0.177831484527071
"ENSG00000167851",-0.167077016546868,3.52100520750826,2.21812722294053,0.137646488508878,0.177945435567522
"ENSG00000180354",-0.192213819846951,5.04582339502852,2.21670055926515,0.137772548222728,0.178095743217838
"ENSG00000144566",0.0891833359499078,6.06081720562383,2.21579112400601,0.137852973641237,0.178179623323538
"ENSG00000136160",-0.244762628679069,3.15174348544689,2.21574527270485,0.137857029877327,0.178179623323538
"ENSG00000167671",-0.134650151052342,6.3160615063874,2.2146973653654,0.137949769696081,0.17828681952905
"ENSG00000145819",-0.209186636959801,4.60986111540248,2.2121421054359,0.138176205199948,0.17856677704822
"ENSG00000133805",0.151056419311029,4.03064477357666,2.21200416129916,0.13818844109595,0.178569901716031
"ENSG00000173227",0.343919959608944,5.42383810768763,2.20823115088346,0.138523588104973,0.1789902685744
"ENSG00000124380",0.0787540104401138,4.32348784051041,2.20797312582479,0.138546541280215,0.179007209831963
"ENSG00000143195",-0.319100901825331,1.1319907464608,2.20569321000025,0.138749542586818,0.179256760943958
"ENSG00000116701",-0.177752264497331,4.52310812588822,2.20392948169853,0.138906813232079,0.179447199308548
"ENSG00000235618",-0.192112401877992,-1.10984789385729,2.20185466906246,0.139092080537143,0.179673775625678
"ENSG00000165813",0.139238806889286,5.36907909878221,2.20128979857436,0.13914256806754,0.179726228819858
"ENSG00000198464",0.107107228385988,4.84714382171191,2.20080333013613,0.139186064673847,0.179769645241296
"ENSG00000072071",0.18179252205091,6.11985034946349,2.19915356138031,0.139333689723182,0.179947535942997
"ENSG00000100526",-0.154931224602142,4.06600289732693,2.19903468426764,0.139344333937895,0.179948505088216
"ENSG00000198502",-0.289776104039696,7.32242116686509,2.19882713652887,0.139362919888378,0.179959729281493
"ENSG00000129933",0.0988080083250855,6.11784394403638,2.19861398011407,0.139382011008603,0.179971604161896
"ENSG00000196693",-0.137471209441786,5.315602989937,2.19779733815667,0.139455179961933,0.180053298299683
"ENSG00000038532",0.099365602786025,5.3404028717728,2.19488260251566,0.139716686178255,0.180378129486805
"ENSG00000105829",-0.0999870839540966,4.72289379455537,2.19370636834244,0.1398223730323,0.18050176170853
"ENSG00000089351",-0.117151847341616,6.63539088739557,2.193517605048,0.139839342169815,0.180510855598623
"ENSG00000177406",-0.182012215863201,3.54745942924414,2.19337665335393,0.139852014733168,0.180514402382149
"ENSG00000174137",-0.186317225224417,1.21705837673281,2.19239217919597,0.139940562137803,0.180604027748533
"ENSG00000109466",-0.151221163297298,4.14062021220065,2.19237543846538,0.139942068410785,0.180604027748533
"ENSG00000123388",0.400314114240941,3.12007587013819,2.19227350120037,0.139951240767969,0.180604027748533
"ENSG00000141252",-0.0953638496635805,5.51957264605644,2.19160265199448,0.140011620986832,0.180669128237567
"ENSG00000114353",0.0967711882396234,8.21716279711524,2.1911498539114,0.14005239199421,0.180708917819998
"ENSG00000121807",-0.257153571852231,2.8002154414479,2.19041938657429,0.140118193248474,0.180780995871693
"ENSG00000165113",0.1503766917765,2.83652717064693,2.19007349920111,0.140149363315879,0.180808385585842
"ENSG00000145354",0.100973892842866,4.78529971921658,2.18928079555598,0.140220828313996,0.180887752704089
"ENSG00000105619",-0.183239130973324,3.68009143611406,2.18756164226396,0.140375957385729,0.181075029285932
"ENSG00000258526",-0.231169118197682,-1.18183669969242,2.18724575720636,0.140404482575925,0.181098980858869
"ENSG00000075413",0.0934416228114458,6.16293875667514,2.18693340655737,0.140432695035882,0.181122525692287
"ENSG00000125740",0.428083576851482,4.77363683178757,2.18510601402523,0.14059787901075,0.181322713142418
"ENSG00000185670",0.0945398603386674,2.59226177437127,2.18428199093833,0.140672436912634,0.181406004152509
"ENSG00000138463",0.111186543231366,4.42363018510207,2.18239999829338,0.140842887778918,0.181612934627648
"ENSG00000112053",-0.282159548302767,-0.834164393508022,2.18154402050404,0.140920490302144,0.181700118929207
"ENSG00000104413",-0.124389835160501,7.86842010777289,2.18055940396934,0.14100981488422,0.181802403991932
"ENSG00000145864",-0.391759900476284,0.919919970742049,2.17934631643212,0.141119954346491,0.181931509048339
"ENSG00000128849",-0.238806309744689,4.99448538281634,2.17716030254795,0.141318673838739,0.182174784873413
"ENSG00000000419",0.110523293323112,5.63252978053353,2.1765000758346,0.141378753864224,0.182239317879695
"ENSG00000169783",0.3503728200823,4.63000390757828,2.17431186423544,0.141578085548633,0.182483326479948
"ENSG00000117650",-0.1518532853054,5.46438026846619,2.17221026850254,0.14176982611897,0.182717516826235
"ENSG00000110344",0.158120235366682,5.4594075126483,2.17190728227429,0.141797493478338,0.182740226130802
"ENSG00000161547",-0.0861320911192577,7.01806714496514,2.17022131274898,0.141951560246557,0.182925816760973
"ENSG00000156976",0.116477913268728,8.40217842053812,2.16927237838768,0.142038358698393,0.183024701948734
"ENSG00000253330",-0.226511451833388,-0.894925206167069,2.16547428102898,0.142386369531558,0.183460136656275
"ENSG00000123384",0.187676215445624,8.34276178693433,2.15997589214834,0.142891883598178,0.184098433015772
"ENSG00000148343",0.117953596694957,4.15601109542596,2.15951323115141,0.142934512491637,0.184140311177071
"ENSG00000125107",-0.151006842615524,7.57324846727847,2.15837520831927,0.143039429438204,0.184262422453577
"ENSG00000102575",0.31217867105702,6.54494488137074,2.15809474414017,0.143065299455041,0.184282695926933
"ENSG00000182150",0.122743049611158,4.51461677393453,2.15702720543687,0.143163817654967,0.184396538170706
"ENSG00000160013",-0.15742375859986,1.50349276095993,2.15657430108236,0.143205637284372,0.184437341093908
"ENSG00000166136",-0.138692117119472,1.68676830167075,2.15463181287425,0.143385156784196,0.184655472037878
"ENSG00000197124",0.178025380043045,2.99972071052151,2.15452125727578,0.143395381688743,0.184655565148319
"ENSG00000135211",-0.112454616441656,4.2219316582351,2.15163985867789,0.143662163463872,0.184986012678295
"ENSG00000241741",-0.1578245849029,-0.724752254144023,2.15055074643302,0.143763147989919,0.185102940368161
"ENSG00000069345",0.107432215366316,6.50114118800631,2.14887820512053,0.14391838561386,0.185289700399582
"ENSG00000132274",-0.197600326441082,6.06506093980354,2.14823288905725,0.143978331612691,0.185353758166168
"ENSG00000187954",-0.159281304151792,5.98814329325781,2.14681194992824,0.144110428014125,0.185510684742084
"ENSG00000272221",-0.224213061684509,0.86479948261861,2.14571892987835,0.144212133057446,0.185628469642522
"ENSG00000264107",0.18840843962235,-1.7559533091352,2.14510574181489,0.144269225521645,0.185677381623194
"ENSG00000117560",-0.308816414274408,1.0255682220538,2.14502121012908,0.144277098070198,0.185677381623194
"ENSG00000267296",-0.260631393468403,1.49223936098473,2.14498190861126,0.144280758438564,0.185677381623194
"ENSG00000178031",0.200574428344959,2.65343895829989,2.14338457032213,0.144429616430705,0.185855189436647
"ENSG00000160953",0.114045451603598,4.84039105017344,2.14328006724119,0.144439361264955,0.185855189436647
"ENSG00000277476",0.192204111484826,1.00635242033898,2.14230472477251,0.144530347130843,0.185959108207114
"ENSG00000270673",-0.250643574861362,0.536483267874862,2.1415352627994,0.14460217301339,0.186038361941539
"ENSG00000226287",0.172366509941991,1.10124943387399,2.13539044866653,0.145177217055388,0.186764975513043
"ENSG00000126247",-0.117267034812895,8.5548695369484,2.13527214537893,0.145188313501926,0.186766040453571
"ENSG00000130522",0.16454720896733,7.00300755714444,2.13231160502405,0.145466315293728,0.187110420266076
"ENSG00000104967",-0.179079619159271,2.01538635393382,2.1313587992876,0.145555914278874,0.187212429736522
"ENSG00000083535",-0.114161166154879,4.37635132004094,2.13072911289484,0.145615162415205,0.187275390610079
"ENSG00000226332",0.201693849339866,0.112117145507528,2.12885581668502,0.145791585328211,0.187489030188043
"ENSG00000267369",-0.271290090126213,0.252048513109391,2.12864605064159,0.14581135571018,0.187501197515325
"ENSG00000174013",-0.11618569986729,5.63276196894681,2.12847317521735,0.145827651447283,0.187508895335679
"ENSG00000100344",-0.392084041336051,2.01604243046589,2.12799383580155,0.145872846163689,0.187553748481915
"ENSG00000176225",-0.138371846647966,4.09927479105294,2.12602824907448,0.146058338436027,0.187776153817785
"ENSG00000175886",-0.151022838953494,-0.890614638881412,2.1259421074239,0.146066473730703,0.187776153817785
"ENSG00000231246",0.283784183964255,-0.635103910175839,2.12489150433465,0.14616573497651,0.187890479026981
"ENSG00000173905",-0.14439038455189,5.97810352221842,2.12388984033447,0.146260443662742,0.187998936348971
"ENSG00000134769",0.309975058051551,4.65897865454278,2.12377936217815,0.146270893781267,0.187999082474291
"ENSG00000085998",0.0987520156278209,6.31341467693926,2.12240477939767,0.146400986256886,0.1881529916648
"ENSG00000267064",-0.149636753625402,0.0843396945458979,2.11983170397124,0.146644858599053,0.188453097449274
"ENSG00000078699",0.101017858459092,5.6080848681763,2.11967467234707,0.146659756736649,0.188458927195575
"ENSG00000280173",0.147717191036975,1.18764101797281,2.11847573481155,0.146773560721989,0.188591841922398
"ENSG00000163827",-0.254393014785741,-0.66772373195572,2.11240917690701,0.147350940587666,0.189315428813375
"ENSG00000279415",-0.24858713394834,-0.957236437108728,2.11234022989215,0.147357517358201,0.189315428813375
"ENSG00000016391",0.185818815976336,5.22006810686232,2.1117117289984,0.147417484640975,0.189379093844473
"ENSG00000260997",-0.223040174200476,0.286067498910535,2.11134828045309,0.147452175066856,0.189410280395224
"ENSG00000139351",0.267809253734142,-0.908030246070816,2.11083990969065,0.147500713565606,0.18945924988215
"ENSG00000128266",-0.203533513785802,3.45703628835102,2.10873207076455,0.147702160494306,0.18970460384651
"ENSG00000234500",-0.217769634623055,-1.13757411924397,2.10683490706707,0.147883740143428,0.189924407974062
"ENSG00000276023",0.13297076078534,4.72817490015407,2.10469615713355,0.148088746189223,0.190174265034922
"ENSG00000197536",0.202836272866385,2.35483000665229,2.1034137304383,0.148211825620418,0.190307338307197
"ENSG00000286342",0.344395491694083,1.52219240619493,2.1033984059703,0.148213297070676,0.190307338307197
"ENSG00000120899",-0.157859603843062,5.19743292561475,2.10304163760136,0.148247558537725,0.190337893172677
"ENSG00000006704",0.100365661330738,5.38610784800501,2.10284226055562,0.148266709191313,0.1903490440299
"ENSG00000169826",-0.113586833388764,5.32826145705299,2.10222215912976,0.14832628940817,0.190412094279771
"ENSG00000233672",0.217277149643691,-0.665741623476562,2.10157475369211,0.148388522041474,0.19047854039737
"ENSG00000135454",-0.327244349235943,3.05111492539276,2.10092741337514,0.148450778060875,0.190545007153931
"ENSG00000152078",-0.270216408317053,4.03263604094945,2.10023241093467,0.148517650860762,0.190617390011682
"ENSG00000099910",0.112201881451734,4.39330239217409,2.09831438598686,0.148702379848301,0.190841016418353
"ENSG00000183723",-0.177652252134306,6.38263004054706,2.09797182086009,0.148735400469181,0.190869926178894
"ENSG00000136059",0.199901349236789,2.75435991149951,2.09759610249292,0.148771626381763,0.190902944873113
"ENSG00000182534",-0.168272212014087,5.98067572875396,2.09682254717094,0.148846242392377,0.190985217399122
"ENSG00000151690",0.163466894860748,6.38084405999567,2.09657645762006,0.148869988740917,0.191002211852413
"ENSG00000185608",0.127890621399582,5.02457319655875,2.09566407223193,0.148958066697556,0.191101736410746
"ENSG00000152240",-0.144037305371352,4.74494255355804,2.09538954766819,0.148984579760953,0.191122269480336
"ENSG00000130935",0.112317700441914,6.47493255710762,2.0948101918734,0.149040550444957,0.19118058618329
"ENSG00000215041",0.103107254499029,3.8602949403074,2.09463422246956,0.149057555311208,0.191188915091696
"ENSG00000244754",0.117870855228673,6.14430995525834,2.09370346648241,0.149147535918948,0.191290838678078
"ENSG00000174516",0.161643828993052,3.7122585401661,2.09278565649642,0.149236325409977,0.191391220318478
"ENSG00000225051",-0.221195392840607,-1.18720200457915,2.09216732164808,0.149296177354784,0.191441625155587
"ENSG00000169918",0.209618707277585,0.927078512866455,2.09216213260713,0.149296679745263,0.191441625155587
"ENSG00000064042",-0.228522758374188,6.20181592375345,2.09181010239838,0.149330766950377,0.191471835692172
"ENSG00000287710",0.206493696256712,-0.936957986929673,2.09120758588954,0.149389129352035,0.191533165420472
"ENSG00000229932",0.170048022673717,-0.530965889604294,2.09101911073232,0.149407391207144,0.191543076850323
"ENSG00000160194",-0.101130939363701,5.59645822423316,2.09017067088008,0.149489630201363,0.191635000993966
"ENSG00000197713",-0.0977715566541185,5.54703059024728,2.08997283631948,0.149508813634859,0.191646085163916
"ENSG00000087076",0.266101151539285,3.0573774425694,2.08895815299801,0.149607248464016,0.191758748066492
"ENSG00000184009",-0.105684426943959,12.0167727531904,2.08859462999092,0.149642531892992,0.191790456632354
"ENSG00000069188",-0.390401477131509,3.69381013077843,2.08797861376139,0.149702343828885,0.191853595656691
"ENSG00000167074",0.157047141604609,4.65213206413759,2.08637904122921,0.149857780833428,0.192039267089296
"ENSG00000118804",0.190797809334406,0.542996317250847,2.08554541521326,0.149938860393147,0.192129631733871
"ENSG00000148948",0.35722910878649,2.05485938253362,2.08453596332527,0.150037107769059,0.19224198070473
"ENSG00000198888",0.180311403098904,11.5904267976818,2.08408937044334,0.150080596864016,0.192284157210674
"ENSG00000153956",0.224567173331298,3.41410701574252,2.08169929029516,0.150313585959619,0.19256909920642
"ENSG00000180875",-0.367124172219909,0.175932740679836,2.08114881814135,0.15036730517543,0.192624351777062
"ENSG00000069275",-0.10260383629206,9.31442380654333,2.08065529989437,0.150415484960306,0.192672500912603
"ENSG00000167685",0.125239992667292,5.04210722874254,2.07826768431368,0.150648824307312,0.192957803978971
"ENSG00000149115",-0.133714866160967,7.83934297444877,2.07797824721283,0.150677138680496,0.192980480129629
"ENSG00000198040",0.111731211453218,5.45887606625046,2.07742261706777,0.150731510526008,0.193036523971766
"ENSG00000009724",0.207701157073826,-0.0333461760466391,2.07594398145135,0.150876312913594,0.193208362970672
"ENSG00000240370",-0.145229258098926,0.182227412234689,2.0739752906147,0.151069351938697,0.193441944034147
"ENSG00000099821",-0.120203086516967,5.20964073857801,2.07350152910201,0.151115848328743,0.193487859866468
"ENSG00000072062",-0.0909796167236532,6.93511883463175,2.0723895771427,0.151225042630268,0.193601554455906
"ENSG00000105472",0.221779822810484,3.49752086219645,2.07238050579226,0.151225933811033,0.193601554455906
"ENSG00000118482",0.119218575403474,6.89821270061339,2.07212480680582,0.151251056456201,0.193620088318229
"ENSG00000182004",-0.124952343035268,6.48484351191548,2.07154715540374,0.151307828686876,0.193679132110416
"ENSG00000189144",-0.172497035390299,1.51882598296752,2.07065773502411,0.15139528934046,0.193777447046044
"ENSG00000100379",-0.158478341867141,3.65281909400144,2.07035626117069,0.151424947655965,0.193801769612743
"ENSG00000228793",0.347592689623891,-0.158328836613443,2.06956638174169,0.151502685567486,0.193887619272547
"ENSG00000173545",0.106360074683319,5.06743499351712,2.06638164546538,0.151816580249339,0.194275660421795
"ENSG00000116497",0.0864081083825983,5.02953666986892,2.06575241997325,0.151878685650151,0.194341461559374
"ENSG00000267904",0.196035094596529,0.16152220871278,2.06479109608905,0.151973625462355,0.194449264854683
"ENSG00000260293",-0.264502681815398,0.66360227567056,2.06326288253566,0.152124690090021,0.19462885926824
"ENSG00000237172",-0.164212871679299,3.39697541565692,2.06252692611385,0.152197500713779,0.19470831701359
"ENSG00000105738",0.134277487307009,6.60103067562573,2.06171294100135,0.152278077193067,0.194797697846919
"ENSG00000117614",-0.0791749294395925,5.68509488978718,2.05586081337067,0.152858812237506,0.195526835711074
"ENSG00000211892",-0.477340259367708,7.54071106960259,2.05427194829674,0.153016918178433,0.195715309973934
"ENSG00000135441",0.148937243395396,1.94517195480168,2.05239316950136,0.153204113524979,0.195940961732109
"ENSG00000026297",-0.206646456673644,4.85777550465979,2.0521552655771,0.15322783609733,0.195957522355382
"ENSG00000178127",0.20770301227622,-0.369346615142405,2.05107322702496,0.153335784316543,0.196081786201876
"ENSG00000167136",-0.193006570573551,0.148255520663368,2.04845118261305,0.153597728933878,0.196397019288001
"ENSG00000236088",0.125625755997263,3.16086005616576,2.04838954577726,0.153603892641952,0.196397019288001
"ENSG00000225159",-0.192168570665043,-1.42752094493799,2.04702384954717,0.153740535160638,0.19655791181651
"ENSG00000108064",-0.114507641663415,5.9920940840524,2.04489306287672,0.153954004391981,0.19681699809386
"ENSG00000105556",-0.100150026318383,4.06966519566193,2.04349887139289,0.154093861968722,0.196981948375536
"ENSG00000123815",0.108412261536659,4.96530732963749,2.04319065502129,0.154124800078215,0.197007650841421
"ENSG00000175606",0.137796490753677,5.21027733173264,2.04210003415725,0.154234331185561,0.197133802923612
"ENSG00000103089",-0.350161569408305,2.87647754285811,2.04192082728896,0.154252337429292,0.197142963471573
"ENSG00000140157",-0.110735079660666,5.41173369577963,2.03936220357803,0.154509682961485,0.19745799000165
"ENSG00000108370",-0.246380493449303,3.03982287561992,2.03479171030215,0.154970601289533,0.198033112924473
"ENSG00000164134",-0.103184933150517,6.42368581637593,2.03442350140564,0.15500780209508,0.198066734895694
"ENSG00000088854",0.117318551686492,4.4018126798352,2.03419932952277,0.155030455572327,0.198081765082506
"ENSG00000183458",0.189157175484558,0.824282906503044,2.03141277678935,0.155312363571204,0.198428018308026
"ENSG00000134028",-0.32953006524055,4.22939554071347,2.03104891232406,0.155349217914796,0.198461162845706
"ENSG00000228253",0.201607710090201,7.78404283633322,2.03093055313581,0.155361208184008,0.198462540697481
"ENSG00000133665",-0.395843739962827,0.540355877166426,2.02977024181966,0.155478808404117,0.198598817842129
"ENSG00000259826",-0.163500011157333,-0.242253879328729,2.02878540751345,0.155578703341105,0.198712461823596
"ENSG00000124813",0.217141627986596,4.41481122665974,2.02789798577252,0.155668780156195,0.198813550556904
"ENSG00000136104",-0.122833200839574,4.96121168735779,2.02777216647217,0.155681556130358,0.198815906677359
"ENSG00000285184",-0.174024284353496,1.8211119564541,2.0250283270968,0.155960469638261,0.199158114286365
"ENSG00000147421",-0.136225114536863,3.89525934867742,2.02450091404247,0.156014146947019,0.199212672330271
"ENSG00000245532",0.298509935255396,8.53097071325351,2.02349843223273,0.156116232399619,0.199329030177906
"ENSG00000008311",-0.186586436642799,3.14517873972664,2.0231282060073,0.156153952827929,0.199363196268031
"ENSG00000135437",-0.24399406509384,-1.302893108597,2.02285318284485,0.15618198024719,0.199373242845212
"ENSG00000129071",-0.0939263931692338,5.84974689346922,2.02283586244131,0.156183745549735,0.199373242845212
"ENSG00000104974",0.184375486294318,-0.0739140426473147,2.02198208734963,0.156270790902307,0.199470358967728
"ENSG00000106588",0.171143371188407,-0.300936856252924,2.02133966354667,0.156336324779429,0.199540005269351
"ENSG00000125648",0.142681308492585,5.82044322585328,2.0207913758005,0.156392280629106,0.199597417730839
"ENSG00000172922",-0.145780783852915,4.47580358755143,2.02046820713532,0.156425272523631,0.199606565159018
"ENSG00000170430",0.15481080809986,4.77536894594375,2.02045546641518,0.156426573371053,0.199606565159018
"ENSG00000260942",-0.134255830300714,1.28445777049978,2.02039867629501,0.156432371881276,0.199606565159018
"ENSG00000151014",-0.195807478843248,3.81110992615485,2.01996547405085,0.156476611732654,0.199649008361524
"ENSG00000072135",0.0956146510751781,6.52599855977302,2.01693782164491,0.156786203511884,0.200029985232473
"ENSG00000186591",0.103319168879013,7.86064617711835,2.0165798261744,0.156822856479335,0.200062714010391
"ENSG00000166004",-0.159690201616229,4.14972895521903,2.01517044543459,0.156967249518499,0.200232875174811
"ENSG00000151150",-0.196393350239358,5.65857821833979,2.01384036075768,0.157103657899943,0.200392827679652
"ENSG00000175582",-0.111989220414897,7.62617422215061,2.01371218886756,0.157116809870814,0.200395549644485
"ENSG00000227345",0.101571602724154,4.91837319374709,2.01351687397673,0.157136853937034,0.200407061174305
"ENSG00000129467",0.159080078782962,2.72525659606585,2.01297892480665,0.157192075736653,0.200463432442733
"ENSG00000272092",0.247044819894575,-1.10649656656448,2.01126071840602,0.157368602423896,0.200674482288846
"ENSG00000142233",-0.297812882243969,-0.964543616977058,2.0052738657053,0.157985457902534,0.201446964969945
"ENSG00000228451",0.160603107421198,1.44629394990684,2.00499326651336,0.158014437191057,0.201469792052642
"ENSG00000143297",-0.448762195628249,2.70944137612516,2.00401117813599,0.158115911667889,0.201578113077127
"ENSG00000204650",0.129954059138467,3.76436396235062,2.00389004913125,0.158128432507666,0.201578113077127
"ENSG00000230445",-0.309481758080486,1.95860139558325,2.00380531356563,0.158137192111382,0.201578113077127
"ENSG00000130748",-0.178599100627312,1.97116529242439,2.00374210810499,0.158143726385393,0.201578113077127
"ENSG00000066933",-0.135375908759133,5.3357223300187,2.00314035760894,0.158205951706757,0.201643297101787
"ENSG00000091986",0.202605007536697,7.32953313429583,2.00128531951097,0.158397952240999,0.201873866958117
"ENSG00000205578",-0.181734932461503,-1.05796452374566,1.99912728392902,0.158621649130352,0.202144797812699
"ENSG00000137338",-0.166867718822287,2.98525511333671,1.99774372131407,0.1587652560841,0.202313632569019
"ENSG00000186056",-0.156329329779372,0.485373367079758,1.99759468565224,0.158780734120243,0.202317859062166
"ENSG00000111816",0.227991552915636,5.13401120352085,1.99749757709781,0.158790820217309,0.202317859062166
"ENSG00000158296",-0.265445924504441,2.84908275546629,1.99695294332406,0.15884740172478,0.202375773505905
"ENSG00000174106",0.117415700521409,5.39511448542671,1.99589241715208,0.158957645028274,0.202493486417976
"ENSG00000140450",0.172699359020149,4.59012294537072,1.99584993584472,0.158962062847804,0.202493486417976
"ENSG00000106538",-0.241105486949958,5.35077138520929,1.99537929802366,0.159011015962865,0.202541659663323
"ENSG00000100865",0.115298548471575,4.79589682218555,1.99385488538293,0.159169695311275,0.202729581114948
"ENSG00000144895",-0.0850198492414286,6.91367061931788,1.99047960585394,0.159521680587181,0.203163666866442
"ENSG00000183439",0.189077374039329,-0.996205331240882,1.99035700385671,0.159534482685901,0.2031657450701
"ENSG00000280219",0.250526002902347,1.38287358416258,1.98956335327637,0.159617384121637,0.203251526189578
"ENSG00000111684",0.144568658259909,4.00859289559494,1.98949820164498,0.159624191779851,0.203251526189578
"ENSG00000204314",0.194204883900943,1.11783145352616,1.98905532826759,0.159670476185872,0.203296228272219
"ENSG00000114209",-0.096066234514914,5.78723140353431,1.98832998348363,0.159746314685385,0.203366062005711
"ENSG00000182389",0.337142844203854,1.61417466417998,1.98831686356364,0.159747686819639,0.203366062005711
"ENSG00000166313",0.184835904201129,4.34684128693839,1.98797025768201,0.159783941150875,0.203397978839034
"ENSG00000214975",-0.367779168306435,1.60766212483478,1.98743193742322,0.159840267128039,0.203455439745592
"ENSG00000169567",0.107925732720508,7.45235748914415,1.98701403935439,0.159884008663919,0.203496875407933
"ENSG00000173120",0.10043738278096,7.59216362665004,1.98366415947655,0.160235137490696,0.203929513727575
"ENSG00000154721",0.168995969560341,3.53544201625832,1.98235058448005,0.160373065211299,0.204090771764841
"ENSG00000099219",0.167080790691928,6.9785982319257,1.98181858500167,0.160428964792443,0.204138673620239
"ENSG00000175854",0.11464899805792,4.36661704338704,1.98177872683861,0.160433153767742,0.204138673620239
"ENSG00000058272",0.102544182146537,6.27342057632546,1.97997054350651,0.160623320334801,0.204366348391001
"ENSG00000206567",-0.144888326643006,2.76081894517394,1.97967003127392,0.16065495021137,0.204392293959458
"ENSG00000166888",0.119615735800754,7.09726356988933,1.97701922950969,0.160934264911487,0.204733329384495
"ENSG00000286223",-0.162995787046551,-0.710579702728835,1.97606375263432,0.161035079804861,0.20484725356629
"ENSG00000068971",-0.10464738600019,4.29461118010061,1.97533217103716,0.161112319836187,0.204931175129769
"ENSG00000196305",-0.111455540092216,7.64405648327999,1.97513669514983,0.161132965272999,0.204943102964007
"ENSG00000167914",0.303229711375104,0.298779570961152,1.97463123581065,0.161186364067687,0.204996684823655
"ENSG00000137261",0.422497998898674,1.57104326197084,1.97452179954576,0.161197928033566,0.204997057409768
"ENSG00000186272",0.0995609874295958,2.60036275186618,1.97432024860511,0.161219228107236,0.20500444666484
"ENSG00000257497",-0.23069602168322,0.727486468333824,1.97425351440684,0.161226281344506,0.20500444666484
"ENSG00000136874",0.0939665617382776,5.54123254589769,1.97374466348051,0.161280074191391,0.205058510268649
"ENSG00000176208",-0.134173147743145,3.64082907373495,1.97297283206776,0.161361707120783,0.205147960933371
"ENSG00000172613",0.12742132571627,4.02345434099461,1.97209450451115,0.16145466125948,0.205251791359993
"ENSG00000198712",-0.176961995895893,12.289334428295,1.97092796507142,0.161578212016641,0.205394500989563
"ENSG00000282870",0.261175057117522,-0.99081892118599,1.97066054105566,0.161606550751345,0.205416167801066
"ENSG00000225783",0.254000615999578,2.70831599773496,1.96969398844375,0.161709023177179,0.205523157565214
"ENSG00000239961",0.303641743903613,0.228486413300021,1.969653452098,0.16171332240575,0.205523157565214
"ENSG00000274605",-0.232780924300225,2.83319254379636,1.96515714248813,0.162191009311945,0.20611585224746
"ENSG00000135457",0.113051576389733,5.63260149444342,1.96466183807385,0.162243729216825,0.206168444560582
"ENSG00000165959",-0.182860133265925,6.23884549797384,1.963623861546,0.162354274583739,0.206294505108918
"ENSG00000174032",0.134166841812826,4.22282275225932,1.96298285343637,0.162422585633888,0.206366887007276
"ENSG00000124226",0.118098250992399,6.99599259731984,1.96232534400035,0.162492689456695,0.206441536451408
"ENSG00000114978",-0.0771344415199147,7.62456884780787,1.96214755578595,0.162511651242477,0.206451205755267
"ENSG00000125675",0.435047497326972,1.31882040860423,1.96135757366664,0.162595936529208,0.206543853442746
"ENSG00000184949",0.147708486176763,2.47892654602509,1.95561376680945,0.163210268872393,0.207309754190312
"ENSG00000074356",0.0842945829053851,5.60238883382567,1.95544050668731,0.163228841358756,0.207316086406265
"ENSG00000239912",0.141361002734605,-1.5964783540877,1.95535459868526,0.163238051100953,0.207316086406265
"ENSG00000229152",-0.177311136454108,2.66887209141145,1.95454021167659,0.163325386855362,0.207412521723595
"ENSG00000108055",-0.0987750693960677,6.82649759823932,1.95268017309013,0.163525060660366,0.207650833592153
"ENSG00000173409",0.130655739599836,5.01323462111615,1.95257948430424,0.163535877522212,0.207650833592153
"ENSG00000083099",-0.0941476776677433,5.58071638200536,1.95176471326082,0.163623437512509,0.207747510050786
"ENSG00000180758",-0.163519250068162,4.85140407801066,1.94935631955344,0.163882572256815,0.208062000852083
"ENSG00000177337",0.153971855029382,2.59578292627634,1.94895956091362,0.163925307296413,0.208101730237115
"ENSG00000235508",-0.172627447558333,-0.308767068633592,1.94876400092781,0.163946375852864,0.208113950587095
"ENSG00000253978",0.229862111469304,-1.4762068641172,1.9458082493369,0.164265191284871,0.208504103502633
"ENSG00000110888",-0.127146363051724,4.15201291555808,1.94534530653043,0.164315190033106,0.208553013002242
"ENSG00000260290",-0.144762452312072,-1.27128074929949,1.94508321322262,0.164343504384235,0.208574395209019
"ENSG00000273142",0.169889104333011,3.09758149140354,1.94361698188212,0.164502007078602,0.208760989725482
"ENSG00000269054",0.176971789292924,-0.566337087997357,1.94238781333509,0.164635018125012,0.208915210329849
"ENSG00000145649",-0.283833879578684,3.11419969288361,1.94214076060615,0.164661767158792,0.208934576606956
"ENSG00000138587",0.20958046581984,2.07613915885195,1.9408275319157,0.164804037654141,0.209100511813988
"ENSG00000162614",-0.176345134875512,3.54103791500061,1.94016180550604,0.164876214020777,0.209177495857275
"ENSG00000096060",-0.207942994381764,6.73325011417028,1.9393592282924,0.164963275703538,0.209273352758314
"ENSG00000198131",-0.104140492043115,5.15737039613694,1.93573525791102,0.165357053996102,0.209758271591651
"ENSG00000149609",-0.188307838958238,-1.01300291098809,1.93557991117406,0.165373958008662,0.209765084612702
"ENSG00000274925",0.155356042976992,1.37225573741271,1.93268676353428,0.165689138411475,0.210150212651876
"ENSG00000144283",0.100873537324313,6.98448410948497,1.93211451915633,0.165751560677467,0.210214726002494
"ENSG00000197217",-0.116891729154059,5.62999065063332,1.92650688117561,0.166364693239118,0.210977621017507
"ENSG00000166546",-0.238459074009378,0.700004874933674,1.9247136447478,0.166561313878095,0.211208237846097
"ENSG00000238273",-0.332058097915612,-0.87556162638734,1.92463658369491,0.166569769279988,0.211208237846097
"ENSG00000198346",0.148298189830752,3.61570037983564,1.92420291875941,0.166617361689115,0.211253856702797
"ENSG00000185480",-0.136810780773979,3.04013348870435,1.92374673993696,0.166667441764463,0.211302623087415
"ENSG00000178397",-0.0852347466742164,4.79201335498052,1.9229221900281,0.166758006191202,0.211402705555557
"ENSG00000149182",0.087412138357182,6.73121338631086,1.92280431355651,0.166770957777747,0.211404389466244
"ENSG00000272927",0.295205542117842,-0.56809430961859,1.92143048322188,0.166921991730178,0.211581098723846
"ENSG00000163492",-0.239697675780789,-0.909421138898324,1.92086803628465,0.166983870531203,0.211644783081639
"ENSG00000279392",-0.12940452686476,-0.946837015912894,1.91958685145431,0.167124921411834,0.211808798734474
"ENSG00000130338",0.122362048482997,6.26408464220748,1.91621301533705,0.167497017473827,0.212265590427394
"ENSG00000125810",0.13433843923251,6.28285839253134,1.91554924714929,0.167570335855916,0.212343709924573
"ENSG00000110448",-0.247493163691057,3.28509441069265,1.91509823291251,0.167620174988055,0.212392067903215
"ENSG00000150281",-0.245958741996514,2.552668386868,1.91429695414297,0.167708762058284,0.212489513362318
"ENSG00000114268",0.14036988181198,3.85613460215157,1.91090860062608,0.168083965240426,0.212950066856567
"ENSG00000186314",-0.163592691957739,1.9609606419035,1.91021183163735,0.168161240494514,0.213033129631136
"ENSG00000101367",0.0880743693293532,7.65417315829105,1.90856757146205,0.16834375968647,0.213249498619412
"ENSG00000142686",-0.0951633764327143,4.64027724573464,1.90842641940827,0.16835943874097,0.213254507404469
"ENSG00000260086",-0.165192211139647,-0.571082702108615,1.90781880038019,0.168426951778227,0.21332516705727
"ENSG00000163743",0.0959080230481057,4.56738731307174,1.90655897757604,0.168567031115407,0.213487721044985
"ENSG00000008282",0.112277042628381,7.26560522699072,1.90564091614714,0.168669194666946,0.213602235942238
"ENSG00000279759",0.26207207912943,1.3181970512853,1.90256176956815,0.169012369134478,0.21402192925001
"ENSG00000241370",-0.167428806323778,-0.75504586776905,1.90145372453882,0.169136058909942,0.214163647970901
"ENSG00000136819",-0.0813764769262042,5.92232189877778,1.90022170363082,0.169273710509682,0.214323024486606
"ENSG00000233818",0.188762976357872,-1.15895475769383,1.8999364674894,0.16930559786868,0.214348476544309
"ENSG00000065526",-0.0966829230579296,6.83716723186607,1.89813847797446,0.169506759731809,0.214588219252603
"ENSG00000091844",0.161091918733187,0.768535043249795,1.89734133154009,0.169596033889047,0.214686293455874
"ENSG00000180229",0.321631667949391,0.938793409527568,1.89574414310351,0.169775069699435,0.214897972558516
"ENSG00000066056",0.139228999709764,4.27215590421898,1.89544246246492,0.16980891086639,0.21492585044105
"ENSG00000081154",-0.073422364932915,7.02601728143357,1.89478003405896,0.169883246385791,0.215004974272129
"ENSG00000132185",-0.43743660169504,1.31018459024827,1.89463154607128,0.169899914364885,0.215011107881195
"ENSG00000237015",0.164735392213462,-1.39146696570422,1.89409850311509,0.169959764706195,0.215071884817107
"ENSG00000174652",-0.122712215931072,5.10353628493522,1.89249935865431,0.170139463463929,0.215284302315427
"ENSG00000281501",0.164126252674083,0.948846206271761,1.89221689178996,0.170171227549678,0.215309515594682
"ENSG00000286064",0.198753252537856,-0.529991703496121,1.89093652593079,0.170315293626453,0.215476805820668
"ENSG00000150893",-0.461743579207987,3.26512050968556,1.88979294801191,0.170444087389047,0.215624752134103
"ENSG00000108958",-0.12501271165887,-0.518900639130174,1.88924134820091,0.170506250674239,0.215688391101895
"ENSG00000225648",0.102885085029585,3.89739526240233,1.88906962361316,0.170525608748626,0.215697876898255
"ENSG00000156110",0.121582477837475,5.37244617120456,1.8880884676615,0.170636260611608,0.21582283087649
"ENSG00000153165",-0.17981694657539,-1.32113167333974,1.887046034538,0.170753913935126,0.215956622394275
"ENSG00000242852",0.176175607738045,-1.65867819764935,1.88476237595295,0.171011984514337,0.216267972072505
"ENSG00000176542",0.11328287926351,5.37252077974128,1.88436388098853,0.171057063564772,0.216309940354312
"ENSG00000182327",0.221807512119881,-1.16597740921084,1.88203733890674,0.171320523629237,0.21662803696945
"ENSG00000131016",0.21297132431893,4.6226061946386,1.88080645226065,0.171460100028226,0.216789454244934
"ENSG00000184719",-0.214011612991253,2.99883877967748,1.88025056367002,0.17152317806021,0.216848800334712
"ENSG00000108798",-0.141590468112117,3.40897508381469,1.88018268307272,0.171530882472812,0.216848800334712
"ENSG00000008710",0.132508135750915,5.33070514595247,1.87971469632913,0.171584009603085,0.216900887313102
"ENSG00000116132",0.192471006631137,6.74910004362247,1.87926098610312,0.171635534168524,0.21695094137585
"ENSG00000278709",-0.218469402107663,2.06473907529401,1.87892316327977,0.171673909852422,0.216984369172749
"ENSG00000185101",0.202978454972083,4.17091506794681,1.87847875529549,0.171724408393693,0.217033113742233
"ENSG00000107779",-0.10940006481466,5.29310226940678,1.87653907367218,0.171945017410298,0.217296829951258
"ENSG00000165644",-0.207105514283849,3.36758232120879,1.87448680210651,0.172178788359542,0.217577141852523
"ENSG00000169105",-0.102509678625338,4.70280786136648,1.87371344433337,0.1722669755468,0.217673457777213
"ENSG00000138835",0.107082217863332,5.67735334392018,1.87339715518344,0.172303057526704,0.217703925689177
"ENSG00000130244",0.116017914566276,3.87908939662049,1.87316195006023,0.172329895176213,0.217722710021183
"ENSG00000134001",0.0942988948091741,6.67039710269751,1.87294256095635,0.172354932522192,0.217739217386513
"ENSG00000087365",-0.0874290533534402,8.17384774566291,1.8697668957988,0.172717820273924,0.218182505566199
"ENSG00000230798",-0.348482810145983,1.4090634142208,1.86765831957206,0.172959258151959,0.218457370662298
"ENSG00000204149",-0.195112850355816,-1.51293071532567,1.86765680811526,0.172959431357878,0.218457370662298
"ENSG00000243547",0.106403868811174,-0.76997359559794,1.86573820648505,0.173179455969772,0.218720085075912
"ENSG00000105171",-0.168440519977183,5.5471668027528,1.86501290037582,0.173262718127759,0.218810048417419
"ENSG00000211893",-0.37819109179128,8.80367803775332,1.86438644360371,0.173334670048807,0.218885716784538
"ENSG00000184402",0.107472735462848,5.03073690145982,1.86328672342016,0.173461062403179,0.219030116841782
"ENSG00000121680",-0.129491740608294,4.56855984963675,1.86301233152427,0.173492615255124,0.219053483875793
"ENSG00000107796",-0.205987995302107,6.84981866505116,1.86291633509699,0.173503655636391,0.219053483875793
"ENSG00000170522",0.191360305715405,4.90735334137127,1.86238904900494,0.17356431238007,0.219114854832283
"ENSG00000272556",0.145638030465805,2.61383412421374,1.86220565798076,0.173585414650116,0.219126285511959
"ENSG00000153904",0.163555447989342,6.31736301687263,1.86109239565978,0.173713578203926,0.219272854491846
"ENSG00000196616",0.544797999153863,4.65322821133444,1.8608809529897,0.17373793276251,0.219288377590876
"ENSG00000087502",-0.113192653572869,5.957517865421,1.86071857661182,0.173756638409635,0.219296769092669
"ENSG00000116198",-0.0878003799968742,5.44690722099706,1.8603845007515,0.17379513104738,0.219330130688992
"ENSG00000247903",0.175167144270027,-0.613578966510517,1.85952602570202,0.173894090869884,0.219439792183546
"ENSG00000138756",0.133917567801552,3.75402112323907,1.85913179057871,0.173939557757535,0.219481939537537
"ENSG00000130299",-0.12858502310531,4.68142453111812,1.85504972115211,0.174411149763307,0.220061740679503
"ENSG00000278727",-0.160331186476728,-0.290120085798617,1.85490602041673,0.174427778117904,0.220067454800808
"ENSG00000159640",0.165037835330467,4.15029720041119,1.85182439383038,0.17478481106788,0.220502611063508
"ENSG00000099365",0.216827814994136,0.723475259803645,1.8485978149868,0.175159545027867,0.220960036410517
"ENSG00000188352",-0.125556855784418,5.69589494768534,1.84769457454432,0.175264613735381,0.221077244928158
"ENSG00000247934",-0.1492872809071,1.15808840752807,1.84725774756842,0.175315453462089,0.221126037972848
"ENSG00000138326",-0.165961525421794,10.2240607155535,1.84697881210377,0.175347926058391,0.221151659326677
"ENSG00000105612",-0.109075325406283,6.50540614114622,1.84567247754444,0.17550009725791,0.221328232486955
"ENSG00000138792",0.190051245091794,3.51884926222511,1.84466745621033,0.175617273455089,0.22146065101582
"ENSG00000175203",0.0694826951352792,6.78515250640134,1.8439339543029,0.175702850209809,0.221553205741542
"ENSG00000075856",0.0743015120866494,5.79282588510131,1.84147401006961,0.175990201766508,0.221900158733397
"ENSG00000286909",0.184432708409304,-0.281635659890881,1.84072779879539,0.176077475984909,0.221994810287919
"ENSG00000198498",-0.0996298762405796,4.64354669416704,1.84056812331895,0.176096157574808,0.222002974559549
"ENSG00000182325",-0.159656076938511,4.57347629800722,1.83968478409368,0.176199547338316,0.222117921194157
"ENSG00000125122",0.140040355793785,1.30660039388357,1.83858677473054,0.176328161095321,0.222264647169014
"ENSG00000270055",0.165927312768522,1.11243056273368,1.83724275380108,0.176485739210114,0.222447860343282
"ENSG00000271943",-0.155606094364156,0.825496195932722,1.83680844407481,0.176536694224141,0.2224966665199
"ENSG00000159579",0.0876461093357871,5.58465814215847,1.83484255101647,0.176767554364722,0.222772192266184
"ENSG00000167600",0.214507639714536,2.50971076808585,1.83284430589779,0.177002572507074,0.223052919611908
"ENSG00000229036",0.131609935669169,0.869035319124038,1.83185481271268,0.177119083173075,0.223184279115415
"ENSG00000205847",-0.348173652856868,0.277676462366855,1.82889880227241,0.17746767711457,0.223608043738123
"ENSG00000089050",0.1330029597581,5.58062327652622,1.82675974023069,0.177720427031391,0.22391099520968
"ENSG00000139187",-0.178009558257739,0.864398623689074,1.82610336232906,0.177798067861977,0.223993299042296
"ENSG00000177302",-0.0960003644859909,5.34957139423907,1.82535981570103,0.17788606715201,0.224088640349132
"ENSG00000206538",-0.223072978441776,4.07133797360075,1.82499150920632,0.177929675214157,0.224128051305152
"ENSG00000247287",-0.175531930131939,0.346364891580738,1.82187730709204,0.17829889798762,0.22457758702208
"ENSG00000214223",0.157457850152337,0.630436197411521,1.82132172450733,0.178364861831697,0.22464511508863
"ENSG00000211751",-0.290816944262762,3.61352842015314,1.81968177972932,0.178559736368681,0.224874981655835
"ENSG00000276449",-0.172152241443755,0.162742096375389,1.81848434669847,0.178702183414074,0.225038794705752
"ENSG00000233396",-0.194952323594672,0.677408750331912,1.81822312150855,0.178733276382619,0.225062367131479
"ENSG00000169744",0.144740744809562,3.29298166020175,1.81754493773585,0.178814028198896,0.225147453897266
"ENSG00000162817",0.24144079441557,5.3292435460605,1.81744773356163,0.178825605839009,0.225147453897266
"ENSG00000137460",0.173094101170793,4.80777561785601,1.81665880815542,0.178919604122722,0.225250208332808
"ENSG00000188636",0.120994875932958,5.92274745332333,1.81643528569702,0.178946246637561,0.225268157104372
"ENSG00000057663",0.154640691028219,5.78952282847723,1.81427331052622,0.179204178867709,0.225577244463
"ENSG00000130544",0.107455209962031,3.71469884255765,1.81208344630895,0.179465878742723,0.225891031319907
"ENSG00000270441",-0.176136608891087,0.418585680521793,1.81087995903885,0.17960989062433,0.226056652873526
"ENSG00000272402",0.139433229804042,-1.35624185253318,1.80963632199673,0.179758848010045,0.226228475477907
"ENSG00000183426",0.175042196943235,1.83683512804434,1.80843133858276,0.17990331259016,0.226394620451797
"ENSG00000232611",0.159864909256999,0.523077478718342,1.80807136547973,0.179946495674846,0.226433296204103
"ENSG00000188878",0.141394396739892,2.67867361950557,1.80741547951888,0.180025208028447,0.226516671298609
"ENSG00000140044",-0.1482202324444,4.42238607950492,1.80646153280212,0.180139761861812,0.226645129271074
"ENSG00000166848",0.0902774909223308,6.01289466550843,1.80574024179972,0.18022643370085,0.226738491813727
"ENSG00000231770",-0.138050131396654,2.26867234277045,1.8055299383176,0.180251713335326,0.226754610744426
"ENSG00000197903",-0.205474729612338,5.35638466193776,1.80279076797525,0.180581353495482,0.227153583053865
"ENSG00000170142",-0.0875956104206669,4.57369296273045,1.80092360435565,0.180806455482642,0.227421010533769
"ENSG00000076382",0.136051805417447,5.5602469531808,1.79934042180119,0.180997576908219,0.227645662734714
"ENSG00000170860",0.103880457023776,5.78043030471599,1.79915602312485,0.181019852748305,0.227657936785104
"ENSG00000141873",-0.125813669024012,3.65283227644605,1.79762640961306,0.181204757044471,0.22787472316427
"ENSG00000171824",-0.072729873786896,5.78406672158168,1.79742311486043,0.181229348465823,0.227889891447482
"ENSG00000205038",-0.301635225583445,0.334704337565396,1.79601429955679,0.181399871648403,0.228088549294238
"ENSG00000167874",-0.180082722731843,0.181327162225816,1.79495761100122,0.181527895901289,0.228233746070278
"ENSG00000239911",-0.231700552069661,1.56112861903766,1.79386367249775,0.181660543995674,0.228384735895024
"ENSG00000115561",-0.0850284964965161,6.58969271262174,1.79366493150096,0.181684654910942,0.228399260680136
"ENSG00000141682",0.207695819047571,4.24952679366713,1.79315162523016,0.181746945577426,0.228461776637102
"ENSG00000100395",-0.0844194530795778,5.14804504044619,1.7905256570842,0.182066000808071,0.228847022992204
"ENSG00000205045",-0.252740598106826,-0.252887300067381,1.7901571009047,0.182110832554632,0.228887555974269
"ENSG00000138614",0.079628697142569,5.82174294989395,1.78999091568826,0.182131051786677,0.228895974335929
"ENSG00000185000",0.143661567504789,5.77410549363037,1.78989518279472,0.182142700492847,0.228895974335929
"ENSG00000131558",0.0863525970243023,6.60013846302126,1.7892879341926,0.18221661024861,0.228973034904084
"ENSG00000205746",0.201528072181322,-0.219039496980765,1.78897783557895,0.182254366599792,0.229004657666115
"ENSG00000113273",-0.118065719559557,4.52230514044696,1.78755104129329,0.182428204715241,0.229207252511799
"ENSG00000272787",-0.163452645997219,-1.19692098070846,1.78698729588364,0.182496943678489,0.229277779348232
"ENSG00000205269",0.168374867344377,3.4039292180819,1.78544628600006,0.182684997049744,0.229498185270117
"ENSG00000281026",-0.171774970919382,0.80103772756933,1.78501098199804,0.182738159183431,0.22954911521709
"ENSG00000248593",-0.128802557860527,1.91015211802905,1.78463190574955,0.182784469099975,0.229591431214803
"ENSG00000219626",0.118160099819272,1.6613133775605,1.78339288861782,0.182935929238197,0.229765809059066
"ENSG00000166986",-0.0797563917983089,6.87490483862124,1.78321633032548,0.182957524005308,0.229777064397773
"ENSG00000006740",0.218814947646921,2.94822588331849,1.78212225701908,0.183091405869109,0.229929330245623
"ENSG00000007237",0.179443949408477,5.15905387320183,1.78200147396761,0.18310619309842,0.229932024307792
"ENSG00000129116",0.161045157704591,7.84596213601558,1.78136162572842,0.183184551663123,0.23001454094918
"ENSG00000172053",-0.0911598177845593,7.51947925982548,1.78091011320549,0.183239869340345,0.230068117048336
"ENSG00000188186",-0.131612122044913,5.75407848532929,1.78014373639357,0.18333380761379,0.230170172767282
"ENSG00000188681",-0.210787871532462,0.818942707021535,1.77918204616623,0.183451765741991,0.230293560239055
"ENSG00000269680",-0.172208358520291,-1.02620590828708,1.77913603815948,0.183457411166905,0.230293560239055
"ENSG00000239556",-0.175461522490499,-0.996300090971432,1.77860794865655,0.183522225033976,0.230359022009521
"ENSG00000182578",-0.171429687383135,6.1043620080948,1.77805935161065,0.183589584111599,0.230427669299687
"ENSG00000106609",-0.0659331973952356,7.3731727541371,1.77610033726428,0.183830355519796,0.230698139791117
"ENSG00000131097",0.171143703978862,-0.417799028895066,1.77609960694219,0.183830445348178,0.230698139791117
"ENSG00000102172",-0.119065382422552,7.30160715406829,1.77510917706466,0.183952313652103,0.230835151145608
"ENSG00000090263",0.110786716366463,5.45680261601484,1.7734730185116,0.184153842592858,0.231070848906232
"ENSG00000204568",-0.0965748439196159,6.43929428290726,1.77337803238848,0.184165550128917,0.231070848906232
"ENSG00000078237",-0.140546864080449,2.73055873566275,1.77228834728941,0.184299921622373,0.231223492754895
"ENSG00000268584",0.158289893917995,-0.828594006990111,1.77009347784658,0.184570923098964,0.231547520301004
"ENSG00000092607",0.190514162458007,2.52068403805001,1.76963658111319,0.184627394765784,0.231575301420428
"ENSG00000057657",-0.138427735376427,4.54631165509461,1.76961111227864,0.18463054326384,0.231575301420428
"ENSG00000101190",-0.101912040373471,4.56352391087928,1.76960527493591,0.184631264894305,0.231575301420428
"ENSG00000107669",0.197252464313182,5.55124415772796,1.76885100376554,0.184724537928008,0.231676313324687
"ENSG00000129696",0.128431442554105,3.54857687712427,1.76791106478905,0.184840847549481,0.231806201146657
"ENSG00000160207",-0.158144289672778,0.658637909669054,1.76776335953958,0.184859132610888,0.231813148367818
"ENSG00000198815",-0.0867695851312029,6.40047246069841,1.76644617758992,0.185022285527365,0.232001746237278
"ENSG00000079432",-0.0961517498281964,6.50672598538076,1.76482601930701,0.185223197137831,0.232237660936362
"ENSG00000197223",0.0800391415662413,3.83448678648152,1.76287371164207,0.185465636071909,0.232525607560205
"ENSG00000003393",0.0903692062630214,5.10236855064817,1.76173819043151,0.185606816250486,0.232686571130676
"ENSG00000266962",0.130695032009607,1.18429110280368,1.761402639814,0.185648559513357,0.232722861701629
"ENSG00000118960",-0.10410328376707,5.32345612238646,1.76094794024602,0.185705142666973,0.232777748782005
"ENSG00000120800",-0.119756664088415,5.78248338662371,1.76012999291524,0.18580697933621,0.232889348781407
"ENSG00000028116",-0.148263104709282,4.71880038639878,1.7592306712716,0.185919022591453,0.23301372539232
"ENSG00000147113",0.130141766427874,3.86569588422622,1.75897401279448,0.185951013217989,0.233037761207799
"ENSG00000167992",-0.21161241994739,-0.468875043130412,1.75765072346501,0.186116053719097,0.233228523153021
"ENSG00000167528",0.085291431595269,4.82358742988045,1.756734298075,0.186230450450603,0.233355799710338
"ENSG00000108474",-0.128439182071417,2.7041486724362,1.75619294970831,0.186298065165734,0.233424442631192
"ENSG00000088179",-0.0908197562048431,4.76127214932516,1.7553457377986,0.186403939967896,0.233541011237589
"ENSG00000100504",0.224530620984133,5.9390284243807,1.75500770219738,0.186446203384511,0.233577872100668
"ENSG00000226711",-0.194169130244047,0.769112112436145,1.75438191433236,0.186524473012002,0.233659832987278
"ENSG00000116199",0.0902524036259899,7.10451333722002,1.75274561145669,0.186729313001421,0.233893092979575
"ENSG00000124939",0.512103995182368,2.24500175883107,1.75268905420501,0.186736397798351,0.233893092979575
"ENSG00000180884",0.113464665730551,3.04536588146586,1.75054434698879,0.18700529227496,0.234213762284601
"ENSG00000158467",0.143284435480295,5.1587207238719,1.75019702222643,0.187048880967784,0.234252223854717
"ENSG00000070444",-0.0789785492446414,4.39589935960706,1.74874064217094,0.18723178362579,0.234465139120481
"ENSG00000230224",0.187575909030758,-1.40528975613252,1.74832689593282,0.187283782969874,0.234514109786993
"ENSG00000241258",0.070815185296797,5.73523696334376,1.74706626478789,0.18744232233404,0.234687652811558
"ENSG00000196531",-0.0971545566745465,8.80048680984075,1.7470196961386,0.187448181899797,0.234687652811558
"ENSG00000070413",-0.0951757184816679,7.11115383551457,1.74686764947374,0.187467314876122,0.23469545174607
"ENSG00000273033",0.113568373026811,2.93978956209681,1.7465246119858,0.187510489800705,0.234733346307057
"ENSG00000130726",-0.103559785950797,8.45954451387108,1.74457737954363,0.187755790165748,0.235015816169695
"ENSG00000280077",-0.150655445146614,1.09954061128131,1.74452831158666,0.187761976289962,0.235015816169695
"ENSG00000166411",0.11737677467229,4.23345537595072,1.74390481862746,0.187840602418031,0.235098050975719
"ENSG00000153246",-0.177575296381831,4.30323987668214,1.73898520416066,0.188462347188373,0.235859985595688
"ENSG00000148943",0.0967867249226569,5.3399981031127,1.73834183689457,0.188543834321857,0.235945731295303
"ENSG00000170989",0.136986021532841,4.08736650074925,1.73713157661629,0.188697234310988,0.236121451506588
"ENSG00000169599",0.0851858872101041,4.7542428085387,1.73515984595675,0.18894746326103,0.236418303645544
"ENSG00000198168",0.126393040848429,5.42430065861651,1.73454735167173,0.189025272898526,0.236499392135818
"ENSG00000177494",-0.303716701895633,0.968634382038744,1.72946764005628,0.189672033481247,0.237292264751474
"ENSG00000158828",0.117173355001236,3.55706350973442,1.7269450200709,0.189994182024052,0.237678945089309
"ENSG00000130770",0.117739484509827,6.20367390293748,1.7255221058717,0.190176176482096,0.237890254322996
"ENSG00000284959",-0.212612684986937,-1.04575115803099,1.72518237771314,0.190219658800303,0.237928282391852
"ENSG00000175305",0.175317223777422,3.43714814667368,1.72432324544505,0.190329672414766,0.238049517389614
"ENSG00000148204",-0.275582991472439,-0.69228867865509,1.72397131951994,0.190374758758603,0.238089535329813
"ENSG00000168754",-0.353010489594969,1.70388843609945,1.72312264616099,0.190483536474569,0.238209197015914
"ENSG00000137642",0.179495059612757,6.59657859680516,1.7228326293668,0.190520725733781,0.238239323454522
"ENSG00000146425",-0.111583618083221,6.66087697726099,1.72134450497818,0.190711683899367,0.238461715025553
"ENSG00000263563",-0.21939738285223,0.794459043929255,1.72011114791844,0.190870119986137,0.238643413920937
"ENSG00000136878",0.0859801665536042,4.95474652262638,1.71986154220458,0.190902202909268,0.238667120326764
"ENSG00000236423",-0.204606992978055,-0.649288823942377,1.71959273550291,0.190936760889644,0.23869391759302
"ENSG00000263753",-0.138163544466051,4.61040034939735,1.71933175806838,0.190970319349972,0.238719461741394
"ENSG00000287769",-0.13664526466951,1.35781031242256,1.71770163570464,0.191180089408515,0.238965257794109
"ENSG00000100632",0.103645411641461,6.73508456607221,1.71717230130443,0.191248264173685,0.239034045408946
"ENSG00000239697",0.125061147141999,3.64316371202703,1.71600262824287,0.191399011430429,0.239206020744634
"ENSG00000102081",-0.0909558247539624,6.22501177408758,1.71487806047808,0.191544076920581,0.23937087199612
"ENSG00000158113",-0.22698697652289,-0.370656590601655,1.71173011210316,0.191950837979136,0.239862716672245
"ENSG00000100350",-0.125924431839956,6.08332302371221,1.71155560640172,0.191973416298643,0.239874450098909
"ENSG00000092208",0.0969157587261506,3.47708168986439,1.71107197073027,0.192036007506218,0.239936175346782
"ENSG00000164535",-0.0858789730462675,4.57893136193996,1.7103408600029,0.192130671924132,0.240037962697905
"ENSG00000286646",0.225582452455324,-0.452236100924975,1.70849944116518,0.192369342068945,0.240308527351203
"ENSG00000131153",0.14468042158504,4.85695992348907,1.70846613881592,0.19237366165788,0.240308527351203
"ENSG00000183751",0.108680275842896,5.80661316638064,1.70753937830648,0.192493915801055,0.240442232030052
"ENSG00000171051",-0.183457096631583,2.78795019149168,1.70735591315056,0.192517732244199,0.240455467247458
"ENSG00000116991",-0.169791108778236,5.93165043878742,1.70719443136649,0.19253869778795,0.240465140106244
"ENSG00000134817",0.158344557569728,4.94628869759724,1.70375806219692,0.192985485322083,0.240994302287428
"ENSG00000100181",-0.375318876102761,3.50838329904329,1.70373187730947,0.192988894480778,0.240994302287428
"ENSG00000105204",0.124331919535888,4.69051962807026,1.70362228733657,0.193003163386861,0.240995574329276
"ENSG00000254909",0.202259343028233,-1.34236241891342,1.70338023552638,0.193034683566195,0.24101838571442
"ENSG00000249353",-0.142330632131407,1.59734752090361,1.70285603726989,0.193102965801109,0.24108709102077
"ENSG00000279307",-0.150082117487693,-1.56997457596766,1.70274283181305,0.193117715704139,0.241088956910349
"ENSG00000105609",0.20703546084503,1.94251242163289,1.70167187400444,0.193257319720449,0.241240725851929
"ENSG00000162576",0.225011513647331,6.80144602167894,1.70160664446817,0.19326582650292,0.241240725851929
"ENSG00000204351",-0.0806007924222275,5.91138106488352,1.70150504515209,0.19327907725502,0.241240725851929
"ENSG00000132563",0.274857935488951,2.49999226767675,1.7012274367605,0.193315288844797,0.24126936619153
"ENSG00000241990",-0.184417146813352,0.708547618310746,1.69994404597511,0.193482799561327,0.24146186073977
"ENSG00000228427",-0.179958633663036,-0.999847927329759,1.6994558799473,0.193546560714168,0.241524860807499
"ENSG00000036530",0.195099779261255,-0.240768922753864,1.6987438483467,0.193639606029342,0.241624393143638
"ENSG00000242114",-0.184062112476675,-1.32273713572786,1.69738225053002,0.193817680301636,0.241830004069847
"ENSG00000149089",-0.112125451735352,4.41036232287301,1.69687495144773,0.193884075744332,0.241896252547531
"ENSG00000084112",0.0855239562474902,5.93531727724786,1.69663052554123,0.193916075813458,0.24191958206291
"ENSG00000234912",-0.138736691858796,2.64948715950606,1.69482978880348,0.194152018382139,0.242197318952973
"ENSG00000267082",0.156458005781593,-1.80624184446206,1.69230098346784,0.194483926366892,0.242594722773544
"ENSG00000166526",-0.073708576203273,5.53588367109103,1.69080296397614,0.194680857342279,0.242823716454627
"ENSG00000253846",0.287074017251548,2.01078218598126,1.6899894622285,0.19478789922529,0.242940568546223
"ENSG00000247627",-0.406506550359731,5.21805263055015,1.68902163997179,0.194915337001123,0.243082840741663
"ENSG00000214029",-0.145967205146925,2.87686041993045,1.68849294239954,0.19498499453895,0.243153039470307
"ENSG00000197279",-0.161987957897471,2.99891601924376,1.68752465139291,0.195112645788439,0.243279728221587
"ENSG00000242798",0.149775994231577,-1.16224467712026,1.68751940101645,0.195113338221261,0.243279728221587
"ENSG00000276846",0.178989325443956,0.0023279088163916,1.68737228359396,0.195132741611148,0.243287243242635
"ENSG00000261327",-0.240413590123249,0.393390306206043,1.68351535045349,0.195642245112657,0.243905761471588
"ENSG00000255346",0.326428581773866,1.1192737230073,1.68287944048359,0.195726399466553,0.243993951576262
"ENSG00000107262",0.149200849412178,6.32968597652832,1.68183152603752,0.195865170161322,0.244150210053741
"ENSG00000176054",0.159596666602234,-1.32266790363415,1.68114883599267,0.195955638081449,0.244246240777508
"ENSG00000230358",-0.174156974908762,-1.62258532951264,1.6809146224729,0.195986686643234,0.244268200963965
"ENSG00000101115",-0.212642643480812,1.96427943821691,1.68024887138365,0.196074973692771,0.244349101017561
"ENSG00000086062",-0.144751614626955,8.42442645376697,1.68022254825285,0.196078465436073,0.244349101017561
"ENSG00000229334",-0.152764983820738,-1.13989397378059,1.68006909596328,0.196098822222658,0.244357726677563
"ENSG00000152484",0.108219931495026,5.36636697050827,1.67977633179541,0.196137666847193,0.244389387176594
"ENSG00000159761",0.166778301173071,0.24965312692842,1.67857199991414,0.196297555668028,0.244571855219214
"ENSG00000078269",0.133951783457234,5.93826611663264,1.67792977105392,0.196382881611849,0.244661404942551
"ENSG00000170345",0.251682369006032,6.96082879377573,1.67393141759338,0.196915082539307,0.245307638440062
"ENSG00000013016",0.142124615669562,4.14432121929399,1.67335788835748,0.196991561368154,0.245386104935551
"ENSG00000125863",0.0888547880044322,4.84980267263159,1.67214888820554,0.197152893447359,0.245570252432582
"ENSG00000250995",-0.20790155244722,-1.13522574910537,1.6699353802155,0.197448673165632,0.245916698788725
"ENSG00000176700",0.123985741612013,0.780331788872544,1.66986508395975,0.197458075055561,0.245916698788725
"ENSG00000187608",0.265281669841336,6.9189105984896,1.66687508132275,0.197858466815858,0.246398479592388
"ENSG00000180785",0.170855205210175,0.980143761694235,1.66651842177752,0.197906291002006,0.246441162586916
"ENSG00000112304",0.0786124247643009,4.56858321720973,1.66436193091727,0.198195743530883,0.246784704822324
"ENSG00000150630",0.153987318117272,3.18441663842587,1.66335850510197,0.198330597343116,0.246935713614225
"ENSG00000173114",0.352735215024871,1.04860347864925,1.66308781341511,0.198366995047586,0.246964125260147
"ENSG00000171314",-0.0904410719443688,5.47690432923514,1.66275048170346,0.198412364316849,0.247003701724494
"ENSG00000100796",0.084076362635927,6.5956812150977,1.66262954835012,0.198428632170505,0.247007046876815
"ENSG00000100982",0.0832000067193468,5.73379637950056,1.66199582021011,0.198513906471224,0.247096285990872
"ENSG00000176894",0.127275587218641,0.579998759430421,1.66134860939584,0.198601039605158,0.247187826479067
"ENSG00000100150",-0.0805139585276564,3.75229859487563,1.65991012203283,0.198794862836589,0.247405497584227
"ENSG00000170166",0.265930164914525,-0.390928133048176,1.65984879521396,0.19880313103109,0.247405497584227
"ENSG00000072422",0.146998335491001,4.77919619437054,1.65972199760892,0.198820227403743,0.247409845102577
"ENSG00000215915",-0.29208956629563,2.93882278655028,1.65933268615439,0.198872729877057,0.247441594334551
"ENSG00000258561",0.193593972518255,-1.34344944401499,1.65933104953463,0.198872950625823,0.247441594334551
"ENSG00000167900",-0.166203748004836,6.68379774775926,1.65783653502498,0.199074652810925,0.247675612923257
"ENSG00000104442",0.105768043552407,6.22517371881952,1.65580474225009,0.199349254207087,0.248000289707148
"ENSG00000105696",-0.293562779087652,0.146416861115428,1.65530809762333,0.199416444816549,0.248066910493358
"ENSG00000287576",0.188235086121731,0.507373458043239,1.65472326216979,0.199495600952716,0.24814840583559
"ENSG00000197647",0.139275680851395,2.43980083508858,1.65251312474503,0.199795073044198,0.248503917700053
"ENSG00000161800",0.113510505149774,6.26275391458372,1.65014055455271,0.200117145468942,0.248887489181422
"ENSG00000122068",-0.0779946770186478,6.83547511528787,1.64861242255537,0.200324911403974,0.249128853922426
"ENSG00000196295",0.123378931086958,4.32348481544164,1.64778341050838,0.200437731062259,0.249252116269681
"ENSG00000130695",-0.105956950453722,5.03514028163398,1.64708247326208,0.200533179663776,0.2493537616548
"ENSG00000114416",-0.0804699741698,7.44317569883471,1.6468862341444,0.20055991171626,0.249369953123827
"ENSG00000243970",-0.18499780789688,1.40000788112546,1.64574506442798,0.200715447385062,0.249546281840147
"ENSG00000153443",0.112028906559919,4.36456876700076,1.6455170431063,0.200746542616894,0.249567882236232
"ENSG00000213885",-0.141577985229699,0.241023222009827,1.64457587348488,0.200874950009659,0.249699251683829
"ENSG00000198862",0.112033008967799,5.62309800540376,1.64454128647286,0.200879670697041,0.249699251683829
"ENSG00000146192",-0.165472338436592,3.13251019734003,1.63987699878491,0.201517489292286,0.250474960380517
"ENSG00000284740",-0.181080950099517,-1.27072667058314,1.63903547075825,0.20163281887287,0.250601182838579
"ENSG00000163069",-0.13187074470012,5.63620882134058,1.63669717366947,0.201953687276616,0.250982826387912
"ENSG00000254999",-0.0874122898433957,7.46175933652633,1.6364600840174,0.2019862551566,0.251006149821553
"ENSG00000165915",-0.106583634063803,5.47988582735702,1.63504374883785,0.202180939823965,0.251230917094915
"ENSG00000230715",-0.120019628787335,1.95831908037415,1.63456901352602,0.202246244996407,0.251294897116727
"ENSG00000274070",-0.140396059836677,3.82225494779221,1.63365711111655,0.202371757416626,0.25143367196486
"ENSG00000266066",-0.246722493989651,-0.399526374952671,1.63300236082599,0.202461932763977,0.251528526851859
"ENSG00000168936",0.114811173848385,5.30954651340307,1.63245064950068,0.202537953994967,0.251605785619866
"ENSG00000272734",-0.195346525245442,1.92380784401514,1.63192253414251,0.202610755534455,0.251679034398352
"ENSG00000248643",0.158121756833734,-1.35915045050217,1.63037196045904,0.202824683546633,0.251927565686414
"ENSG00000197858",-0.138059587732664,7.49838263334739,1.62971137276025,0.202915904038176,0.252023659017095
"ENSG00000196741",-0.116965647040186,1.58992414051868,1.62905192442481,0.203007015625071,0.252103140545302
"ENSG00000204922",-0.146699092836066,2.79250332757891,1.6290475497053,0.203007620212585,0.252103140545302
"ENSG00000171720",-0.0716190051372785,5.54887717489015,1.62860556355265,0.203068713813251,0.252161791959815
"ENSG00000130702",0.157787544421241,7.0034565976334,1.62847061556453,0.203087371354717,0.252167743732905
"ENSG00000236824",0.335082360114769,0.969283119322006,1.62799959305673,0.203152509546405,0.252231404439212
"ENSG00000167699",0.0820957318900741,5.90411802325758,1.62644101789401,0.203368222893689,0.252481995767264
"ENSG00000167642",-0.148761786268921,6.84669706198311,1.62432825742413,0.203661070912543,0.252828309177349
"ENSG00000204257",-0.169706012342748,6.10349321751014,1.62358684799786,0.203763955408897,0.252938767470449
"ENSG00000069535",0.424926650916105,6.76231684694578,1.62332671534097,0.20380006829074,0.252966330585681
"ENSG00000204444",-0.161161233909313,0.735706670758473,1.62056276421813,0.204184241976953,0.253425890069389
"ENSG00000150401",-0.118120177595338,4.11162138630409,1.62021037378375,0.204233283899493,0.253469462133332
"ENSG00000116580",0.0849365480644348,6.12752648526255,1.61955164463936,0.204324996188443,0.253565981896521
"ENSG00000197948",0.134860573696461,3.42107702218264,1.61891487465351,0.204413697573563,0.253658752232241
"ENSG00000256628",-0.107404301955308,1.7742708515192,1.61878896686455,0.204431241797365,0.253663216387671
"ENSG00000104824",-0.0529831987471577,7.43581483061565,1.61866988617312,0.204447836362463,0.253666501654988
"ENSG00000108830",0.2908559272677,2.64401556486341,1.61643368931497,0.204759759628442,0.25403618745717
"ENSG00000198276",0.0979797703415605,5.09233207297496,1.61513142604387,0.204941669961136,0.254244532654877
"ENSG00000134851",-0.096201408330066,6.65679312513315,1.61491219620461,0.204972312537153,0.25426520395756
"ENSG00000126218",0.184514370251527,0.176074444652678,1.6136704920143,0.20514597271781,0.254463271621873
"ENSG00000174428",0.105312492501043,2.36740609569456,1.61301393621135,0.205237866693725,0.25455989630561
"ENSG00000159720",0.0916294819064732,6.53771020436344,1.61126486875864,0.205482910938301,0.254846449651948
"ENSG00000124762",0.179838107075061,6.57836068099524,1.61049281021896,0.205591186655346,0.254963350803726
"ENSG00000108700",-0.281856617490173,3.2174557910777,1.61034344973267,0.205612141211277,0.254971952297723
"ENSG00000170027",-0.0769235107937018,8.22541049265593,1.60900665445955,0.205799799978959,0.255187262204615
"ENSG00000273311",-0.147276373240678,0.927132174919353,1.60836965589239,0.205889293038486,0.255280827717226
"ENSG00000065883",0.0785791823603714,6.25630500588738,1.60803995726113,0.205935631114802,0.255320876531426
"ENSG00000063587",-0.108907479086709,4.93942114114939,1.6075925895485,0.205998526984923,0.255381446990783
"ENSG00000065060",0.115334646093813,5.70338287198382,1.6060435348629,0.206216486269889,0.255634232025405
"ENSG00000091436",0.137239830507685,6.13264981285308,1.60184899231048,0.206808053389001,0.256350090304583
"ENSG00000247595",0.138043070056149,0.609795954098767,1.6017307557837,0.206824757758678,0.256353325208862
"ENSG00000204421",0.468204441331114,1.24850752755826,1.60137682673594,0.20687477016934,0.25639784121567
"ENSG00000234444",0.125621109472212,4.54080657201027,1.6011136765241,0.206911964263097,0.256426465386837
"ENSG00000087495",-0.236599507128806,-0.0463379234539522,1.60063489016484,0.206979657098633,0.256492880241871
"ENSG00000137802",0.0960074080908233,4.07848001276821,1.59830580009062,0.2073093290218,0.256883913084105
"ENSG00000132801",0.100792139972248,2.77900508034752,1.5975469551068,0.207416874674878,0.256999667319755
"ENSG00000158985",-0.0901470185423942,6.11342751968713,1.5955730072588,0.207696938679526,0.257329149911664
"ENSG00000232648",-0.154995637814616,-1.07552676449817,1.59532186414372,0.207732603104516,0.257355805821466
"ENSG00000127483",-0.0782606425995865,7.54938762717825,1.59369537253846,0.207963754763498,0.257624626865448
"ENSG00000123395",-0.127001931438828,4.08554026103597,1.59160897853025,0.208260713897183,0.257974927764215
"ENSG00000136758",-0.0869959439328479,7.9586317924125,1.5914981087275,0.20827650823489,0.257976922621641
"ENSG00000117245",-0.154875315206617,0.428058740023239,1.59117265967775,0.208322879418752,0.258016787937913
"ENSG00000204472",-0.148985987843765,4.55096087389891,1.58972309337396,0.208529568104144,0.258255194380919
"ENSG00000150456",-0.107634754303494,3.00232748836084,1.58962264203795,0.208543900145158,0.258255358877928
"ENSG00000144635",0.0906132761995619,5.79802639584407,1.5893626934354,0.208580994128159,0.258283709232228
"ENSG00000185482",-0.132701458551443,2.09138343100111,1.58852997428288,0.208699873788177,0.258413323198268
"ENSG00000122188",-0.26094329602698,2.22639899188302,1.58703147035281,0.208914004414277,0.258660851755403
"ENSG00000248441",-0.185058150314961,-0.664043145907531,1.58618833021882,0.209034600850678,0.258791570051692
"ENSG00000268119",-0.274510087989821,2.31112325719477,1.58609440899075,0.209048039762451,0.258791570051692
"ENSG00000100852",0.170716945185643,5.44813707734648,1.58375001476336,0.209383825438734,0.259189615264391
"ENSG00000185864",0.139267877728856,1.53035552369114,1.58059736218426,0.209836389504621,0.259732152736495
"ENSG00000185432",-0.163604890558638,6.17082775860309,1.57747887304132,0.210285195121013,0.260269964536304
"ENSG00000122756",-0.454355649727677,3.21043468173128,1.57652941599586,0.210422065599685,0.260421647327644
"ENSG00000103196",0.155872652647097,6.09272778456725,1.5744843767213,0.210717231931496,0.260769205577332
"ENSG00000196743",0.104767902440344,6.95037521330964,1.57434480434365,0.210737394777459,0.260776414220467
"ENSG00000279278",-0.148835627596765,0.825137757690729,1.57408759697515,0.210774557378999,0.260804656752789
"ENSG00000120705",0.0782565114769882,7.28778717439893,1.57243069430566,0.211014142118171,0.261083348084714
"ENSG00000126860",0.154053183014687,2.62284903056388,1.57178184958464,0.211108052121088,0.261181773483324
"ENSG00000170006",-0.195409150936328,3.76135329030188,1.57082537614293,0.211246577325722,0.261335379431385
"ENSG00000121542",-0.06925659566933,4.01888140887154,1.57068083455725,0.211267520574378,0.26134351249451
"ENSG00000279806",-0.339336121293618,0.459597271901855,1.57023623932831,0.211331955388815,0.261405441010049
"ENSG00000108528",-0.0953394806835809,5.96362046801669,1.56931395305834,0.211465696255142,0.261553082862191
"ENSG00000121417",0.100485897347713,3.57293494241651,1.56796660728848,0.211661256410348,0.261777161130927
"ENSG00000108578",0.146711734228048,5.68731046414767,1.56704386107771,0.211795312537271,0.261925147509885
"ENSG00000155158",-0.158789332050138,4.84323065709814,1.5662231946441,0.211914623602368,0.26205487993472
"ENSG00000133131",-0.125072687156166,5.39393421642996,1.56479384969877,0.212122617628632,0.262294253139545
"ENSG00000121310",-0.12163927556509,5.42511082320955,1.56336249041459,0.212331148745085,0.262534257877336
"ENSG00000152270",-0.238544753318523,3.11930258177313,1.5624399843237,0.212465675880024,0.26268273488586
"ENSG00000266993",-0.169153832918808,-1.46473378441925,1.56154628184083,0.212596099598322,0.262826118780199
"ENSG00000198911",-0.126466490512183,7.55294857096609,1.56062854511536,0.212730130183571,0.262973941941058
"ENSG00000107938",0.107105505531071,4.19162765140957,1.55960341883443,0.21287996364747,0.263141278973779
"ENSG00000079974",0.0974583842232578,4.20997201264925,1.55804713063623,0.21310767300498,0.26340484924326
"ENSG00000147687",-0.124355463377553,5.06339018792259,1.55779186592299,0.213145049972893,0.263433145481583
"ENSG00000183813",0.229083388640074,2.20131822115979,1.55756443813439,0.21317835752737,0.263456408691161
"ENSG00000011105",0.126805561607301,6.27985441430137,1.55660604764412,0.213318785253607,0.263612044176695
"ENSG00000197586",-0.106914370039257,6.38071569804166,1.5556439070808,0.213459873525041,0.263768474738328
"ENSG00000214872",0.273659778623815,-0.165145322117821,1.55438244455087,0.213645023155858,0.263979326165676
"ENSG00000163141",0.261927102474496,4.75819046744324,1.55417841561448,0.213674987263591,0.263998415077114
"ENSG00000182463",-0.221733759209516,3.79756697917377,1.55341368641759,0.213787341615639,0.264119288772262
"ENSG00000204954",0.101384739829491,3.19729758941606,1.5531445709542,0.213826896956358,0.264150214076087
"ENSG00000225968",-0.165337880446053,1.12217217169125,1.55278296418568,0.21388006068725,0.264197945108646
"ENSG00000113578",0.186085574883031,3.45188663899811,1.55027874029246,0.214248667267638,0.264635297810784
"ENSG00000125995",0.163440440873761,5.55578909308067,1.54924709722266,0.214400739512152,0.264805150770543
"ENSG00000074855",-0.129964715834837,4.26990695579366,1.54886763659809,0.21445670740451,0.264856290777023
"ENSG00000136826",0.200217514022448,4.48927530400749,1.54844600137605,0.214518916239078,0.264915130944891
"ENSG00000280195",-0.136281241913113,-0.496171210215731,1.54824669234608,0.214548330163049,0.264933466562939
"ENSG00000168439",-0.097519510571967,8.01383619542702,1.54782898194408,0.214609991281955,0.264991617205445
"ENSG00000261150",0.209035941679331,5.79665387366125,1.5474539058089,0.214665376904666,0.265042011753585
"ENSG00000102271",0.217940745099498,-0.477547618154786,1.5469212260733,0.214744064419005,0.265121167774427
"ENSG00000168894",0.0981635894772469,6.03488175641344,1.54537493627726,0.214972677854866,0.26538539773463
"ENSG00000231064",0.165043980249511,-0.574204061031384,1.54428913547243,0.21513338347755,0.265565764808585
"ENSG00000235173",-0.14528906668055,6.0489577009036,1.54392042529053,0.215187987653761,0.265615142140931
"ENSG00000125485",-0.075492043092984,4.55935537472961,1.54052987001702,0.215690889833689,0.266217827381592
"ENSG00000260285",0.151411760735704,0.714767630362187,1.54004548320909,0.21576285090245,0.266288575165486
"ENSG00000179909",0.199713536805806,1.5724685688284,1.53945808404442,0.215850154131518,0.266367660374623
"ENSG00000213453",-0.135544215669573,-0.251418967002476,1.53941727558719,0.21585622092927,0.266367660374623
"ENSG00000151229",0.144494084407164,3.2758214047829,1.53758124943391,0.216129385273363,0.266686652601895
"ENSG00000132388",0.0805907633872994,5.94791035153648,1.53714233117005,0.216194748853168,0.266739994428616
"ENSG00000234684",0.134490733908324,1.34804124576679,1.53709401034742,0.216201946220951,0.266739994428616
"ENSG00000139193",-0.219556942697282,1.71884728372535,1.53493663419294,0.216523578889911,0.267118690419162
"ENSG00000227008",0.217375799641148,-0.415673020586577,1.53347161211994,0.216742318320674,0.267370407326127
"ENSG00000247498",-0.271990197932499,1.78017638764099,1.53328989837958,0.216769468057751,0.267385763651025
"ENSG00000189334",0.290313948883156,7.85946350700454,1.5328980016568,0.216828034961038,0.267439868430175
"ENSG00000233270",-0.119943293581518,-1.27010774077849,1.53191791488553,0.216974586709564,0.267602480712929
"ENSG00000167515",-0.102337481279483,4.95810904820438,1.53106950889562,0.217101544074534,0.267740906131517
"ENSG00000276007",0.16640900510303,0.235514338540017,1.53038688087244,0.217203758627409,0.267848800726511
"ENSG00000172954",-0.103907227408893,4.80226857304238,1.52983605940671,0.217286278893567,0.2679323959672
"ENSG00000130822",0.336313591906264,1.40831190835305,1.52885388727567,0.217433514307673,0.268095773725711
"ENSG00000179044",-0.124496119038966,2.15837871433054,1.52759096306623,0.217623012325089,0.268301218240075
"ENSG00000101158",0.113516784503516,7.21258985902183,1.5275468234416,0.217629638921038,0.268301218240075
"ENSG00000155659",-0.190498690424052,4.41847104880938,1.5264748539537,0.217790645851087,0.268481514622446
"ENSG00000123364",0.261402103849603,3.49217849026983,1.52574163202778,0.217900855992458,0.268599171046481
"ENSG00000232040",-0.391535519478154,1.69780956050725,1.52547637757042,0.217940742685421,0.268630132011551
"ENSG00000102245",-0.267848703167653,0.882056992676903,1.52211815218579,0.218446481156136,0.269235251017673
"ENSG00000286724",-0.128764475997788,-0.11538536037208,1.52129696431174,0.218570363479518,0.269369682271681
"ENSG00000089048",0.0935832430762371,4.98105242809467,1.52103342264313,0.218610138557137,0.26940044719
"ENSG00000154380",-0.136373205159405,8.42756125204615,1.51991550903523,0.218778956386823,0.269590220783437
"ENSG00000275481",0.203287310975908,-1.26196855768515,1.51913591069441,0.218896777223639,0.269717131911358
"ENSG00000198851",-0.252890884656852,4.5405060016567,1.519021466804,0.218914079552474,0.269720178763067
"ENSG00000154727",-0.0802557958579749,5.23083027078079,1.5174422921252,0.219152996386035,0.269996254031647
"ENSG00000143816",0.2187282216153,3.61204149977607,1.51602180476427,0.219368172265534,0.270243045053206
"ENSG00000158669",0.155394812964895,6.66493837954317,1.51306671595017,0.219816622665692,0.270777157673119
"ENSG00000081760",0.110446921925734,5.78032293302144,1.51151935145919,0.220051882219367,0.271048600420279
"ENSG00000179818",0.110839102540769,4.18538057326204,1.50908765154055,0.220422206078462,0.271486360408686
"ENSG00000122952",0.122922106332154,5.96179059855615,1.50820394652052,0.220556970938643,0.271633950936622
"ENSG00000154803",0.0964690290427316,4.589868329769,1.50685839444221,0.220762357450527,0.27186849192973
"ENSG00000187288",0.431005880428567,1.85569148488789,1.50654095246197,0.220810845614465,0.271909794179816
"ENSG00000175874",-0.25786462278444,-0.590185724345855,1.50574796450307,0.220932027676226,0.272040601135685
"ENSG00000137822",0.0880560357990617,4.02495681933568,1.50181521176357,0.221534201170537,0.272763610268734
"ENSG00000277632",0.205109094690098,0.371405963943086,1.49878131335869,0.222000092256807,0.273318735393408
"ENSG00000173273",0.10994766952778,5.91360115227072,1.49813627141579,0.222099297865995,0.273422365614371
"ENSG00000111877",-0.0951470180220377,4.50863930393837,1.49792647207127,0.222131575892455,0.273443594066462
"ENSG00000197345",0.134822909915346,5.31746108800967,1.49429854540448,0.222690632457729,0.274100600281521
"ENSG00000129450",0.140433497581586,1.87688990911884,1.49426742788997,0.222695434921929,0.274100600281521
"ENSG00000152439",-0.124069176143912,2.71737667458449,1.49316377963639,0.222865845036708,0.274291784377294
"ENSG00000119522",-0.0791853424340648,5.07332289089574,1.49244010308428,0.222977670332471,0.274410844306582
"ENSG00000213621",-0.148449398324166,-0.512706234407908,1.4922559965305,0.223006129959175,0.274417028727308
"ENSG00000130203",-0.217901378678544,8.12825738918959,1.49221239121096,0.223012871212796,0.274417028727308
"ENSG00000110955",0.0918982947273611,9.27591084109609,1.49012347495053,0.22333609893344,0.274796168813517
"ENSG00000160685",0.112071286025092,6.70096520846917,1.48989330243743,0.22337174906881,0.274821441660253
"ENSG00000197134",0.257371875314431,2.04161795301578,1.48952294735475,0.22342912567729,0.274873440058073
"ENSG00000211448",0.243076277593196,4.82751363534282,1.48932837490686,0.223459276578707,0.274891939290735
"ENSG00000134962",0.204823218470566,0.662922933760164,1.48633005112396,0.223924516003332,0.275445630804044
"ENSG00000166823",-0.326634162460894,2.55653090993256,1.48621892565569,0.223941781354655,0.275448239621185
"ENSG00000177483",0.195442875143434,-1.20308478677308,1.48539393455611,0.22407000878178,0.275587322134366
"ENSG00000079387",0.0814810560651402,5.07498184390807,1.48394994603697,0.224294659171325,0.275844969978231
"ENSG00000128652",0.206680356984906,0.0634502401011584,1.48357347497731,0.22435327372294,0.275898400437649
"ENSG00000223482",-0.102293493481396,4.10187322174346,1.4832913357094,0.224397213409556,0.275933778479684
"ENSG00000155858",0.0902467483367234,3.42446637964557,1.48224207360837,0.2245607139423,0.276116161788977
"ENSG00000138755",-0.349311699590456,7.45635503380662,1.48119700263674,0.224723704083725,0.276295813991636
"ENSG00000125864",-0.187041238709061,2.27657737656406,1.48111048187995,0.224737204321105,0.276295813991636
"ENSG00000160862",0.303949902979035,9.53199110393767,1.4797998853845,0.224941822383104,0.276528683035072
"ENSG00000230383",-0.145353984114345,-1.02712493393544,1.47914417851853,0.225044279471992,0.276635939107637
"ENSG00000276180",-0.172740460974048,4.21241791623409,1.47836040721804,0.225166821002316,0.276767867837408
"ENSG00000173221",-0.164951752626864,5.0209023425929,1.47818615324602,0.225194076291327,0.276782663845565
"ENSG00000072849",0.0791530557393065,5.47412352444952,1.4772910605585,0.225334141594416,0.276936101582488
"ENSG00000063601",-0.0852089955428192,5.68236070661964,1.4750367926517,0.225687358082181,0.277339910187957
"ENSG00000169660",0.135097995287071,4.22825141909355,1.47499951340384,0.225693204898392,0.277339910187957
"ENSG00000123360",0.128974766980267,2.14130099451673,1.47470462176281,0.225739461658841,0.277370639176649
"ENSG00000156787",0.116412855591739,4.24766075209457,1.47464565936748,0.225748711883216,0.277370639176649
"ENSG00000132471",-0.114456959644189,7.38455117770923,1.47389344436162,0.225866762100482,0.277496937927828
"ENSG00000172500",0.0848214138760466,5.98527727671002,1.47249862238431,0.226085858104742,0.277747354759139
"ENSG00000186594",0.10956558157513,3.25921972140279,1.47213370750021,0.226143220550251,0.27779906087856
"ENSG00000114125",-0.0890102031315083,5.80737012524647,1.47042118119585,0.226412654158268,0.278111255070614
"ENSG00000124602",-0.214821505874757,1.25112609882205,1.46949747160834,0.22655814319106,0.278271171553146
"ENSG00000113811",0.0859242856206428,5.22053928015879,1.46825152703436,0.226754564673985,0.278493620250553
"ENSG00000271122",0.111099244118458,3.83109735342523,1.46780250061189,0.22682540346628,0.278561812170473
"ENSG00000118689",-0.108639491115134,6.66557415552586,1.46700816168844,0.226950784494712,0.278696973086882
"ENSG00000119328",0.0891743493916925,4.54345864523504,1.46669630003506,0.227000032619489,0.278738630386394
"ENSG00000184185",-0.33328331032569,1.13419707491282,1.4658665732361,0.227131123077929,0.278880771386037
"ENSG00000167657",-0.122691866122142,5.5650329792852,1.46570661757364,0.227156405351354,0.278892986400056
"ENSG00000103150",-0.0858294391884556,3.58973388034115,1.46523273578638,0.227231326111091,0.278966139676579
"ENSG00000153113",0.1147461043813,7.4873139291279,1.46391457857133,0.227439883899488,0.279203334797779
"ENSG00000197724",0.0776611342873827,5.96891940370255,1.4625773102621,0.227651701713839,0.27944449961337
"ENSG00000218018",0.145117392987625,-0.602935314182727,1.46246035473422,0.227670238318449,0.279448393476579
"ENSG00000253210",0.175650422070755,1.84160888724276,1.46086649718871,0.227923035037755,0.279733526373251
"ENSG00000135838",-0.116348547069856,4.37246518611431,1.46080182261997,0.227933300024828,0.279733526373251
"ENSG00000180764",-0.128965101817784,0.214782886729805,1.46033282637275,0.228007754660322,0.279806021305036
"ENSG00000130723",0.119514747574991,7.54842686198486,1.45913330389076,0.228198316388828,0.280020980871677
"ENSG00000105656",-0.0719178708611732,4.3936706990313,1.45841240129705,0.228312934931048,0.280142728228152
"ENSG00000136381",0.0992245625723654,6.15281127406128,1.45799557198942,0.22837923966456,0.280205181531234
"ENSG00000205502",0.291384721536377,-0.175739942154948,1.456830755078,0.228564649678559,0.280413750310532
"ENSG00000187994",-0.14644804898349,3.53122748784082,1.45620194000508,0.228664817101163,0.280517718429512
"ENSG00000121236",0.202036687028843,2.38749123313823,1.45535386857572,0.228799995150998,0.280664619397475
"ENSG00000149131",-0.13446694176962,8.15478026223213,1.45513524643217,0.228834858014677,0.280688454111879
"ENSG00000127540",-0.105298037717557,3.65720616169033,1.45428450716708,0.22897058340317,0.280835995072956
"ENSG00000172456",-0.118338679652583,3.2660567550703,1.4541327485835,0.228994804920939,0.280846764120164
"ENSG00000242689",0.146983838525474,-0.975488968705758,1.45402002941035,0.229012797536236,0.280849892899269
"ENSG00000272138",-0.203945461156065,-0.558682204647184,1.45378506885159,0.229050308231215,0.280876955643834
"ENSG00000253686",-0.275408813830605,-0.301729832535148,1.45365273385236,0.229071438357888,0.280883929134583
"ENSG00000163453",0.111840443983839,7.38549451221989,1.45270705498069,0.229222504954763,0.281050217076799
"ENSG00000174405",-0.110618884078968,3.88037332253153,1.45148547628147,0.229417823326346,0.281270736141528
"ENSG00000084234",0.125783409186587,9.35427217467487,1.45032523623674,0.22960352071514,0.281479430760783
"ENSG00000138814",0.130562608135896,6.38056866972719,1.44973036448109,0.229698800962677,0.281577259008503
"ENSG00000273026",-0.118349599928116,-0.764208975214812,1.44936097263496,0.229757990309818,0.281630834866894
"ENSG00000006788",-0.265696864694794,-1.01548722637524,1.44883609317134,0.229842125899657,0.281714979841159
"ENSG00000269825",-0.169370825816799,2.36370112487896,1.44565881798432,0.2303522243115,0.282313930901528
"ENSG00000189045",0.191052555863217,-1.57425350751633,1.44559903939861,0.230361834644248,0.282313930901528
"ENSG00000162641",-0.222532430530199,-1.28344308006746,1.44490705057436,0.230473117900569,0.282422667453552
"ENSG00000263155",-0.200497428400356,0.843328191426166,1.44485421651716,0.230481617165883,0.282422667453552
"ENSG00000180611",-0.14948124960427,3.30831057821972,1.44414554818119,0.230595655332188,0.282543369656551
"ENSG00000227124",-0.144037749612965,2.57400004326397,1.44221417978247,0.230906796183996,0.282905544560089
"ENSG00000164294",0.146078584189151,5.42070572363941,1.43965102198121,0.231320503159072,0.28339332557303
"ENSG00000174307",-0.185650612310482,5.24999175786459,1.43946723530649,0.231350201775259,0.283410619646286
"ENSG00000153093",-0.151387676209041,1.22099126197088,1.43926709660027,0.231382548018786,0.283412578452396
"ENSG00000162174",-0.247764287056341,2.67545827586744,1.43926451338946,0.231382965550893,0.283412578452396
"ENSG00000105967",0.181311070965558,3.63161624074672,1.43815804310851,0.231561891647562,0.283612638739789
"ENSG00000186188",-0.186681336495053,0.727533819129299,1.43776121189259,0.231626103641811,0.283672181875783
"ENSG00000205571",0.249450023224394,1.87604345226774,1.43753671522634,0.231662439421766,0.28369757932959
"ENSG00000163463",0.116560814886764,1.87571719142179,1.43735559273184,0.231691759935813,0.283714382933587
"ENSG00000174231",-0.0886049368077411,8.56653286974847,1.43696532859267,0.23175495205658,0.283772658408852
"ENSG00000196850",-0.0992458783670259,5.08236740972389,1.43603753386409,0.231905265788122,0.283937595028903
"ENSG00000120696",0.105423079596802,4.07637716598745,1.43483509457554,0.232100251092576,0.284157200247157
"ENSG00000127774",-0.15713884236668,-1.20689003223624,1.43462261477339,0.232134727083652,0.28418027974675
"ENSG00000148187",0.0849848510546145,5.03319253719783,1.43350305360642,0.232316484506726,0.284367268788111
"ENSG00000135622",-0.102533975853904,3.99548047339915,1.43348916595528,0.232318740209069,0.284367268788111
"ENSG00000165215",-0.234883652306304,6.33822377011551,1.43338068998847,0.232336360336811,0.284369698641044
"ENSG00000141933",-0.205434850551476,0.289545662853447,1.43248507380303,0.232481900336373,0.284528686045216
"ENSG00000199753",0.257109764960121,-0.670279050897746,1.43227304579502,0.232516371635769,0.284551727042885
"ENSG00000117600",-0.181576818889908,1.72700831399976,1.4313041131257,0.23267397866163,0.284725447345605
"ENSG00000112308",-0.0798000110018279,7.85693753220003,1.43110421934034,0.232706509599951,0.284746097726312
"ENSG00000140553",-0.0972710540055868,6.42159956512089,1.43048268073207,0.232807694748536,0.284850746860839
"ENSG00000167977",-0.0828624294064062,5.72538481728458,1.4303691372904,0.232826185142878,0.284854207949594
"ENSG00000165985",-0.261214059859577,0.203919220629313,1.42910793630732,0.23303168987552,0.285086458293937
"ENSG00000119559",0.10594151623311,4.27873185142838,1.42841210825413,0.233145164885857,0.285206097588376
"ENSG00000166501",-0.222559120541363,3.45732727307863,1.42819367182024,0.23318080113218,0.28523050716202
"ENSG00000176771",0.209100967709008,3.77575033638765,1.4271780026411,0.233346586715885,0.285414103509651
"ENSG00000249007",0.264165114717263,-1.04141215018427,1.42693854131533,0.233385694334493,0.28544274148045
"ENSG00000115286",-0.121380215550383,2.0699386896678,1.4249430118527,0.233711903804391,0.285822492361099
"ENSG00000184451",0.216111556744622,-1.28783386965585,1.4243474552107,0.233809366778757,0.285922461034897
"ENSG00000237350",0.152624465259756,-1.14251104788927,1.42425139557973,0.233825091580449,0.285922466429018
"ENSG00000025434",-0.122521278008396,4.82185878608859,1.42277083275202,0.234067619787046,0.286199789491549
"ENSG00000170396",0.239460470419443,-0.598537698536088,1.42257488627399,0.234099740299625,0.286219822302338
"ENSG00000261456",0.243043439029588,-0.803079127252051,1.422224151401,0.234157247859106,0.286270889565196
"ENSG00000085185",0.104125753835226,4.70213915738049,1.42201046038628,0.234192293702468,0.286278323781806
"ENSG00000106327",-0.265951056762809,2.63841876678116,1.42199512711967,0.234194808640284,0.286278323781806
"ENSG00000196504",-0.0723482979760598,7.30983138270871,1.42128922862191,0.234310624512434,0.286400647757537
"ENSG00000165119",0.046644473440576,9.37633320963177,1.42108209305806,0.234344622185672,0.286422954661179
"ENSG00000144381",-0.115101658934414,9.1081509155221,1.42068636170042,0.234409591218302,0.28648311013832
"ENSG00000140678",0.146826832434264,4.68612723905871,1.41847764512355,0.23477260859975,0.286907492119348
"ENSG00000071242",-0.127304365497019,5.00610973171753,1.41834200274205,0.234794924594074,0.28691548565688
"ENSG00000270558",-0.13669100106455,1.0219582337253,1.41623941990358,0.235141173202267,0.287319291783865
"ENSG00000183258",0.0877227563991877,6.23437037839868,1.4155746795918,0.235250770269005,0.287433898270365
"ENSG00000251432",0.174059137292759,1.10262829568283,1.41533584148517,0.235290163152359,0.287449969696257
"ENSG00000215859",-0.173355338552647,-0.805145445834982,1.41530328978203,0.235295532704963,0.287449969696257
"ENSG00000087338",0.0745382319735756,5.38338466173275,1.41434816282191,0.23545315162478,0.287623206511619
"ENSG00000176340",0.115375617955324,5.69832998435221,1.41382211899775,0.23554001634121,0.287709994440156
"ENSG00000258839",-0.153341062047671,1.12250084987547,1.41344853747725,0.235601728887159,0.287766049627267
"ENSG00000143458",-0.100523709868271,4.85297841448691,1.41270586555904,0.235724470503174,0.287896633730307
"ENSG00000101193",0.0851038140286703,7.10813116594813,1.41218216238603,0.235811069852605,0.287983061739016
"ENSG00000114026",0.0850226399857454,4.1453364863993,1.41161008493479,0.235905712587862,0.288079300426215
"ENSG00000184144",-0.428168962547904,0.680783752737027,1.40901217233822,0.236336085203367,0.288585479535337
"ENSG00000137819",0.226823790834996,3.18041782688598,1.40847513281359,0.236425170808243,0.288674879609313
"ENSG00000232931",-0.147571449717823,4.26930435710884,1.4080087078534,0.236502575839751,0.288750006670698
"ENSG00000026751",-0.232298869217275,4.9306909190176,1.40469955223866,0.237052629867353,0.289396235568658
"ENSG00000072201",0.139815173658134,4.02713364104927,1.40463307013983,0.237063696598715,0.289396235568658
"ENSG00000115165",-0.189638609558378,3.82929321511939,1.40375524272154,0.237209880372086,0.28955525531594
"ENSG00000187792",-0.0982429459121693,3.12630924714762,1.40150173987515,0.237585657122525,0.289994492433024
"ENSG00000198551",0.0881040099713736,4.7988686207786,1.40114203935397,0.23764570510565,0.290031860513517
"ENSG00000196151",-0.0843755799704429,3.85850692812168,1.40112730897559,0.237648164571858,0.290031860513517
"ENSG00000228274",-0.129056510389565,0.729434728380125,1.40037869458804,0.23777319826079,0.290164984565704
"ENSG00000168056",-0.111619668490255,6.76251142495944,1.39846142470262,0.238093786734453,0.290536718760565
"ENSG00000279602",0.203703845194995,-1.16642586284177,1.39679409179265,0.238373011432783,0.290857931835466
"ENSG00000181908",0.196110406637672,-1.18254074471752,1.39630336224727,0.238455268898113,0.290938782499422
"ENSG00000085276",-0.166819869675819,3.55904233375676,1.39575685798283,0.238546916217625,0.291021695673358
"ENSG00000005238",-0.110405452107485,4.55062453086651,1.3957073150079,0.238555226566642,0.291021695673358
"ENSG00000075239",0.118746453224121,5.42833948477134,1.39343817196254,0.238936231808361,0.291466947292452
"ENSG00000152082",0.141684920879406,4.41934118257249,1.39260254577038,0.239076726355246,0.291602558927786
"ENSG00000105726",0.084825422874322,6.61956316644149,1.39258624683439,0.239079467711191,0.291602558927786
"ENSG00000241015",-0.127386161637998,2.85319088990968,1.39177569022377,0.23921584550172,0.29174933266179
"ENSG00000224903",-0.165802469108275,-0.793567107617239,1.39142815584324,0.239274347936759,0.291801115748543
"ENSG00000213514",0.205086997417377,-1.31201812516104,1.39082361275647,0.239376155709783,0.291899927107096
"ENSG00000116731",0.085503319649031,5.93041880686223,1.39075644419368,0.239387470460163,0.291899927107096
"ENSG00000167196",-0.0795418312929826,5.25512934517525,1.3891119356086,0.239664696702048,0.292218375250845
"ENSG00000118640",-0.102848687435595,7.14105174110616,1.38467928425195,0.240413893850191,0.293112206820437
"ENSG00000234773",0.157870946085009,-1.00690401002139,1.3843946665573,0.24046209696295,0.293151325126492
"ENSG00000104894",-0.174363823764083,4.40684570583555,1.38348290632679,0.240616593014033,0.293307923368589
"ENSG00000129084",-0.100543771379677,3.93918798285105,1.38344627828741,0.240622802099336,0.293307923368589
"ENSG00000102978",-0.0732949963909866,6.04040300994025,1.37936947574992,0.241315115806508,0.294132108717918
"ENSG00000137770",0.0824125581126838,5.51456118919724,1.37894046964954,0.241388110170815,0.294201363518514
"ENSG00000166326",0.0972016030113065,7.27256540618657,1.37806305984319,0.241537483430983,0.294363692618783
"ENSG00000250903",0.130633449211911,2.63844561294247,1.37794061300029,0.241558338187101,0.294369383916047
"ENSG00000130584",0.1340578002298,3.22088366446976,1.37758122487486,0.241619560742529,0.294424264423497
"ENSG00000232119",-0.070695684715748,5.63534083465658,1.37633826114956,0.241831448679968,0.294654963371018
"ENSG00000070047",0.0990298875971659,5.74912885835533,1.37628059177334,0.241841285089211,0.294654963371018
"ENSG00000274987",0.153114251111116,-1.61156900440584,1.37422019086197,0.242193039802982,0.295063769035878
"ENSG00000168769",-0.101863693174767,5.23968136457046,1.3715110562152,0.242656500377942,0.295608602067918
"ENSG00000169442",-0.220984089091496,4.14193903796697,1.37106860641253,0.242732294782468,0.295681131706083
"ENSG00000167487",0.089070748290512,3.84051644382718,1.37037892894415,0.242850498620524,0.295805308659932
"ENSG00000147813",-0.209110093863754,4.28956219120202,1.37024259424118,0.242873873368546,0.29580686382608
"ENSG00000130766",0.113587127951446,4.3035611215915,1.37018176748141,0.242884303077781,0.29580686382608
"ENSG00000204217",0.102962302663285,7.0276114437081,1.36789610378724,0.243276613958059,0.296264817855318
"ENSG00000002016",-0.111207132726871,3.38904702541355,1.36700253629262,0.243430196645804,0.296432004324711
"ENSG00000273183",0.142445618858093,-1.33735836914766,1.36665583183378,0.24348981874742,0.296465621589241
"ENSG00000278376",-0.156667111224179,0.30020934168893,1.36665243313077,0.243490403304381,0.296465621589241
"ENSG00000250318",0.114703638733869,-0.0373664894271685,1.36592306128427,0.243615890754084,0.296598555528166
"ENSG00000214293",0.112482131408577,3.47925457074416,1.36576123396913,0.243643743663704,0.296612611094742
"ENSG00000183734",0.274134238834004,2.23353515807928,1.36452468425297,0.243856701265543,0.296851996694846
"ENSG00000116273",-0.0715213678897017,5.45100886354608,1.36439715379574,0.243878677428193,0.296858880006959
"ENSG00000277954",-0.18166583388844,-0.773733605601352,1.3630967545973,0.24410290196465,0.29711193073232
"ENSG00000075089",-0.0908778996984449,5.19592258676456,1.36287149286253,0.244141768939872,0.29713935315032
"ENSG00000147174",-0.130501579994214,0.103873428116703,1.36214968021259,0.244266362602543,0.29727110090432
"ENSG00000087206",-0.0703566552902907,4.64783530331476,1.36002901082209,0.244632867101164,0.297697215765822
"ENSG00000105146",0.171534175872325,0.0931386236846328,1.35822548293214,0.244945092262829,0.298057224732477
"ENSG00000261971",-0.137828685118321,3.02057764629824,1.35774129181393,0.245028998194723,0.298139377787371
"ENSG00000140548",-0.085301306386458,4.39984126776445,1.35710053223363,0.245140090220615,0.298254596356448
"ENSG00000130725",-0.0915381703453436,6.04394410333499,1.35696099951927,0.24516428996812,0.298264087353858
"ENSG00000239830",-0.231643800719369,-0.352648157337345,1.35602665766637,0.24532641235058,0.298441360967986
"ENSG00000104983",-0.115260852174033,3.02421602270131,1.35558424457297,0.245403223564028,0.298514836154531
"ENSG00000283828",-0.222800759871065,-0.385838677750643,1.35530066621401,0.245452473604976,0.298554777631732
"ENSG00000237187",0.185033814903982,2.10903543233132,1.3549127961451,0.245519855988637,0.298616767468324
"ENSG00000116678",-0.165896403645486,3.06755587823936,1.35399235314875,0.245679849994712,0.298791381591697
"ENSG00000223773",-0.114311872658383,2.12695492785309,1.35355489097524,0.245755935760162,0.298863931506139
"ENSG00000185697",-0.231580824821828,5.27441650052804,1.3534421361058,0.245775551378325,0.298867802933007
"ENSG00000048649",-0.114937581808399,6.54950740276854,1.35179383864705,0.246062520112622,0.299196758644763
"ENSG00000111252",0.093512741153941,5.14687717524287,1.35098823453728,0.246202925492687,0.299347470343004
"ENSG00000106992",-0.127125357030595,2.24574815713484,1.35004952143155,0.246366653989395,0.299526517564112
"ENSG00000167797",0.126839510290313,5.77005546463067,1.34949225291206,0.24646391491401,0.299610561235203
"ENSG00000102805",0.0958642378509589,2.99968535946135,1.34931962764086,0.246494053030695,0.299610561235203
"ENSG00000064195",-0.281005050880283,2.42489628893506,1.34929114860018,0.246499025533968,0.299610561235203
"ENSG00000183617",0.116669009220878,4.41550448871763,1.34927598295795,0.246501673538794,0.299610561235203
"ENSG00000184194",-0.223827834735106,2.36768966251684,1.34877442670068,0.246589267714866,0.299696999745939
"ENSG00000167785",-0.0987772154774709,4.54135727179018,1.34789791729355,0.246742437296263,0.299863119707632
"ENSG00000257740",0.128174388626908,-1.00412626434941,1.34739299446528,0.246830725359359,0.299950373009689
"ENSG00000162139",0.115844333574885,4.45752935746333,1.34727915944881,0.24685063529234,0.29995452663663
"ENSG00000139684",-0.0812830838311371,6.25257331916599,1.3467289702929,0.246946892103119,0.300051444556852
"ENSG00000238121",-0.220446408083883,0.456067662365701,1.34651020757182,0.246985177937566,0.300077916922408
"ENSG00000269984",-0.166112264145844,-1.05606209486534,1.3458746368076,0.247096451051915,0.300193056691753
"ENSG00000225920",0.165612619457395,-1.06371194266448,1.34503788678014,0.247243039750277,0.300351082485843
"ENSG00000172478",0.389680323938602,3.87757387981018,1.34490233990961,0.247266796013735,0.300359880177507
"ENSG00000273759",-0.151271862658811,-0.239183118755464,1.34464309599672,0.247312239525402,0.300395018865234
"ENSG00000287315",0.241242141859788,1.92923063060371,1.3440222346784,0.247421113586002,0.300507192915005
"ENSG00000237614",0.257219915810813,-0.502225286434669,1.34217663520802,0.247745105412549,0.300853440204572
"ENSG00000107099",0.134278058523308,5.46624931617128,1.34211984632285,0.247755082872353,0.300853440204572
"ENSG00000281103",-0.185195060523554,1.09414256424383,1.34211565929083,0.247755818527825,0.300853440204572
"ENSG00000106477",0.0949282666503247,4.36473785836473,1.34169796168277,0.247829220893209,0.300922482782941
"ENSG00000119041",-0.0775900857320694,5.54848696463885,1.33951703042554,0.248212912456694,0.301368254456766
"ENSG00000163635",0.0825742243547943,5.204105443788,1.33927392384731,0.2482557274753,0.301400118237818
"ENSG00000148730",-0.0864617851956308,7.79872128579994,1.33781675319145,0.248512549409327,0.301691780046512
"ENSG00000122176",0.22683645428109,6.56478206365145,1.33653323057763,0.248739037203457,0.30194658003447
"ENSG00000096092",-0.114379651664604,5.25456652625971,1.33588679560488,0.248853201978346,0.302065005177666
"ENSG00000128052",0.116724445826135,5.28016762685428,1.33452803186951,0.249093379119977,0.302336361657267
"ENSG00000204060",0.172257024124203,2.76518262415685,1.33242174926878,0.249466253099226,0.302768731574051
"ENSG00000272574",-0.176096190448915,-1.02726364496643,1.33232588034631,0.249483241064247,0.302769145824816
"ENSG00000084710",-0.249548122486153,3.78295726869897,1.33068934198232,0.249773455371431,0.30309958946844
"ENSG00000250786",0.276116008316418,2.44518288088129,1.3306025518099,0.249788857848166,0.30309958946844
"ENSG00000180592",-0.23245744724277,0.638469692405835,1.33001430887436,0.249893282976703,0.303206072767196
"ENSG00000011295",0.0807608779967543,5.86911316240249,1.3298509268907,0.249922296155214,0.303221047459878
"ENSG00000172172",0.109952480601729,6.08743632439698,1.32973271993372,0.249943289793285,0.303226291005888
"ENSG00000136274",-0.216631835931361,1.41351604225618,1.32956514766585,0.249973054467815,0.303242173991904
"ENSG00000146376",-0.109157794991227,5.39846056236351,1.32712165373541,0.250407571502879,0.303749026977082
"ENSG00000260778",0.132861299987167,-0.469210582993026,1.32528376108693,0.250735010277685,0.304125933106405
"ENSG00000115947",0.0693018190569531,5.18814281939418,1.32303101669974,0.25113707931684,0.304593304788923
"ENSG00000188641",-0.157092552105969,4.7358390335555,1.32254443634329,0.251224028390738,0.304678444246899
"ENSG00000270012",-0.124088044920184,1.114358957176,1.32175794808471,0.251364647778624,0.304828658074251
"ENSG00000101096",0.137251673158318,4.5607015920435,1.32077898197732,0.251539816712616,0.305020747141081
"ENSG00000158714",-0.180547393866601,2.67133556503872,1.31949647354083,0.251769527195157,0.305270008958127
"ENSG00000147684",-0.143834249474484,7.40251652624129,1.31944393782544,0.251778942400532,0.305270008958127
"ENSG00000166669",-0.18983542628442,3.38508961985426,1.31894632483254,0.251868143825883,0.305357805619595
"ENSG00000253438",-0.161554833659936,1.28807452878448,1.31865995381869,0.251919495982028,0.305399706253491
"ENSG00000008382",-0.126367818645003,3.17757651991091,1.31623795866041,0.252354326266683,0.305906457353934
"ENSG00000144645",0.128547306444894,4.80674585644615,1.31529970321814,0.252523023900334,0.306077533475068
"ENSG00000176387",-0.191016221653393,3.86279663457929,1.31526586379135,0.252529110805304,0.306077533475068
"ENSG00000204253",0.0703728514582927,3.63205590647337,1.31458435843969,0.252651735921646,0.306205755510288
"ENSG00000005243",0.179811184135829,3.73629893374087,1.3141411927827,0.252731515382412,0.306282036365625
"ENSG00000279495",-0.122216849446346,1.06483021889876,1.31090056436779,0.253315845697142,0.306969724934348
"ENSG00000061936",0.0647821597159158,5.50576700446623,1.30588027765906,0.254224373539149,0.308050160288477
"ENSG00000178026",0.168281210421874,3.84383320220299,1.30576637598698,0.254245033170198,0.308054670794722
"ENSG00000140374",0.107718350618097,6.21398525198475,1.30449033340607,0.254476625402201,0.308314739063098
"ENSG00000155875",0.190412258863361,-1.08452264741054,1.30249899039297,0.254838560960367,0.308732681459213
"ENSG00000130193",0.145640654523307,6.21841872149375,1.3019143352961,0.25494494558628,0.308840993094662
"ENSG00000073536",0.100681867829992,4.40775513652311,1.30165105661418,0.254992870074465,0.308878476251373
"ENSG00000138080",-0.197455308824813,6.19750567812307,1.2995645515128,0.255373070163353,0.309318420360354
"ENSG00000261220",0.183030545928895,0.601786614960168,1.29895547269315,0.255484187966859,0.309432403991559
"ENSG00000204261",-0.150165547891872,2.42923039009516,1.2985756248146,0.255553516139364,0.30949576185529
"ENSG00000012223",-0.544794225192181,9.76744658421911,1.29812630466965,0.255635554162355,0.309574502903317
"ENSG00000123612",-0.264000056708681,1.06284484435471,1.29754420196191,0.2557418844627,0.30968264944125
"ENSG00000101577",0.120606069740746,5.70900735614516,1.29685949473581,0.25586702722004,0.309813560420617
"ENSG00000170515",-0.0919994669607133,6.83546585819024,1.29664121033507,0.255906938625316,0.309841259467265
"ENSG00000160746",0.0957898938545172,5.65227800309566,1.29604968553338,0.256015132560803,0.309951622912593
"ENSG00000116962",0.135385167570531,6.91790982235186,1.295163724015,0.256177286997547,0.31012729605374
"ENSG00000164815",-0.0700068517827223,4.70980751276965,1.29499382920179,0.256208396788133,0.310144314195179
"ENSG00000161021",0.0647984858953611,6.09291615949144,1.29433266557746,0.256329508386754,0.31027027143207
"ENSG00000002746",-0.253883249926325,-0.0907247650224445,1.29405134281162,0.256381062452438,0.310312022618283
"ENSG00000277283",-0.107714313238825,1.50452179261329,1.29177225005944,0.2567991937939,0.310797427250695
"ENSG00000178605",-0.115750666377409,5.25482715562859,1.29070336648412,0.256995586548381,0.311014420662849
"ENSG00000247828",-0.126995184420027,3.39487688918293,1.29059391632099,0.25701570702854,0.311018075810717
"ENSG00000078967",-0.0895265147943954,4.28289489506912,1.29037898167013,0.257055224653355,0.311045201649606
"ENSG00000100485",0.0866371521865754,5.78350223646968,1.29010792611505,0.257105071341373,0.31108482155115
"ENSG00000160201",-0.213975993274682,-0.0555023345853906,1.28983483491961,0.257155304501601,0.311124903763395
"ENSG00000166803",0.139403051270711,3.17701453985611,1.28841431363794,0.257416795564894,0.311420558582832
"ENSG00000121905",0.247122609704847,-0.807288848408555,1.28810280274374,0.257474182901955,0.311469267616944
"ENSG00000119682",-0.0681350275081665,5.72569407580136,1.28799911344652,0.257493288330636,0.311471663218782
"ENSG00000248367",-0.163449181431113,-0.696086775352923,1.28764957197698,0.257557706581199,0.311528866615604
"ENSG00000246451",-0.166626511354708,1.02473909842571,1.28731349453224,0.257619662350126,0.311583084108531
"ENSG00000056736",0.155483565530354,4.43063907199651,1.2871376949921,0.257652078303745,0.311586579433485
"ENSG00000127804",0.0745316673554389,5.38165922033485,1.28711200801124,0.257656815190214,0.311586579433485
"ENSG00000269973",-0.104028188005182,2.22442520359996,1.28700494607721,0.257676559438032,0.311589738917554
"ENSG00000087842",-0.167054208940153,4.41020699801493,1.28509634324076,0.258028857172615,0.311990645758724
"ENSG00000198453",0.0957982012230319,3.5193471984808,1.28494305635255,0.258057177415897,0.311990645758724
"ENSG00000105851",0.147533180623045,3.52067542116122,1.28493016200738,0.25805955986333,0.311990645758724
"ENSG00000076201",0.067918813698891,6.14652516604675,1.28269280827432,0.258473362310277,0.312469164149372
"ENSG00000184110",0.109549186420456,3.56356141062126,1.28260445174621,0.258489720903423,0.312469164149372
"ENSG00000204172",-0.150658351323488,1.21428844660447,1.28245038074819,0.258518249146015,0.312482881336328
"ENSG00000196597",0.0945301220935748,2.44733200045802,1.28035967305399,0.258905757524585,0.312930483642819
"ENSG00000175931",-0.0800049303616001,6.12465990308204,1.27660204833389,0.259604040974122,0.313753624641991
"ENSG00000213654",-0.129532950132286,4.65335489497432,1.27624897707066,0.259669772791433,0.313812214453859
"ENSG00000240225",0.151853049870616,4.03474333358866,1.27614114518411,0.259689852142129,0.313815628912434
"ENSG00000069248",0.0859275008700386,6.62314962027655,1.27543842980548,0.259820751888978,0.313952952123089
"ENSG00000162825",-0.109903298940506,1.9723815491052,1.27409254519083,0.260071688367076,0.314235293165507
"ENSG00000149527",-0.249240260082443,2.51071554735733,1.27372153866834,0.260140914483441,0.31429805716918
"ENSG00000161638",-0.118670559781747,6.74411171718572,1.27229168289799,0.260407925726685,0.314599757762666
"ENSG00000144559",-0.0787605232070836,3.36443234764679,1.27211665579056,0.260440633695478,0.314618374445626
"ENSG00000162367",-0.177037662043654,1.10937776190517,1.27155620659929,0.260545401310171,0.31472403261137
"ENSG00000101400",-0.134404198027641,4.34825607689051,1.27096499225428,0.260655976836855,0.314836691905215
"ENSG00000101144",-0.344199436184593,4.10073040295052,1.27062784701311,0.260719059652974,0.314891975361465
"ENSG00000254415",0.242187200686119,1.90452436204801,1.27038092475729,0.260765273011025,0.31492687818888
"ENSG00000272695",-0.194769234207244,0.440803132513536,1.26905751371073,0.261013133118455,0.31520528949993
"ENSG00000167984",0.141899675532627,2.93308994264541,1.26829473590049,0.261156126070895,0.315357032331525
"ENSG00000197275",-0.116390820365106,2.16461400549926,1.26775278437999,0.261257781414618,0.315458841423957
"ENSG00000108671",0.10020433895286,7.20482776567193,1.26684636867977,0.26142791041238,0.315643310845749
"ENSG00000068383",0.0815111093660145,4.29843031474241,1.2665677461459,0.261480233965151,0.315685529064598
"ENSG00000138162",-0.138144666043321,5.98868248674385,1.26407215436674,0.261949472279336,0.316231050167036
"ENSG00000010327",-0.146973918192828,5.65440279906177,1.26230027154772,0.26228327063763,0.31661300367407
"ENSG00000123810",0.107279253422454,1.83744807635758,1.26130191961504,0.262471579829983,0.316812077707119
"ENSG00000135164",-0.0808640012841774,5.62493459836008,1.26119726488658,0.262491329564299,0.316812077707119
"ENSG00000270607",-0.288520964116747,-0.819034335599172,1.26114898916043,0.26250044045779,0.316812077707119
"ENSG00000033178",-0.0852659285002099,6.13270495675349,1.25965200957605,0.262783155391692,0.317132242735326
"ENSG00000196547",-0.09571011546898,5.32277391170384,1.25945704226591,0.262820004241567,0.317152452345812
"ENSG00000203644",0.119372500418557,3.3017430007626,1.25932856260116,0.262844290437605,0.317152452345812
"ENSG00000116663",-0.119406262120261,4.41885829662255,1.25928664875894,0.262852213913612,0.317152452345812
"ENSG00000180867",-0.0955284150010884,2.86717281083316,1.25810795337772,0.263075158810606,0.317400397243602
"ENSG00000080493",0.313798397122995,1.63609255403983,1.25742329424313,0.263204767237048,0.317535706189137
"ENSG00000113119",-0.0855594081949422,3.33849168969717,1.25670192076218,0.263341411975756,0.317679485376073
"ENSG00000122547",-0.134341250520117,3.36783177818861,1.25623048200526,0.263430761129643,0.317766194682713
"ENSG00000132109",0.113538329941955,4.67831690430024,1.2557297081854,0.263525711410792,0.317859648460739
"ENSG00000198169",-0.101183151545112,5.11146667045825,1.25560912793962,0.263548580660327,0.317866152854777
"ENSG00000146830",-0.083211298209603,5.95292177043896,1.25509483579556,0.263646149110677,0.317962745177706
"ENSG00000169116",0.212092767872171,5.13334496070338,1.25393946943567,0.263865502732786,0.318206190406041
"ENSG00000173727",-0.178261441453189,2.07382871886582,1.25295910649907,0.264051809460468,0.318409753395676
"ENSG00000232134",-0.147279637750503,-0.469509031086632,1.25257096949207,0.264125615805029,0.318477638574772
"ENSG00000159588",-0.1650816301148,-0.0284807123908013,1.25206988791737,0.264220937248147,0.31857145552995
"ENSG00000265491",-0.0755065313568128,6.25444527727356,1.25166804760554,0.264297410913662,0.318642536769037
"ENSG00000164749",-0.289532874493139,1.84604871774158,1.24980816104215,0.264651723431744,0.319048554767453
"ENSG00000105290",-0.265709886932019,4.08584998769157,1.24873287985649,0.264856837454326,0.31927466593447
"ENSG00000115380",-0.234183899658442,6.75508982190327,1.24843899237082,0.264912932165031,0.319321122023831
"ENSG00000276975",-0.245581473805824,-0.232231482784336,1.24830239656705,0.26493900944599,0.319331391902165
"ENSG00000211950",-0.423186570875336,4.15389048974242,1.24658734354882,0.265266700438554,0.319705171796198
"ENSG00000054179",-0.202139826620755,4.14020703481099,1.24592773245103,0.265392865531759,0.319836034872226
"ENSG00000149357",0.0838930167611009,6.48858829046541,1.24504589772004,0.265561652920943,0.320018243114431
"ENSG00000040199",0.103809315350471,4.24891748567903,1.2445774525366,0.265651370132341,0.320100964304274
"ENSG00000121481",-0.0939386904314619,5.20775001607002,1.24450371013598,0.265665496820597,0.320100964304274
"ENSG00000005007",-0.0743323005466088,7.24857183550784,1.24409768875301,0.26574329436646,0.320173492179198
"ENSG00000273987",0.173173702802075,-1.25050227926783,1.24392907256797,0.265775611194303,0.32019121788448
"ENSG00000240219",-0.227074258442821,0.411831850447682,1.24293712074429,0.265965827291157,0.320399156628134
"ENSG00000215301",0.0607900362367241,8.64338903843712,1.24260044074984,0.266030427532314,0.320455753093432
"ENSG00000186648",0.23754908652848,1.50033391278896,1.24248321974885,0.266052923834876,0.320457695277554
"ENSG00000177575",-0.164591488442118,6.03623571116859,1.24240843010403,0.266067278226651,0.320457695277554
"ENSG00000115977",-0.0783995349429772,5.67447494433761,1.2418223277371,0.266179802509761,0.320571993646373
"ENSG00000118965",0.106646339433387,4.93655673887787,1.24142333577468,0.266256437993029,0.320643057287772
"ENSG00000272686",0.10141892551028,2.44777078280959,1.24105651118384,0.26632691934728,0.320706700813581
"ENSG00000101216",-0.074419388335621,4.96444192781802,1.2406292415994,0.266409043969623,0.320772711793053
"ENSG00000286535",-0.149863920197826,0.325198978203156,1.24049745664758,0.26643438047946,0.320772711793053
"ENSG00000212743",0.214927585940685,-1.37690035184876,1.24049607119216,0.266434646858239,0.320772711793053
"ENSG00000204161",-0.115471133565955,2.55705312505328,1.2373855496213,0.267033541703901,0.321472468659687
"ENSG00000204177",0.135010512402084,0.985865554264968,1.2371284568203,0.267083117270335,0.321510870137855
"ENSG00000110921",0.0980907375366692,4.456916447706,1.23686392055067,0.267134140195827,0.321551008728107
"ENSG00000103174",0.0986009942638647,3.71743405169959,1.23578152731469,0.267343035935565,0.321781161908282
"ENSG00000229180",-0.072769852520527,4.04730647561575,1.23468312304813,0.267555230807421,0.322015255288868
"ENSG00000186166",-0.110155368767334,3.38531894024879,1.23345677710857,0.267792391268045,0.322279362957931
"ENSG00000213123",0.13473973251858,0.726188693058789,1.23300044644402,0.267880707296943,0.322364318136615
"ENSG00000167302",-0.0892837579221411,2.69532401394998,1.23116095541126,0.268237083647605,0.322771821196337
"ENSG00000161692",0.0995456311929478,3.56363477979563,1.2308589450763,0.268295650789643,0.322820937851417
"ENSG00000166086",0.170986433364686,3.20479259947744,1.22993571615987,0.268474786693964,0.323015110166688
"ENSG00000272078",-0.149266076383844,-0.477645480950947,1.22966909100835,0.268526548382107,0.323056016799428
"ENSG00000174579",-0.0625325426450385,5.74226596366717,1.22900142124191,0.26865622237495,0.323190645714372
"ENSG00000166529",-0.0733731635827022,2.40864535051804,1.22633385398814,0.269175097973129,0.323793431344925
"ENSG00000213380",0.0780140240637729,2.84524792843444,1.22260389600646,0.269902731102445,0.32464723717289
"ENSG00000049769",-0.137277468583185,2.07648498281935,1.22239260404801,0.269944023347239,0.324675432921544
"ENSG00000114315",-0.119422443456371,5.92856558758316,1.22164339828666,0.270090502614475,0.324830130367789
"ENSG00000179361",-0.0983359886541962,2.73794390182815,1.22095499714474,0.270225181758089,0.324970616623652
"ENSG00000169919",0.098364274169681,6.79865768137544,1.22059865188623,0.27029493043477,0.325023939715127
"ENSG00000137216",0.102497178069168,6.51049367083706,1.22054587591246,0.270305262377997,0.325023939715127
"ENSG00000065413",-0.137968228508383,4.10169349635062,1.21928782343435,0.270551697939406,0.325298756007267
"ENSG00000272320",-0.256940743540471,-1.26378302493166,1.21710869744063,0.270979227374297,0.325791260410081
"ENSG00000182916",-0.178678247989452,0.289394405515731,1.21671099745351,0.271057344900125,0.325863638643894
"ENSG00000149564",0.104065845652048,4.58073427488839,1.21450359077812,0.271491445626939,0.326363940057023
"ENSG00000034693",-0.0876383748551669,3.86339798099633,1.21439438567605,0.271512944183771,0.326368212861967
"ENSG00000197114",0.130041279928137,1.58576753224745,1.21339831536148,0.271709133401035,0.326582455610496
"ENSG00000286320",0.173455053917242,-1.42615691731036,1.21314060013305,0.27175992283623,0.326621917435099
"ENSG00000128228",-0.13763148086614,4.39283402528339,1.21238840296023,0.271908230966893,0.326778571747446
"ENSG00000271533",-0.155181811082146,2.05863197000131,1.21059533573196,0.272262174512692,0.327182321112445
"ENSG00000122359",0.0907519590726595,7.3717435075344,1.20992819458192,0.272394013112411,0.327319127278577
"ENSG00000158352",-0.119053110454877,3.4207755068737,1.20950478146491,0.272477728505101,0.327398092491959
"ENSG00000100225",-0.065800296591395,6.73883762844695,1.20926921159956,0.272524318362753,0.327432441695188
"ENSG00000261777",-0.132852693603654,-0.895109866785032,1.20862787914847,0.272651208755543,0.327563259452132
"ENSG00000254428",0.170489933109094,-0.90177964333066,1.20799714105894,0.272776075519449,0.327691628900114
"ENSG00000287608",-0.215772942742798,-0.7688102071611,1.20753584415764,0.272867443693983,0.327779741490401
"ENSG00000255559",0.149442820407186,-0.839637866197817,1.20728748516793,0.272916651622569,0.327813952681387
"ENSG00000166900",0.0870698504632523,5.91684867686716,1.20721017858459,0.272931970829901,0.327813952681387
"ENSG00000260233",-0.0989314348868428,1.05220260511845,1.20672063286957,0.273029005191674,0.327908844851173
"ENSG00000224536",0.130949569680283,1.91624479024746,1.2060761107284,0.273156824132568,0.328040694441937
"ENSG00000143776",-0.119968823853503,6.38858145926698,1.20574104445833,0.273223302834107,0.328081920029143
"ENSG00000121057",-0.106856673743425,6.87265573190078,1.2057212585363,0.273227229089588,0.328081920029143
"ENSG00000224975",-0.127568564385335,0.350503035091824,1.20364500949503,0.273639628480627,0.328543817217323
"ENSG00000180712",-0.145040675358337,-1.31928777080531,1.20360277535558,0.273648025457732,0.328543817217323
"ENSG00000136193",0.162320964285607,6.71603148053236,1.20332089900269,0.273704076328638,0.328589421799687
"ENSG00000117983",0.387503830535643,6.8669197375602,1.20215970743295,0.273935130815085,0.328845103244985
"ENSG00000250859",0.0780319239038295,-0.614240954431993,1.20167423426118,0.274031803344685,0.328939442927213
"ENSG00000172322",-0.230662992867876,0.857329329803178,1.2014108447969,0.274084270213116,0.328980710528355
"ENSG00000189057",-0.133482887923728,5.37020129710453,1.19982669253238,0.274400098602975,0.329338062121612
"ENSG00000197183",0.0898131240186161,5.97914443164604,1.1992924250492,0.274506717557088,0.329444287623116
"ENSG00000100075",0.106885025007253,6.33130630461413,1.19917522088675,0.27453011392034,0.329450627605116
"ENSG00000255153",-0.147115761752078,0.35393469116322,1.19797157295528,0.274770532340646,0.329717387491698
"ENSG00000237550",-0.195808803361242,6.47503973415519,1.19785512928461,0.274793805050297,0.329723560249031
"ENSG00000233122",0.136581606922754,-0.794051839073954,1.19767367541638,0.274830075806962,0.329730073614645
"ENSG00000270231",-0.147870951080551,2.64652694236357,1.19764658553406,0.274835491312845,0.329730073614645
"ENSG00000198586",0.072169313511497,6.32762516470008,1.19681543509352,0.275001711013193,0.329907731673897
"ENSG00000153827",0.0749874972308545,7.8805477714156,1.19563551555525,0.275237897963436,0.330165818671305
"ENSG00000178201",0.17127006687956,0.0704863761971247,1.19555936034993,0.27525315089691,0.330165818671305
"ENSG00000232368",-0.141798461049661,-1.2324376205374,1.19535649610103,0.275293787267399,0.330192785730641
"ENSG00000170855",-0.0796432744362262,4.98318093263082,1.19491610725619,0.275382028978838,0.330256169429761
"ENSG00000143320",0.229705927480256,9.23975210487636,1.19491151960841,0.275382948403989,0.330256169429761
"ENSG00000173276",-0.0872373629050775,4.81812520429864,1.19455888359203,0.275453632905272,0.330319158388679
"ENSG00000170340",-0.0754867283645886,5.65156802508231,1.19400986672649,0.275563726739363,0.330400989467395
"ENSG00000167995",0.126094762158269,1.54579512924724,1.19400553833422,0.275564594928326,0.330400989467395
"ENSG00000146151",0.335525554087736,1.27818899726557,1.19394683693438,0.275576369596458,0.330400989467395
"ENSG00000169218",-0.449606103181356,1.64421739334829,1.19300131243074,0.275766115894793,0.33060669144384
"ENSG00000196735",-0.190028165042659,7.56434801889818,1.19290196768191,0.275786061804798,0.330608811765468
"ENSG00000139405",0.0849929464398986,4.57049111136689,1.19266633837991,0.27583337748279,0.330643740173795
"ENSG00000212789",0.114142189615392,-0.671491496445093,1.19050208939951,0.276268450368784,0.331143441103694
"ENSG00000025800",-0.0812837637693641,6.73304574108114,1.19039491792601,0.276290017252263,0.331147468453652
"ENSG00000104412",0.0907831136665126,6.00153453702272,1.18876336086358,0.27661860986131,0.331519456784233
"ENSG00000124422",-0.153509938170536,7.75522103933255,1.18774766019713,0.276823419402604,0.331743055419027
"ENSG00000103381",0.135230432096479,5.15080831837242,1.18654554622416,0.277066065584068,0.332011964741273
"ENSG00000117054",-0.0959871857049914,5.7470932553294,1.1863816677999,0.277099165183066,0.332029752707663
"ENSG00000187513",0.126093402097575,3.26298343239278,1.18607145266354,0.277161835048764,0.332082968107175
"ENSG00000257242",-0.193429477554362,-0.377322416867112,1.18565027994268,0.277246949307261,0.332163066596434
"ENSG00000267152",-0.112080598716584,-1.27586999956579,1.18343919193868,0.277694327630611,0.332677146024605
"ENSG00000151779",-0.0766165657138843,6.10312065085212,1.18154428105221,0.278078459048037,0.333115393082112
"ENSG00000236015",-0.133208955967779,-0.838014322776722,1.180598168686,0.278270504023888,0.333323493623978
"ENSG00000275582",0.136516498015972,-1.22012058520789,1.18019562264502,0.278352265008719,0.333399472899478
"ENSG00000196581",0.321046209164047,1.14741712258565,1.17959602203889,0.278474106035108,0.333523445315853
"ENSG00000175294",-0.164155650639441,-0.677972752306104,1.17921536748786,0.278551491444305,0.333594161216107
"ENSG00000139505",-0.0903285304870747,5.43525342443969,1.17900301389978,0.278594673826383,0.33362390884608
"ENSG00000197056",-0.0824981267284861,4.03410922951371,1.17791886418008,0.278815269180661,0.333866094927768
"ENSG00000186212",-0.192665013110012,2.56902819338602,1.17501023050426,0.279408191324671,0.33455406081719
"ENSG00000094631",-0.064657342360244,5.83208839503316,1.17440891623346,0.279530967744967,0.334679036360047
"ENSG00000123143",-0.115050994195558,7.13593193013231,1.17388786079235,0.279637412171376,0.334784442639085
"ENSG00000163155",-0.0906544370928422,4.31756695915252,1.17359489373877,0.279697283841977,0.334834081387341
"ENSG00000177374",-0.131963311179277,2.84030705922741,1.17344192332766,0.279728551810322,0.334849473497838
"ENSG00000127837",-0.0821285203234265,6.98613884778134,1.17261381196495,0.279897899089484,0.335030140746268
"ENSG00000152404",-0.079484799587828,4.33475662600535,1.169054104835,0.280627334096691,0.335881149812491
"ENSG00000131480",0.163481118397761,-0.0800567797071342,1.16893411638297,0.280651963406818,0.335888524737988
"ENSG00000146066",-0.108969215948444,5.08137789917514,1.16706604279028,0.281035765455343,0.336325733787457
"ENSG00000136045",-0.0653139592485371,6.02941701107291,1.16665377955847,0.281120555982291,0.336405070873472
"ENSG00000038382",0.111288140014656,6.91614057258214,1.16630854161226,0.28119158632987,0.336467932379452
"ENSG00000101199",0.0958708095996946,6.5638625750604,1.16372043474106,0.281724797507863,0.337083785084732
"ENSG00000187601",0.108878231546385,4.42519250177113,1.16314995522098,0.281842502324969,0.337202436014112
"ENSG00000102710",0.0952562536458151,5.57414568178986,1.16281056111369,0.281912557806708,0.337264066394028
"ENSG00000213676",-0.0752857030108467,6.8431360180421,1.16225820284942,0.282026619210848,0.337378331373777
"ENSG00000170791",0.118870440728449,4.92012133939271,1.16155337363423,0.282172250808673,0.337530345130427
"ENSG00000065923",-0.129328145748678,5.68074766446119,1.16013870887438,0.282464836717317,0.337858111943612
"ENSG00000227191",0.233173657652404,0.691169331973776,1.15967186072767,0.28256147643939,0.337951478495405
"ENSG00000107201",0.151482026836175,6.36027901407127,1.15933383260078,0.282631476039184,0.338012972527662
"ENSG00000280071",-0.152862407261979,-0.0425983918752405,1.15670465433112,0.283176684874692,0.3386427473536
"ENSG00000125691",-0.142254203577483,9.50333656544525,1.15578115022642,0.283368507743558,0.338849863171587
"ENSG00000130783",-0.144183498051636,-1.3849717781552,1.1543253514581,0.283671230197728,0.339189555902721
"ENSG00000213131",0.107987567737644,0.924937883031268,1.1519984411354,0.284155948393774,0.339746804456085
"ENSG00000127863",0.220449927395348,4.62793183729092,1.15066937483933,0.284433278768163,0.34004438203348
"ENSG00000245522",-0.137862745861292,-0.310909585002587,1.15062651823565,0.284442227196908,0.34004438203348
"ENSG00000125652",-0.126315485933536,4.60869006345642,1.15051941366679,0.284464592122298,0.340048767763414
"ENSG00000283696",0.14012067861413,-0.226504211229959,1.14983490250316,0.284607580458662,0.340197336578742
"ENSG00000185414",0.0711428707915264,5.39682818446214,1.14962989728562,0.284650422039487,0.340226186242636
"ENSG00000172889",0.17343975961182,4.3217223200468,1.14913114904799,0.284754683735289,0.340328439202092
"ENSG00000116824",-0.203249992028787,4.46756839010848,1.14852816111021,0.284880801331514,0.340456798384754
"ENSG00000075292",0.0522727127628369,7.25454533369754,1.14777091345063,0.285039283788311,0.340623816921275
"ENSG00000240344",0.0789166649541439,3.92390392152599,1.14630525392051,0.285346347082568,0.340968356923839
"ENSG00000012983",-0.0753626731279273,5.80442344192417,1.14568800610809,0.285475789791893,0.341100621779986
"ENSG00000197976",-0.0783883554998408,5.27087042395836,1.14473058582067,0.285676717939415,0.341318277992648
"ENSG00000236871",0.176844463011464,-0.277164987448843,1.1437197335129,0.285889055160911,0.341549535947625
"ENSG00000121851",-0.0920975661074484,3.5754875498418,1.14320180853378,0.28599792717709,0.341657162528533
"ENSG00000152128",-0.223373220892027,1.61033330898841,1.14310492463073,0.286018298823441,0.34165905812431
"ENSG00000099625",-0.166071647252825,0.167318334202679,1.14293296867248,0.286054460323576,0.341679813775872
"ENSG00000188687",0.110088329219414,-0.150403394200087,1.14248079823744,0.286149577378546,0.341770981964867
"ENSG00000166670",0.365183696574473,1.87191624623015,1.14147543723257,0.286361206280338,0.341991237982671
"ENSG00000162517",-0.0698945946617024,6.23903980115825,1.14142611315151,0.286371594154172,0.341991237982671
"ENSG00000118785",-0.230536580003325,8.40177836845954,1.14040499076388,0.286586755120661,0.342225717427259
"ENSG00000227354",-0.130583445409627,1.53210828079832,1.13829499534729,0.287032006445749,0.342720197679767
"ENSG00000085274",-0.0696911268003967,4.42801283364179,1.13823821453286,0.287044000525435,0.342720197679767
"ENSG00000255198",0.174091339722402,2.27809744441331,1.13817491412606,0.287057372523289,0.342720197679767
"ENSG00000231607",-0.138348404514621,1.94581291662604,1.1375052613351,0.287198883117444,0.342866641689535
"ENSG00000271882",0.120665524511669,-0.804435466024542,1.1372113552334,0.287261019274329,0.342918313111151
"ENSG00000037280",-0.118604624940527,3.54232779196469,1.13683771120174,0.287340037998011,0.342990130019545
"ENSG00000141526",-0.164899506872271,5.56604012931039,1.13503553157492,0.287721555165995,0.34342299812043
"ENSG00000139116",0.134194724652754,5.37029087750612,1.1347538487391,0.28778124518557,0.343471703355545
"ENSG00000132005",-0.0607311688084691,4.28932268730133,1.13413932858705,0.287911520005294,0.343604640804218
"ENSG00000236753",0.091619596495384,1.98054038601851,1.13379646877084,0.287984237092005,0.343668873711003
"ENSG00000205436",-0.315546533334884,0.114726277364682,1.13319143104839,0.288112616681009,0.343799519235939
"ENSG00000104375",-0.0922098979836766,5.71960414490081,1.13297644495702,0.288158250985164,0.343831415660838
"ENSG00000156467",-0.0991800937735825,7.4499761859472,1.13169322118766,0.28843082828821,0.344134079303723
"ENSG00000074660",-0.0841948365556423,2.93180907270035,1.13100425253088,0.288577312201951,0.344286267912698
"ENSG00000198146",0.127539156158071,5.1138336273506,1.13005947218063,0.288778339699713,0.344503505342934
"ENSG00000147394",-0.149189087824669,5.60285523305923,1.12794632179698,0.289228617793317,0.345018042921548
"ENSG00000143799",-0.0818994134175595,8.51534335915237,1.12722706611998,0.28938208427844,0.34517847251156
"ENSG00000260160",0.105334759030339,0.0244678256854036,1.12413261395527,0.290043532146594,0.345944767701636
"ENSG00000188026",-0.0968753180977481,3.02649545805647,1.12355982928038,0.290166178598916,0.346068357793907
"ENSG00000173801",0.106162585885409,8.85530209495712,1.12242022804979,0.290410391080722,0.346336908594596
"ENSG00000120662",-0.0818173890243461,2.72139747281757,1.12229246831339,0.290437785937009,0.34634686930385
"ENSG00000063244",0.0723186576332621,7.41376597579561,1.12137563357336,0.290634475146599,0.346558698876702
"ENSG00000161940",0.103042504664465,3.69089153390011,1.12121859499933,0.290668181851069,0.346576169628114
"ENSG00000135587",-0.0913166469949021,3.81149920218824,1.11916433061367,0.291109569913651,0.347079702234643
"ENSG00000169057",0.0751430268489646,6.15131008175247,1.11759055517591,0.291448299102804,0.347460780288529
"ENSG00000196976",-0.127320062504769,5.07468294615638,1.11431511220857,0.292154905605432,0.348280358075086
"ENSG00000275494",0.158835536707808,0.377058570388305,1.11269854109171,0.292504455836095,0.348674206498027
"ENSG00000132600",0.0770602219058221,4.9661912652525,1.11047065899338,0.292987069306888,0.349226608333028
"ENSG00000065809",0.105848464316886,6.58450819768531,1.11034543215005,0.29301422681304,0.349236091564585
"ENSG00000010319",0.182908589237693,3.978079326037,1.10887078323042,0.29333427197008,0.349594635907989
"ENSG00000178199",-0.183182273121773,1.50179655011833,1.10876611141975,0.293357006097848,0.349598822363233
"ENSG00000279179",0.154212468931485,-1.29775134530496,1.10788211918546,0.29354909450464,0.349804817588311
"ENSG00000178104",-0.103364097273029,6.54373667360344,1.10763924189519,0.29360189917198,0.34984482063286
"ENSG00000171928",0.106744404052733,4.8605402653675,1.1072500483701,0.293686540324247,0.34992275109187
"ENSG00000118762",0.100971628396908,4.73525396783347,1.10707492004983,0.293724637161049,0.349945218176678
"ENSG00000232653",0.142303326705317,-1.00660721140844,1.10636932696295,0.293878193882569,0.350105232877197
"ENSG00000143493",-0.0851939958645973,5.96722426456171,1.10573414208997,0.294016516037406,0.350244055760117
"ENSG00000223820",-0.150314792195366,-0.591659152957694,1.10565739114281,0.294033235506995,0.350244055760117
"ENSG00000162944",0.127944125089243,1.94717666174723,1.10531951946484,0.294106852192369,0.350308803384074
"ENSG00000233203",0.175554060956634,-1.51218731674394,1.10494089102792,0.294189377251042,0.35038364196234
"ENSG00000156639",0.0555659479544301,6.59522953165922,1.1048544904466,0.294208213110229,0.35038364196234
"ENSG00000239704",-0.175479621505364,-1.27978875517952,1.10224618056046,0.294777571250182,0.350995168065319
"ENSG00000198590",-0.149314024468617,0.0504875426012125,1.10224142679179,0.294778610225101,0.350995168065319
"ENSG00000234338",0.194281716573426,-0.166697901961941,1.10223694157513,0.294779590510103,0.350995168065319
"ENSG00000185651",-0.071314444082301,6.80204255687957,1.10165570793616,0.294906659902079,0.35112348326126
"ENSG00000164764",-0.329030813340383,4.22981377059455,1.10041460633808,0.295178225642111,0.351423811479918
"ENSG00000169896",0.142349187210294,4.63936930869159,1.09803165134214,0.295700543134675,0.352004054766132
"ENSG00000113790",-0.138096140669076,3.46751026428242,1.0980144949491,0.295704307937746,0.352004054766132
"ENSG00000092841",0.0807423650801856,8.83137017851011,1.09641753015223,0.29605501662962,0.352398471365153
"ENSG00000123552",-0.087250693881387,3.59792900950144,1.09603776180612,0.296138496184465,0.352474770538777
"ENSG00000183578",0.181982308088739,2.30924118526116,1.09509580603841,0.296345684989652,0.352677931271998
"ENSG00000135829",-0.0540200765977744,8.18386988023468,1.09508543595237,0.29634796699087,0.352677931271998
"ENSG00000273729",0.117075188384439,-0.421527602987638,1.09370719381633,0.296651459174276,0.35301601278865
"ENSG00000260645",0.171830801714763,-1.1308662277995,1.09146978933853,0.297144994205443,0.353580186758822
"ENSG00000178952",-0.0844009165164087,7.66951634960451,1.09089992009465,0.297270867157654,0.353706825321432
"ENSG00000176753",0.208410358976702,-0.762794304233917,1.09071979033311,0.297310668590401,0.353710830176876
"ENSG00000167210",-0.172798988384898,-0.951071243841844,1.09070866085676,0.297313127982411,0.353710830176876
"ENSG00000157911",0.0843720320235217,3.77625247786458,1.08999677595295,0.297470494842082,0.353874900921433
"ENSG00000198682",-0.190718865694942,5.77900428149601,1.08871757109864,0.297753541532354,0.354171620870055
"ENSG00000087884",-0.114494451026072,2.58320353686784,1.08869352268168,0.297758865995382,0.354171620870055
"ENSG00000119922",0.186789892055609,5.80652894258498,1.08835688190244,0.297833413166895,0.354237125207918
"ENSG00000163606",-0.15376625126069,0.967065488711058,1.08821809389432,0.297864153984518,0.35425052198198
"ENSG00000100714",0.0734026431071595,6.29719678340097,1.08769479860923,0.297980097969368,0.354365242700854
"ENSG00000090061",0.0834217043540078,3.1914809890493,1.08724647958478,0.298079476142192,0.354460249236625
"ENSG00000134326",-0.178753698302484,4.80338374568811,1.08689112280136,0.298158277904381,0.354530776577202
"ENSG00000257167",-0.118850429188992,2.15714618195812,1.08589442074438,0.298379443986614,0.354770564635454
"ENSG00000145757",0.129960049338268,-1.44284795582033,1.08530125517816,0.298511166677649,0.354903980882016
"ENSG00000226396",0.122692173792918,-0.432928662274731,1.08409844268136,0.298778502555002,0.355186334512538
"ENSG00000136536",0.0728211932563424,6.54639400492082,1.08405702877945,0.298787712669993,0.355186334512538
"ENSG00000225684",-0.177775892646686,-0.0684188010508507,1.08268933659247,0.299092082377507,0.355524919566179
"ENSG00000095564",0.0848089124874353,5.51899806446965,1.08184157963772,0.299280945426482,0.355724771541642
"ENSG00000269427",0.126497538435971,-0.31179763164563,1.08175910166203,0.299299328068053,0.355724771541642
"ENSG00000276231",-0.105465601733695,1.32830006597244,1.08140865791166,0.299377451028258,0.355794372667404
"ENSG00000078369",-0.0654796886386525,8.92657682744546,1.08076241530533,0.299521584291611,0.355942409349613
"ENSG00000185220",0.0819620176698671,3.62764912330852,1.07999940281058,0.299691876517945,0.35612151117917
"ENSG00000024862",-0.082617547209255,4.3572141366151,1.07930974726686,0.299845904317136,0.356281263978576
"ENSG00000128284",0.155948187690069,5.43564875170107,1.07837892659741,0.300053956278429,0.356505184007844
"ENSG00000136011",-0.209286489217547,-0.916201764426658,1.07799079839782,0.300140763711183,0.356585029092625
"ENSG00000157927",-0.248356332519455,2.48497714202924,1.07623594065963,0.300533654827842,0.357028485565564
"ENSG00000263826",-0.127412158339924,-1.31398323896455,1.07604060763776,0.300577428626178,0.357057166210759
"ENSG00000140598",0.0641631100656614,5.23326376751801,1.07471540331419,0.300874622570271,0.357386862285011
"ENSG00000154016",0.108652142463832,-0.774958931788619,1.07357387133721,0.30113093054442,0.357667953029577
"ENSG00000253716",0.149020830059606,2.67346342684075,1.07340530722028,0.301168802157087,0.357689576442021
"ENSG00000122565",-0.0697547682058088,8.27936989409278,1.07279000616228,0.301307095322494,0.357830457050312
"ENSG00000114739",0.101388302592517,4.46251371185648,1.07157677767318,0.301580017759828,0.358131193720015
"ENSG00000142227",-0.116031341668901,4.88284900557756,1.0713073475269,0.301640670987568,0.358179834427231
"ENSG00000234380",0.20986476248763,0.655413525102501,1.07101910538483,0.301705576600777,0.358233517901484
"ENSG00000185946",-0.0834447576291495,3.34290880891472,1.07040037603161,0.301844961557413,0.358375622482292
"ENSG00000272886",0.0670588854665552,5.16987764206706,1.07004820116331,0.301924335398881,0.358446462939611
"ENSG00000124767",0.0839775835745846,7.75969657265735,1.06980189012478,0.301979865517184,0.358488988579502
"ENSG00000198130",-0.0809501239259369,4.81489225193526,1.06917386121745,0.302121512723755,0.358633734069942
"ENSG00000120798",0.0783617072409013,4.16835527943618,1.06803822955085,0.302377864570667,0.35891461207409
"ENSG00000125618",0.218794474028441,1.58546550582768,1.06752502297923,0.302493805747356,0.359028800504627
"ENSG00000143314",0.109340469424053,6.55335753160628,1.06626065221557,0.302779692309289,0.359306837809855
"ENSG00000258484",0.332417211478798,1.41434755276733,1.06624936495626,0.302782246045789,0.359306837809855
"ENSG00000259577",0.133486596714759,-1.4102997058128,1.06622690810363,0.302787326979968,0.359306837809855
"ENSG00000143373",0.081709280695961,6.15781378334677,1.06567942237377,0.302911231571447,0.359430420134491
"ENSG00000108773",0.0995348912206485,5.80241383324556,1.0654581205067,0.302961334306722,0.359466419751494
"ENSG00000123892",0.241487483869145,3.32183058344718,1.06426150948015,0.303232433249856,0.359753250751095
"ENSG00000105270",0.117806549121807,4.01108144996757,1.06421649663004,0.303242637302894,0.359753250751095
"ENSG00000213079",0.0726391884206339,5.68686450768083,1.06332230690401,0.303445435306834,0.359970361163625
"ENSG00000170323",-0.352000660574658,4.98535017616931,1.06218535298497,0.303703545263044,0.360253054277979
"ENSG00000083457",-0.0892025099857454,4.07803536082432,1.06180087930797,0.303790892487901,0.360333165029995
"ENSG00000150637",-0.153350048847967,2.11927183183668,1.05999235294455,0.304202202977796,0.360797500343016
"ENSG00000138111",-0.110831381391786,2.81096850223503,1.05973926766259,0.304259819444902,0.360842305429309
"ENSG00000116016",0.104253273670418,7.02105591669891,1.05945099802029,0.30432546311767,0.360896624058432
"ENSG00000128383",-0.260680784385989,1.38004740553726,1.05893377910718,0.304443288362458,0.360995794081033
"ENSG00000041802",0.0577248752959442,5.99994249684305,1.05890966069907,0.304448784110895,0.360995794081033
"ENSG00000104154",0.101608982112171,3.52752289879044,1.05868881819575,0.304499112447392,0.361031933324195
"ENSG00000250159",0.186086515309314,0.204689387488386,1.0584989724229,0.304542385501031,0.361059703245731
"ENSG00000257950",-0.102738557158615,-0.744025651008875,1.05819340902204,0.304612051768214,0.361118758803304
"ENSG00000155926",0.135151889226034,4.69702460350706,1.05780487775824,0.304700664013054,0.361200265728308
"ENSG00000139597",-0.124421355184991,3.6034467264472,1.05690678174257,0.3049056207944,0.361419670946856
"ENSG00000104671",0.0845776377207488,3.87304262715001,1.05671456315084,0.304949510759333,0.36144813956929
"ENSG00000134824",0.211022301412973,8.08552637317238,1.0565085495118,0.304996559712122,0.361480348497594
"ENSG00000104299",-0.0842972447780879,4.37884577617018,1.05563517105035,0.305196124811993,0.361693302800581
"ENSG00000116906",-0.0705908271460012,6.50419036075521,1.05537890808444,0.305254712550895,0.361739165485775
"ENSG00000166130",0.0787371437009282,4.13381381509218,1.05519058752414,0.305297776377883,0.361766626930805
"ENSG00000267248",0.160192630005365,-0.364867626539264,1.05509599486629,0.305319410144086,0.361768692618934
"ENSG00000127564",-0.117288684512857,4.46173658383492,1.05483849045808,0.305378312657508,0.361814914377874
"ENSG00000068308",-0.055348814283792,6.20368612970621,1.05408233572762,0.305551363702152,0.361995560354881
"ENSG00000283633",-0.323859308565546,1.86950635298185,1.05399837255447,0.305570587097454,0.361995560354881
"ENSG00000010244",0.0472795083023445,7.18956803108783,1.05366832006983,0.30564616796193,0.362061515103008
"ENSG00000177303",-0.0841509876421481,5.32294489876607,1.05253409320367,0.305906087346641,0.362345810267712
"ENSG00000114650",-0.0690640683701243,6.45391810190867,1.05239398193487,0.305938215186569,0.362360266854214
"ENSG00000260314",-0.200670594409725,4.00851070690633,1.05211954313314,0.306001157361679,0.362411216389543
"ENSG00000160211",0.104827471403451,6.18385599697072,1.05169158621834,0.306099342332553,0.362502970132164
"ENSG00000128578",0.15458792277752,1.98402102546066,1.05160814315925,0.306118491217281,0.362502970132164
"ENSG00000108786",0.254869563735101,0.716821127581506,1.05040271392685,0.306395292461692,0.362807134068571
"ENSG00000101557",0.07714444397152,7.05654941586685,1.0499618908426,0.30649659946097,0.362903466636034
"ENSG00000198728",-0.0654354323112696,6.68397409250242,1.04894353465129,0.306730797988471,0.363157124971639
"ENSG00000141552",-0.112554117548352,6.21599896209771,1.04866405258981,0.306795113179175,0.363209628230348
"ENSG00000261654",0.155583218660881,0.0240081794495276,1.04754841921813,0.307052020846833,0.363490116842111
"ENSG00000287104",-0.115173504433447,1.33579823508177,1.04706507971797,0.307163411078534,0.36359831569778
"ENSG00000140400",0.0806292355143806,4.72726119641279,1.04446809515738,0.30776281323906,0.364284136873098
"ENSG00000184867",-0.150943167426102,5.3562847415405,1.04391354153042,0.307891005521631,0.364412156466937
"ENSG00000198478",-0.152507170225103,4.01176998256099,1.04331416413465,0.308029637676697,0.364552514970313
"ENSG00000132321",0.222777423197005,1.92035750962416,1.04277647407828,0.308154071194816,0.364667347146453
"ENSG00000234456",0.123609228760109,3.0792936466215,1.04272163784186,0.308166765210082,0.364667347146453
"ENSG00000122986",-0.116831933287345,1.96675579219639,1.04162569265876,0.308420608108531,0.364943986746338
"ENSG00000173548",0.0671922900302239,5.45450470848892,1.04091902195587,0.30858443184105,0.365114080557183
"ENSG00000100068",-0.116217708458788,2.02939558962645,1.03806104094496,0.309248141652116,0.365875574082397
"ENSG00000204899",-0.101494603743824,4.87139414200603,1.03686937008398,0.309525434110051,0.366179822791311
"ENSG00000165244",-0.111938046519498,4.12967483897403,1.03613635393739,0.309696162487457,0.366357970947764
"ENSG00000169992",-0.094393676272003,4.97788721545227,1.03220306460913,0.310614377453198,0.367403962551108
"ENSG00000181396",0.0995773673940076,5.27640255799928,1.03217569526052,0.310620779203232,0.367403962551108
"ENSG00000123374",-0.0748190937729988,5.30233915913499,1.02730050482198,0.311763854879876,0.36873201928438
"ENSG00000268996",0.137681553812133,1.54780841711334,1.0270995301806,0.311811095000523,0.368763911559237
"ENSG00000204611",0.0764295605821723,3.77392512850412,1.02423353338809,0.31248578306111,0.369537803791643
"ENSG00000105325",-0.0762316389947504,5.67054230387418,1.0228845659743,0.312804006999423,0.369890077323028
"ENSG00000109689",0.0690637745143216,4.91484074912373,1.0206119171374,0.313341090102509,0.370493113560068
"ENSG00000272645",0.0993942883172608,2.9366474135436,1.02055432806414,0.313354715520921,0.370493113560068
"ENSG00000106723",-0.0661864200581181,7.14079375865949,1.01897395855229,0.313728930023072,0.370911452109961
"ENSG00000230330",-0.148063603089595,-0.409764474750689,1.01884827526936,0.313758715623434,0.370922555720443
"ENSG00000219200",-0.107379764122946,-0.481176074397682,1.01863209879071,0.313809955824632,0.370959019663227
"ENSG00000146707",-0.128665034234151,2.42943141383032,1.0185245086968,0.31383546194074,0.370965060231246
"ENSG00000162105",0.14019138749824,5.85073314390889,1.01750693295993,0.314076830633741,0.371226240938815
"ENSG00000122034",-0.0908371617695349,7.0464205379771,1.01732070910377,0.314121029242789,0.371254355700035
"ENSG00000186638",0.101688284618036,3.6909911079855,1.01723404848392,0.314141600168034,0.371254543460442
"ENSG00000075945",-0.0766406721562079,6.08303717144105,1.01491638489026,0.314692408333484,0.371881328228796
"ENSG00000224137",-0.198345187943763,-0.585201392146656,1.01482545985937,0.314714043104517,0.371882732327505
"ENSG00000271553",0.172837616048635,-0.965852764011068,1.01461458610991,0.31476422608162,0.371917868120087
"ENSG00000186532",0.0616801391523733,3.74806983600998,1.01441024517832,0.314812864425814,0.371951174365123
"ENSG00000132153",0.0672598603912863,6.4248065412343,1.01259403431835,0.315245602873239,0.372438260802759
"ENSG00000101444",-0.0865493694048068,7.71710232628181,1.01245553355488,0.315278634732329,0.372453092264978
"ENSG00000250299",0.11743153547584,-1.57984513352809,1.00901800110267,0.316099931317184,0.373396698167907
"ENSG00000178538",0.307642461335203,4.91843664756024,1.00894062897814,0.316118449438609,0.373396698167907
"ENSG00000139163",-0.0962182496653155,6.43211787241132,1.00794016570859,0.316358027262252,0.373655419173053
"ENSG00000145536",-0.283887408761606,3.07715417072017,1.00692745335826,0.316600781601193,0.373917858166396
"ENSG00000102312",0.0825801875184799,3.3439395795949,1.00612207237806,0.316794012099649,0.374121777291631
"ENSG00000126353",-0.232478160340138,3.17857168947446,1.00535411173489,0.316978409107151,0.374315238595043
"ENSG00000166200",0.0651013256226397,6.42873351761563,1.0049290965203,0.317080521327349,0.374411512166579
"ENSG00000109756",-0.0798973646103555,5.24114853982022,1.00164276501227,0.317871544327257,0.375321192432106
"ENSG00000204388",-0.100900582047065,6.90607943127216,0.999760210743453,0.318325848094014,0.375833205136899
"ENSG00000108515",0.130261744553312,2.25357518182299,0.999429552565103,0.31840573186647,0.37590311899178
"ENSG00000204272",0.104697683508365,4.83950361631337,0.999018286719464,0.318505126536776,0.375996056432198
"ENSG00000184178",-0.070433677319323,4.5857603966985,0.997698243551044,0.318824430866402,0.37634856883425
"ENSG00000176095",0.0631935178261955,5.98969234538807,0.997529594129235,0.318865255761403,0.376372332519203
"ENSG00000109189",0.0908343122084787,5.10556039884379,0.995081657450471,0.31945860394418,0.377048221189926
"ENSG00000276775",-0.345816805261208,4.23719274224479,0.994256535144379,0.319658931168146,0.377260180396226
"ENSG00000100906",-0.0864952373756236,6.9994341873772,0.99385389268759,0.319756746867105,0.377351136258688
"ENSG00000213672",0.06933618828761,4.80865042001662,0.993443030111875,0.319856600249095,0.377444484871897
"ENSG00000196535",0.0998684328001802,6.04290281319889,0.993043430704655,0.319953755796225,0.377534638018797
"ENSG00000175182",-0.0791267184430123,4.05840323645555,0.991636291360314,0.320296187274796,0.377914178018422
"ENSG00000131374",0.0745855912051859,6.244520847292,0.99049156235105,0.320575117581102,0.378218749258244
"ENSG00000159374",0.287352057741169,1.50866812959867,0.990402253184873,0.320596892584776,0.378219905450601
"ENSG00000213588",0.0603187938021953,4.45460233651476,0.990155203287847,0.320657137483298,0.378266442894424
"ENSG00000246225",-0.156365293627126,-1.12832232309055,0.989713217551469,0.320764956217898,0.378369091620152
"ENSG00000167384",0.077752494543061,3.83592640421413,0.98932252345165,0.320860302680263,0.378457015898094
"ENSG00000178307",-0.100440760729172,4.71633453108981,0.988854181222388,0.320974648054931,0.37856733667227
"ENSG00000264456",0.088358984538914,0.607794702157088,0.988599263188238,0.32103690872318,0.378595529751933
"ENSG00000144161",-0.0722695270830195,3.92618615489199,0.988585857338993,0.321040183382674,0.378595529751933
"ENSG00000140264",0.102466501548915,7.66461966250698,0.987962357861574,0.321192534988316,0.378750637082955
"ENSG00000166035",0.156153025415606,-1.17135614442904,0.987115979183775,0.321399499939828,0.378970120253199
"ENSG00000169020",0.106705409855483,3.13060327566337,0.986429554998698,0.321567480753208,0.379143610783052
"ENSG00000105852",-0.314771496262353,2.64264057585003,0.986281410146252,0.321603749798144,0.379161794342947
"ENSG00000143252",0.0749143646410895,6.64144877707055,0.98585206069892,0.3217088943436,0.379261172564259
"ENSG00000188573",0.310113035383909,0.411025057303316,0.985666665176189,0.321754310410909,0.379282252754691
"ENSG00000235655",-0.12739089662128,3.18020165293585,0.985608819502337,0.321768482516213,0.379282252754691
"ENSG00000253352",-0.0619502327220129,7.32114788781532,0.982144026368309,0.322618860492608,0.380259985395604
"ENSG00000148950",-0.0774342723193765,2.47084486549968,0.981172644953558,0.322857804398382,0.380516961275128
"ENSG00000272054",-0.107992279076841,-0.394443024143132,0.981049690780189,0.322888065818951,0.380527968710885
"ENSG00000111300",0.0707843653825885,5.44613276905459,0.978263208575364,0.323574882205764,0.381312683527176
"ENSG00000163874",-0.145170896332793,4.17192599845273,0.978137879602606,0.323605818961001,0.381324433771473
"ENSG00000233834",-0.153984022010791,1.08103412500972,0.978002548824994,0.323639229008667,0.38133909673553
"ENSG00000179761",-0.157335588447826,0.683561149091171,0.977734597302816,0.323705393550543,0.38139234941357
"ENSG00000175104",-0.0742535766889723,4.63710388711275,0.97700042171939,0.323886773443447,0.381581334071086
"ENSG00000162980",-0.0722496387861288,5.07560179947734,0.976770248586703,0.323943666030821,0.381623641283022
"ENSG00000239857",-0.135845372391159,-0.789745368061899,0.976460667984211,0.324020206902748,0.381689088286735
"ENSG00000251192",0.0643199797020408,2.18156460424754,0.976271198794582,0.324067063196841,0.38171956126055
"ENSG00000123999",0.360193852960671,1.42430423252351,0.97579615593086,0.324184582228879,0.381833258747498
"ENSG00000176209",-0.115060556161254,5.31619184476865,0.975699241573967,0.324208564442022,0.381836778480315
"ENSG00000183666",-0.0971348603158449,2.85258263269017,0.972321449134585,0.325045898396273,0.382798161100195
"ENSG00000104549",0.135461950701842,7.34506257115985,0.971834805303654,0.325166770886785,0.382915715693678
"ENSG00000258926",-0.196220638511946,-1.01360323393855,0.970675491898357,0.32545496146834,0.38323027574687
"ENSG00000051009",0.0603278134226341,5.00424590022052,0.969723843852615,0.325691782681112,0.38348431044242
"ENSG00000230896",0.0833926532060568,1.12187011333803,0.969024635146516,0.325865929337576,0.383664521154313
"ENSG00000134809",-0.0959528231349802,4.85221565446483,0.968612635729908,0.325968600874525,0.38376056137652
"ENSG00000138303",-0.0703659451671321,5.09147999001788,0.967115543385984,0.326342043138276,0.384153124007705
"ENSG00000170561",0.220187745719216,5.118920420481,0.967106548889233,0.326344288489282,0.384153124007705
"ENSG00000271978",-0.12039853619612,-1.48008182907632,0.966946041270399,0.326384360437856,0.384163915265431
"ENSG00000130348",-0.113909814916533,5.08661605435397,0.966841809900688,0.326410386096373,0.384163915265431
"ENSG00000112624",-0.0954928625443856,5.47729680382081,0.966816038802718,0.326416821338903,0.384163915265431
"ENSG00000197479",-0.235367221576738,1.17980279046948,0.965677634439865,0.326701258133463,0.384473793783981
"ENSG00000168175",0.0635405190549388,6.58481741075201,0.964837535208742,0.326911373138579,0.384692663155083
"ENSG00000185753",0.065035785453094,4.88141644868627,0.964764928111619,0.326929541147357,0.384692663155083
"ENSG00000185019",0.0720912048528247,3.8679509232876,0.964594057067556,0.326972302415027,0.384718090071452
"ENSG00000181885",-0.120313451143753,6.4447065791876,0.963653821414673,0.327207733921586,0.384953118461166
"ENSG00000123416",-0.0737226098248159,7.20902649641803,0.963627277322846,0.327214383737059,0.384953118461166
"ENSG00000171466",-0.0766015921952994,5.48128557958765,0.963417962608149,0.32726682747903,0.384989913859944
"ENSG00000112659",0.0777465122693813,5.08881796502765,0.962496303648158,0.32749788200297,0.38523680493274
"ENSG00000136098",-0.0984915826237282,3.21167002400535,0.96054537550848,0.327987685232885,0.385788011318354
"ENSG00000109332",0.0558924896551561,8.16017530540859,0.960376006971996,0.3280302531887,0.385813130173053
"ENSG00000224699",-0.098308960104035,0.768827014036175,0.960266097500126,0.328057881038142,0.385820675093548
"ENSG00000173653",0.0902923249249,4.63485952674033,0.958212029110231,0.32857478131485,0.386403602906666
"ENSG00000013306",-0.0940005549948176,7.43780900447786,0.958058256228177,0.328613521464556,0.386424175883969
"ENSG00000006042",-0.155708801362622,5.4356907864673,0.957088016060867,0.328858095462878,0.386686775296019
"ENSG00000105447",-0.067515964308586,5.62159049218618,0.956860649735366,0.328915444091003,0.386729206614983
"ENSG00000183048",-0.125175385056401,3.5778479005144,0.956591729611476,0.328983291052039,0.386783975284711
"ENSG00000158019",-0.0663008550566051,5.04273072511461,0.954657459655306,0.329471846331854,0.38733332952516
"ENSG00000110497",0.0551974593243993,5.65265021901042,0.95420169229149,0.329587104311354,0.387443785755875
"ENSG00000142784",-0.0603185569003228,6.49615111987495,0.952320471214242,0.330063411905375,0.387978629595745
"ENSG00000206417",0.126174960954494,1.28604963928721,0.952120177374981,0.330114178543832,0.388013227307433
"ENSG00000095539",0.143068111409747,2.75905560445515,0.950838158434162,0.330439367176741,0.388370352840747
"ENSG00000149187",-0.048647832511963,7.25938599021342,0.949570259968272,0.330761395050564,0.388717039909715
"ENSG00000196544",0.0858314983607306,2.38035319434527,0.949481155345474,0.330784042101293,0.388717039909715
"ENSG00000225855",-0.109473176750295,2.13038289565938,0.949360495399985,0.330814712633218,0.388717039909715
"ENSG00000247315",0.0748686838921083,4.79017914774838,0.949340366362254,0.330819829599872,0.388717039909715
"ENSG00000123643",-0.084379645706253,4.51324339730905,0.9471442511619,0.331378736044468,0.389348607957156
"ENSG00000197705",-0.314768658723427,0.458415685790828,0.947014502053296,0.331411796382992,0.389362299115939
"ENSG00000182685",0.148226356051085,0.734064122683328,0.946205916928361,0.331617924946677,0.389579306222075
"ENSG00000224892",-0.12959451232426,-0.733878217756239,0.946012674621552,0.331667212624502,0.389612043093357
"ENSG00000184076",-0.0955945280303882,4.57105620345146,0.94567830797299,0.331752518108341,0.389687083399283
"ENSG00000204832",-0.321046807902567,3.43483020995178,0.945029896617224,0.331918028089282,0.389856318688269
"ENSG00000128815",0.148620489236169,3.82143788102319,0.942695399999412,0.332514834893473,0.390532081689428
"ENSG00000268658",0.224060236114644,0.0214993897598618,0.942004139329898,0.332691829138377,0.39071425478869
"ENSG00000142046",-0.134735507979557,1.03187286691419,0.941921845898284,0.332712908410338,0.39071425478869
"ENSG00000243753",-0.147812382588193,2.70978882964569,0.941280697694284,0.332877198302016,0.390881947363746
"ENSG00000183011",-0.105724780580132,4.865867500186,0.940644067203725,0.333040438081857,0.391048385270033
"ENSG00000155530",-0.259730880329164,1.00184433935137,0.940465635901979,0.333086209269383,0.39106466898062
"ENSG00000240771",-0.101716073101,1.31043952267125,0.940422371320806,0.333097308766646,0.39106466898062
"ENSG00000284882",-0.131343846101877,-0.869566231902311,0.939952424430451,0.333217905233303,0.391167257352746
"ENSG00000168300",0.111276633514582,6.95166225729056,0.939914248985233,0.333227704278835,0.391167257352746
"ENSG00000173156",0.14222493252488,4.87018877345555,0.939767625656297,0.333265343805874,0.391180603522895
"ENSG00000168014",0.0744998575713501,5.53210091273675,0.939675306519255,0.333289045881104,0.391180603522895
"ENSG00000132530",0.162498776126607,3.82212141139601,0.939618636564635,0.333303596480883,0.391180603522895
"ENSG00000214787",0.163410139812154,-1.17632305563043,0.939438053093827,0.33334996884194,0.391209784055827
"ENSG00000174567",0.146408543790428,2.80899306150336,0.938679471033033,0.333544860992901,0.391413248063674
"ENSG00000116668",-0.0762223103692595,3.36748240392902,0.938352387866186,0.333628941132551,0.39148665685928
"ENSG00000132170",-0.149305193952852,2.97905383742217,0.937817937539293,0.333766388313217,0.391622674062369
"ENSG00000105383",0.116090627939877,1.97114476813889,0.937709721312325,0.333794228045661,0.391630074809346
"ENSG00000143363",-0.0742279742344371,6.24781099979543,0.933977459480188,0.334756299588451,0.392733508154212
"ENSG00000087157",-0.0693349673252456,4.80929191375087,0.933682864464913,0.334832396189195,0.392797447232268
"ENSG00000164542",0.0998453908735623,4.04242747363632,0.933564948704713,0.334862861420677,0.392807850597825
"ENSG00000279744",0.175646096123156,-1.28497891089918,0.933424843452463,0.334899064463442,0.392824982875086
"ENSG00000151067",-0.146403910235704,3.44364062850812,0.93322618318552,0.334950407064649,0.392859869974323
"ENSG00000272791",0.138420808261893,-0.70966741975757,0.932805514488314,0.335059161348447,0.392962085801235
"ENSG00000234664",0.0956982588955084,-0.1960539857886,0.932351148407139,0.335176680585077,0.393074567443509
"ENSG00000099994",0.18342525623052,5.29365747548805,0.931041434687411,0.335515740572005,0.393446827177539
"ENSG00000089737",0.0560657468143138,7.26571829923636,0.930650612103667,0.335617006351914,0.393540204469642
"ENSG00000133026",-0.105626721301465,6.60453402368995,0.930068318354167,0.335767960277547,0.393677975717651
"ENSG00000188536",-0.278576592236606,0.0791009563326031,0.930030414644446,0.33577778960347,0.393677975717651
"ENSG00000141338",0.22234100651263,2.08759017439029,0.929473857039995,0.335922162648876,0.393821857306804
"ENSG00000181754",0.121405189048891,3.61570543739865,0.929360535369169,0.335951568919438,0.393830946536045
"ENSG00000260572",-0.133009348229562,-0.529458120211312,0.929197191731169,0.335993961667792,0.393855257464153
"ENSG00000162552",0.209048445379831,3.12473884393732,0.928212502806973,0.336249671416181,0.394129601322259
"ENSG00000093167",-0.0894264620316789,6.14988156469627,0.928123983855182,0.336272671346699,0.394131160359181
"ENSG00000183067",0.216478598572214,0.22793411050229,0.926703278005712,0.33664210377496,0.39453873209994
"ENSG00000144426",0.141616925940407,3.87238580709686,0.924386577173788,0.337245697600067,0.395212718452433
"ENSG00000056586",-0.0785021653266351,6.34188960843428,0.924329278911589,0.337260644551364,0.395212718452433
"ENSG00000112249",-0.0885151597927532,6.24384069968278,0.924147637116746,0.337308033925401,0.395242785790181
"ENSG00000179921",-0.119263996487154,-0.527055214358673,0.92359940809202,0.337451118312036,0.395384973256414
"ENSG00000107872",-0.117587465929951,2.79675582904256,0.922121697081251,0.33783719896344,0.395802512872606
"ENSG00000113532",-0.102973499620786,4.17473359022924,0.92198668864895,0.337872502184065,0.395802512872606
"ENSG00000136877",-0.0793440906523925,5.56746857509737,0.921985690995914,0.337872763077858,0.395802512872606
"ENSG00000077097",0.0706817627165744,7.97155904259625,0.921069550392803,0.33811245533932,0.3960577920855
"ENSG00000171100",0.0765721121299943,4.31407224152409,0.920466199879813,0.338270436638309,0.396217330086139
"ENSG00000224358",0.126272524791866,-0.658178449712022,0.91990721170796,0.338416890879127,0.396340518198684
"ENSG00000127838",-0.100594804505625,6.09136032000317,0.919824834826657,0.338438480748565,0.396340518198684
"ENSG00000150672",0.17922871917957,1.52740530590078,0.91981529009539,0.338440982413886,0.396340518198684
"ENSG00000130985",-0.0605586181927388,8.92653935001747,0.919433575734263,0.338541049830813,0.396432179649937
"ENSG00000107371",0.0891687915194096,4.29990782738936,0.918861044487518,0.338691215175888,0.396582490286426
"ENSG00000247400",-0.127699515056282,2.29336037109922,0.918338164974372,0.338828436167369,0.396717625660622
"ENSG00000260459",-0.204867976856436,0.913224036106135,0.917715898609294,0.338991837284896,0.396883394691837
"ENSG00000181798",0.115626897278574,-0.848510749104873,0.917559328421297,0.339032967831133,0.396906000187477
"ENSG00000162836",-0.109669255441738,4.30136771438651,0.917399377152955,0.339074993527949,0.396929650658836
"ENSG00000113645",0.0879826011281856,5.91617868734213,0.916840932298673,0.33922177478153,0.397075919663179
"ENSG00000015171",0.0715684517077502,7.17721923644116,0.916708555805083,0.339256581092123,0.397091106049523
"ENSG00000203791",0.0832324809418651,2.99885626951214,0.915507275760412,0.339572659096367,0.397435490582028
"ENSG00000079263",-0.166430891585162,2.78933362036384,0.913629921618808,0.340067420514664,0.397988948222168
"ENSG00000095397",-0.113618502127194,4.22880207586675,0.912832095124941,0.340277975901703,0.398199249467109
"ENSG00000267547",-0.135190461354905,-0.400749289513443,0.912783136036023,0.340290902488854,0.398199249467109
"ENSG00000247746",0.110146763565664,2.44445560754046,0.911864604374089,0.340533543885303,0.398457546074749
"ENSG00000185596",-0.0866241197334618,2.09087415218552,0.911253849217624,0.340695011736112,0.39862083457423
"ENSG00000143442",-0.0677246976330348,7.28291647935236,0.910109489917536,0.340997829347102,0.398949473830252
"ENSG00000248329",0.274527283450206,0.0149621054025457,0.90914364313502,0.341253692575174,0.399223140191501
"ENSG00000155363",-0.0770995874814438,6.04006122447791,0.908994397376844,0.341293252536446,0.399243740489637
"ENSG00000164976",-0.138167185147375,5.84807300315178,0.908795798680301,0.341345903895301,0.399279651427599
"ENSG00000277687",-0.139524091537944,-1.08582007629681,0.907542691756622,0.341678373943592,0.39964284664219
"ENSG00000153208",-0.116081583644116,3.76984744285716,0.907432210467894,0.341707707469251,0.399651455433781
"ENSG00000204287",-0.138345489533029,9.7769855574049,0.905801199921475,0.34214114846954,0.400132665146862
"ENSG00000279253",0.131806648395085,0.455412757785356,0.905376955982842,0.342254013210556,0.400238924469465
"ENSG00000166206",0.343078437980199,3.16891473848196,0.905272609302473,0.342281781048822,0.400245662447986
"ENSG00000189114",0.0677299847201822,4.64271995152508,0.904856226174084,0.342392615705524,0.400336305258619
"ENSG00000234618",-0.0841032765347403,-0.934844831425612,0.904816026031104,0.342403318924735,0.400336305258619
"ENSG00000121691",-0.095969478314283,6.43320087668657,0.904451614164145,0.342500363628869,0.400424028648317
"ENSG00000137288",-0.0856491844497085,5.31732291132957,0.903689677969437,0.342703391430094,0.40063563975643
"ENSG00000182149",-0.052985380538351,7.18679147176925,0.901616304310256,0.343256694816711,0.401240883092777
"ENSG00000167850",0.130268588628902,1.20216097446597,0.901584327864508,0.343265237570024,0.401240883092777
"ENSG00000188234",-0.103822357275877,1.01960377067242,0.901415966916938,0.343310221244207,0.401267675855641
"ENSG00000247373",0.09220678402393,1.33613910009848,0.900315290074348,0.343604503556716,0.401585831556969
"ENSG00000125871",-0.0715976796823187,5.33111093688,0.90000736596522,0.343686892857925,0.401656313519241
"ENSG00000067900",0.079652405901984,6.41819559019006,0.899747587676743,0.343756420919661,0.401711756854716
"ENSG00000114021",-0.0717692059327653,6.05889703744737,0.899648827954792,0.343782858355732,0.40171684084639
"ENSG00000246067",0.11048635734041,2.91908349049744,0.899564527453609,0.343805427318929,0.401717404090754
"ENSG00000156858",0.0666311407815652,5.55956777469577,0.898517690943484,0.344085854281073,0.402019240551433
"ENSG00000164023",-0.13347089337904,4.40644569538236,0.895773036941159,0.344822568244556,0.402852911489629
"ENSG00000127445",-0.0937946399108515,4.98621251897007,0.895694475675022,0.344843686990435,0.402852911489629
"ENSG00000106565",-0.163827168997213,6.55718614086665,0.895388133903497,0.344926054197464,0.402923254575689
"ENSG00000179832",-0.0923229479515261,6.00828107591808,0.894946000407982,0.345044979318526,0.403036290787063
"ENSG00000164284",0.0669280112895879,4.8207554209843,0.893728703190715,0.345372695935563,0.403374818457119
"ENSG00000224870",-0.0887624749007956,4.19990152764363,0.893704731642208,0.345379153718535,0.403374818457119
"ENSG00000170558",-0.290940696219286,4.11654535487546,0.892649458105252,0.345663600365052,0.403681107194013
"ENSG00000234705",0.176014361959515,-1.46323579965757,0.892396107064936,0.345731937962255,0.403734991181862
"ENSG00000197860",-0.0780182184390642,3.32191955061732,0.892017852063567,0.34583400068417,0.403828248872862
"ENSG00000182272",-0.135779834933732,4.84110450383732,0.891772055597973,0.345900344712458,0.403879788767425
"ENSG00000224858",-0.200283470855981,-1.06156147340751,0.891239567504515,0.34604413031895,0.404002114342983
"ENSG00000185905",-0.166277136255233,2.16771705056134,0.891219558615125,0.346049534822374,0.404002114342983
"ENSG00000117616",-0.0822631366051362,5.16072666834595,0.890618104185887,0.346212044331343,0.404165896168065
"ENSG00000279673",0.195628912517279,-0.118408465430643,0.89027743197301,0.346304138033746,0.404240356496296
"ENSG00000099992",0.0851662086355547,3.71346457576073,0.890190115103683,0.346327747711213,0.404240356496296
"ENSG00000163563",0.123595186870897,3.85650358846626,0.890135542734938,0.346342504688903,0.404240356496296
"ENSG00000260751",-0.0881222184706545,-0.683358409757348,0.889269546751486,0.346576794186646,0.404487855022249
"ENSG00000198624",0.121968578209838,4.3141447607901,0.888345989758109,0.346826894091703,0.404753772841828
"ENSG00000112706",0.150692722247634,-0.287507302285593,0.888052715833091,0.346906364257901,0.404820541070365
"ENSG00000143333",0.121756081426382,5.11762020971028,0.887878259820516,0.346953649389087,0.404849744985482
"ENSG00000160961",0.0741623022859851,3.72363066475866,0.887348827643282,0.347097202146124,0.404953125400944
"ENSG00000224769",0.243231079357295,0.550956097540816,0.887319697693737,0.34710510292551,0.404953125400944
"ENSG00000270127",0.172505917983071,0.998762278545346,0.887305181037705,0.347109040301337,0.404953125400944
"ENSG00000165449",-0.24128095101083,2.1138364903601,0.887097722576693,0.347165316235377,0.404992801724652
"ENSG00000105607",-0.0898210948483367,4.68666374573371,0.885635887863173,0.347562211210319,0.405429803584741
"ENSG00000160305",-0.0652627861830553,5.53420713929342,0.884541654991738,0.347859705085911,0.405750805881007
"ENSG00000170266",0.066092969646172,6.40388104741061,0.884445298891863,0.347885918456723,0.40575536006739
"ENSG00000180964",-0.0771945513513862,5.5572891327251,0.883995709736873,0.348008263342395,0.405872029090829
"ENSG00000173171",0.0735458267594398,4.48011457888045,0.883086080393566,0.348255976502893,0.406134887191242
"ENSG00000014164",-0.0858273225174948,5.46869471847759,0.882577476520169,0.348394585897466,0.406270483317504
"ENSG00000092470",0.0907135437481154,4.48337324936335,0.88094062300809,0.3488411871742,0.406765195045798
"ENSG00000140718",0.106599900012362,6.15647624757355,0.880850175953797,0.34886588762649,0.406767918722392
"ENSG00000198695",-0.140939630392628,9.67308430683761,0.880722985420199,0.348900626500308,0.406782345819718
"ENSG00000151136",0.211742769026239,2.41943779680667,0.879465132239414,0.349244431508753,0.407157087384218
"ENSG00000154743",0.0760946171483177,3.56954218305386,0.878267642010063,0.349572167434241,0.407513048410074
"ENSG00000005108",-0.145124372160438,2.23408414226264,0.876453927509039,0.350069355241767,0.408066489337772
"ENSG00000115956",-0.130990812897308,5.27411976765944,0.876181782396665,0.350144040835467,0.408127391355773
"ENSG00000271447",0.160419031497478,1.66594152131785,0.876042748472895,0.350182204730393,0.408145718656609
"ENSG00000196642",-0.0898530833240967,6.43364702589871,0.875690139062499,0.350279019174425,0.408232397843422
"ENSG00000279649",-0.160271961996348,-1.14780523426265,0.875400461133986,0.350358582158855,0.408298961511198
"ENSG00000204311",-0.11058368568809,0.805454945998321,0.875314782022974,0.350382119528837,0.408300230009642
"ENSG00000173542",-0.0853276218013261,5.4735427702409,0.874739525260075,0.350540207386871,0.408458279963637
"ENSG00000272668",-0.173962247792535,2.06662953557929,0.873774625944512,0.350805592947879,0.408741327644845
"ENSG00000188529",-0.0396364010686312,6.98007912730304,0.872524171640491,0.351149926296061,0.409116319228285
"ENSG00000170837",0.179555468500878,3.32863171168846,0.872165110539285,0.351248885146339,0.409205401168436
"ENSG00000153187",-0.0418299441006641,9.55146784931526,0.870820393100622,0.351619834494683,0.409611320680798
"ENSG00000261620",0.121055017402398,-1.17230804119179,0.870288952925219,0.351766583638913,0.409756028130175
"ENSG00000181264",0.0947725243315151,3.13326788438974,0.868870372050326,0.352158714045735,0.410186531608315
"ENSG00000113088",0.221614857901105,1.15714118233429,0.868776060066001,0.352184805396265,0.410190653211275
"ENSG00000249825",0.194519885158544,-0.313843338238358,0.867776827827559,0.352461405053618,0.410486523347326
"ENSG00000160446",0.0874531453452952,5.1535016434527,0.866126480503928,0.352918893367843,0.410993010153306
"ENSG00000286289",-0.1693735346685,-0.222927631471073,0.865982535287756,0.352958834607585,0.411013207237516
"ENSG00000007376",-0.090331669517924,4.97697627702024,0.863947698813204,0.353524115044168,0.41164510911801
"ENSG00000133597",0.0691992349039635,5.23350576075332,0.862542304362269,0.353915260765246,0.412074179809122
"ENSG00000176732",-0.112768687662206,0.212412460174128,0.859574264711786,0.354743271820582,0.412994199725912
"ENSG00000274487",0.124182141892284,0.308016618249826,0.859547159602404,0.354750845739934,0.412994199725912
"ENSG00000136197",-0.0997569190551048,-1.15481195365075,0.858612753325544,0.355012080657968,0.413271871672243
"ENSG00000186074",0.119496359706638,1.85844879452883,0.858346564918761,0.355086548163015,0.41333210483129
"ENSG00000169379",0.0822598636039053,3.68686017791426,0.857588567862545,0.355298719168105,0.413552611303565
"ENSG00000157423",0.236983610935215,0.56930857522119,0.856996499887292,0.355464566182038,0.413719173847758
"ENSG00000236540",0.101062051667993,-0.520853995834297,0.856104156202089,0.355714726022974,0.413983839064874
"ENSG00000281344",-0.129053835549406,0.441745931916004,0.855814675253064,0.355795931186466,0.414051852096707
"ENSG00000103888",0.187214516319735,4.66274150041912,0.853909124326383,0.356331113067409,0.414648130804225
"ENSG00000172775",-0.0497779492126387,6.16784138663455,0.852497063105037,0.35672841117431,0.415083893700874
"ENSG00000104973",0.0669444938793366,5.70180894480548,0.852220675576136,0.356806247037027,0.415147903090421
"ENSG00000228929",-0.118991243552629,-0.56881459841572,0.85196814357469,0.356877385186767,0.415204111928415
"ENSG00000281490",-0.116332373512722,2.30272724972628,0.851862563618183,0.356907132802377,0.415212161405247
"ENSG00000005483",0.0643459216804421,6.56726562546166,0.851261246682361,0.357076621614289,0.415382769038739
"ENSG00000196967",-0.0871573666267153,3.26388823120439,0.850626892874146,0.3572555424825,0.415564326341245
"ENSG00000142546",-0.0852921736038103,5.31509959581488,0.84706894829332,0.358261361976257,0.416707658222431
"ENSG00000023839",-0.209509024012828,1.15555355051098,0.846437524628756,0.358440271288459,0.416889094142121
"ENSG00000137414",0.0773548337900328,6.00805399388988,0.846278994741573,0.35848520893912,0.416914699161374
"ENSG00000152133",0.0605863804119704,4.07235179152498,0.845215158205366,0.358786970429432,0.417238965356171
"ENSG00000288156",0.165980190425333,0.0520448353771321,0.844960686152589,0.358859204401523,0.417296286021028
"ENSG00000113749",-0.14879692346399,2.5765574403894,0.844695626169528,0.358934465190988,0.417357118839898
"ENSG00000136052",0.115938494660627,4.23995443719386,0.844564134621479,0.358971808817493,0.41737385787717
"ENSG00000103365",0.061057567996061,7.06049875362104,0.841303006625591,0.35989968918133,0.418425949043086
"ENSG00000089220",-0.071931168485736,8.52340706676683,0.840155856586472,0.360226872772062,0.418779569317882
"ENSG00000285669",0.107093046493115,-0.0302456612719736,0.839973010587796,0.360279061057211,0.418813470695932
"ENSG00000239883",-0.0992165190087839,1.20923685733123,0.839265383368561,0.360481132049479,0.418999802550168
"ENSG00000174744",-0.0931603533585144,5.77775186801661,0.839250355868817,0.360485425022269,0.418999802550168
"ENSG00000214827",-0.117465788702196,-0.413463202631428,0.83908507722343,0.360532645575218,0.419027909625028
"ENSG00000079308",0.0919205688105298,6.91179823458198,0.838800902775865,0.360613854982126,0.419095514020122
"ENSG00000116857",0.0788963337718395,7.2649009948119,0.838075443563534,0.360821286489087,0.419309792260144
"ENSG00000228794",0.0654684898072915,3.78849031652617,0.837987302640177,0.36084649998553,0.419312301414313
"ENSG00000078319",0.0540854361654451,3.87322869594355,0.837310096545922,0.361040302176112,0.419510701844958
"ENSG00000273188",0.101232149668502,-1.16932230994655,0.837197443508825,0.36107255508795,0.419521376768854
"ENSG00000218283",-0.0745865015499272,3.09782622105573,0.836794930744205,0.361187828320713,0.41961935910562
"ENSG00000267121",-0.155325061125319,1.03710399063225,0.836741867075925,0.361203028708906,0.41961935910562
"ENSG00000152766",0.161099058407125,3.70121712617387,0.836414193051108,0.361296912409886,0.419701618631348
"ENSG00000118514",0.190087526912488,-0.193984764612552,0.836065064695,0.361396980289068,0.419791051060005
"ENSG00000120471",-0.231301598955407,-0.898647196129474,0.834935902028939,0.361720886107634,0.420140460854822
"ENSG00000198301",0.06061981434255,6.04476275616256,0.834820998356047,0.361753869323273,0.420151939671245
"ENSG00000153283",-0.172561717463427,3.50949297079416,0.833192446626325,0.362221795132738,0.420668540315065
"ENSG00000102595",0.0805980410035719,4.8274618516949,0.832977329909776,0.36228366653572,0.42071353128283
"ENSG00000136897",-0.059596699435522,4.72075338724422,0.83289633643153,0.362306965500129,0.420713725883697
"ENSG00000287222",-0.110373830162116,2.61562846594845,0.832481362818529,0.362426371348709,0.420825513412303
"ENSG00000137522",-0.0696412285364116,4.90900957441092,0.829376106789173,0.363321622332957,0.421838089179177
"ENSG00000240429",0.114831416488448,0.939414043704072,0.827326347192337,0.36391425397464,0.422499198984473
"ENSG00000167880",-0.131845246465153,5.93905431414231,0.826547137625356,0.364139893164814,0.422734178648218
"ENSG00000204860",0.233672445038029,1.3209982000249,0.825792921370956,0.364358480085812,0.422960941779471
"ENSG00000104904",-0.0675776417392426,8.33327237317943,0.825306450144655,0.364499565896948,0.423066349280559
"ENSG00000177239",-0.0795723580992807,6.64735255177613,0.825293560137232,0.364503305274183,0.423066349280559
"ENSG00000120910",-0.0857476294808541,3.61464889498392,0.825239235790297,0.36451906529446,0.423066349280559
"ENSG00000162695",0.0664949265191002,5.77119600537732,0.825116311567404,0.364554730300992,0.423080744940942
"ENSG00000197694",-0.0596199588420884,8.43795703915405,0.824091853196878,0.364852153520648,0.423398900544474
"ENSG00000176171",-0.116688180626309,5.91987120338291,0.823505814893723,0.365022445292833,0.423547898955792
"ENSG00000250133",-0.190782221661651,0.100093558390434,0.823489721933401,0.365027123165386,0.423547898955792
"ENSG00000255142",0.140150844066126,-1.46131867827701,0.822325987583565,0.365365616517463,0.423913615285762
"ENSG00000100304",0.109095743860811,6.91367656137945,0.82203611944244,0.365449997880306,0.423984471611086
"ENSG00000198785",0.112154840199993,0.432336600843672,0.82149779369783,0.365606777853357,0.42413930830443
"ENSG00000117091",-0.147300710652445,2.86566794214569,0.820790185053289,0.365813001575879,0.424351481131583
"ENSG00000225131",0.122251104914056,0.296148411043518,0.819311220808339,0.366244550567428,0.424824992711759
"ENSG00000170264",-0.0984844211990084,2.68041250569453,0.816604272483589,0.367036253591145,0.425716177559834
"ENSG00000114120",-0.0617733723883083,6.30612897049471,0.816310699076825,0.367122258541759,0.425788779387675
"ENSG00000265511",-0.125316190245908,-1.23134230083649,0.815117547616471,0.367472092284617,0.426167341355137
"ENSG00000246223",-0.222164089547454,0.0462062304399347,0.814855061170792,0.367549116085774,0.426229490140785
"ENSG00000139675",-0.0780326382783215,1.72387608272655,0.814761905773629,0.367576456941974,0.426234019691464
"ENSG00000173020",-0.0784981076316331,6.92226790133822,0.813517293200166,0.367942019756872,0.426630718815376
"ENSG00000124203",-0.202819213400278,1.510632335729,0.812796870832229,0.368153851335732,0.426849126543909
"ENSG00000096968",-0.0985413601470258,4.82410021130359,0.812031586631536,0.368379060550393,0.427083015890525
"ENSG00000250644",0.210746900952874,-0.0140446420907717,0.811676099831553,0.368483739289466,0.427147195052189
"ENSG00000064961",0.0864453728727528,6.4656553522427,0.811605415652119,0.368504558321182,0.427147195052189
"ENSG00000183807",0.127942034270417,-1.04183358744416,0.811604345917656,0.368504873409055,0.427147195052189
"ENSG00000255197",0.100642098456641,2.09995459607025,0.811134003253165,0.368643448246664,0.427280591174505
"ENSG00000136261",-0.0756329796812076,6.71555711561817,0.810747558827593,0.368757359025951,0.427385384946409
"ENSG00000237541",-0.213378909152689,5.18903243327381,0.810622603773388,0.368794202081792,0.427400850481944
"ENSG00000226029",0.106664044593464,0.209185973744993,0.809734485464779,0.369056212442664,0.42767724701543
"ENSG00000279656",0.186531357387441,-0.451568279609376,0.809048885793477,0.369258654258134,0.427884582291472
"ENSG00000168090",-0.0654525136869966,6.70656134235207,0.80786716111995,0.369607954982824,0.428262055502809
"ENSG00000183741",-0.130082597747962,6.01963155013683,0.807338688711567,0.369764313333016,0.428415933934316
"ENSG00000179344",-0.157868182473095,6.90157085632135,0.804257033332055,0.370677924334044,0.429447104133231
"ENSG00000242265",-0.280257766832069,7.95893069120751,0.803733281801618,0.370833513842603,0.42959999680059
"ENSG00000156256",-0.0589861309727317,5.95122113229495,0.803642309319352,0.370860548126088,0.429603951934099
"ENSG00000109943",0.163496078606252,0.999158694012623,0.80181055129784,0.371405479571271,0.430207799162036
"ENSG00000075240",0.0750589915570052,5.45900120947565,0.801630782013957,0.371459019765756,0.430242415557509
"ENSG00000245164",-0.218258184136911,1.34171243625624,0.801215110181845,0.371582859613605,0.430358446934045
"ENSG00000184014",0.0595747828009471,6.22983909490499,0.797599148952829,0.372662599165283,0.431581493385429
"ENSG00000124228",-0.0645152181771716,6.08640829619404,0.795932115364811,0.373161865148136,0.432117670764241
"ENSG00000188375",-0.0984458946594398,-1.50727920402388,0.795818281053379,0.373195992063064,0.432117670764241
"ENSG00000170584",0.056004518690094,4.71300144004356,0.795815407652814,0.373196853549851,0.432117670764241
"ENSG00000196329",-0.170931666325505,-0.268543626546746,0.795306305337664,0.373349533855907,0.432266937537159
"ENSG00000251287",0.137512106738474,-0.817216276513777,0.794972284586057,0.373449754710867,0.432355451220957
"ENSG00000214176",-0.0863981910625421,3.50228759171627,0.794591248923965,0.373564128270959,0.432460337661015
"ENSG00000148411",0.0946595662858603,4.90657524327148,0.79379760130933,0.373802511623026,0.432708762818203
"ENSG00000163684",0.0607997476240482,2.81048307684957,0.793248811877804,0.373967473430645,0.432872169971143
"ENSG00000135205",0.116914848844871,2.60504946983242,0.792735676934992,0.374121810408973,0.433023258732239
"ENSG00000213236",0.10707700440462,-0.888674045592846,0.792573427705717,0.374170629188386,0.433052205133845
"ENSG00000182141",-0.0786425081302508,3.49603846185534,0.792348902250452,0.374238200892806,0.433102850460572
"ENSG00000181227",0.115814582209003,-1.38724844356118,0.791783775668341,0.374408353675269,0.433272198043252
"ENSG00000099139",-0.127346822190161,3.03293121533886,0.791618116110419,0.374458252396106,0.433302372730652
"ENSG00000130649",0.182818876474785,0.25311804623014,0.790389033690838,0.374828759801586,0.433703510609533
"ENSG00000196628",0.102596815653373,6.21905379392482,0.789780113932106,0.375012510105186,0.433886036848812
"ENSG00000137944",-0.0836605593274727,4.82111608732742,0.789708199955062,0.37503421955686,0.433886036848812
"ENSG00000122378",0.0984979636172803,7.06219690013084,0.789452781654819,0.375111339754748,0.433947655989019
"ENSG00000134780",0.110499145187955,3.15001785165771,0.789142482406013,0.375205060585145,0.434028470515972
"ENSG00000065833",0.157790050099979,4.91083880162251,0.788395210867662,0.37543089717528,0.434262093476469
"ENSG00000228315",-0.0919359092568415,0.909151352931246,0.788069485126777,0.375529396277969,0.43434840441995
"ENSG00000223804",-0.140463697637886,-0.0681229409098073,0.787802732411065,0.375610089126797,0.434414110456453
"ENSG00000142089",-0.135425662489977,8.93863852485785,0.787614588702227,0.375667017401359,0.434452324823293
"ENSG00000103550",0.0623627925653573,4.85557056178739,0.787489688797252,0.375704816165164,0.434468412793235
"ENSG00000179144",-0.127027373027426,3.60586529192759,0.786245910104013,0.376081516631521,0.434876382763946
"ENSG00000118046",-0.0752291694895196,5.50829022125575,0.785850312637149,0.376201441971879,0.434987401562908
"ENSG00000145349",-0.11308479753428,5.61753528489538,0.78381923290889,0.376818013864679,0.435672623238878
"ENSG00000127920",0.0967810022134939,4.15697206139762,0.783038112835501,0.377055517025606,0.435897024185564
"ENSG00000163110",0.119015888758473,7.55759013881434,0.782986725721628,0.377071148922088,0.435897024185564
"ENSG00000226363",-0.23030885350582,0.327408054478894,0.782944484746311,0.377083999259713,0.435897024185564
"ENSG00000151240",-0.0817721231487862,5.46858884761973,0.782575254181038,0.377196351058715,0.435999188627639
"ENSG00000164251",-0.129526434062586,3.35372114250407,0.782463553742385,0.377230349283354,0.436004785548704
"ENSG00000131236",-0.0518722622052439,8.70717266937335,0.782333802442401,0.377269847075491,0.436004785548704
"ENSG00000167004",-0.0710481138447839,9.47334498995938,0.782323086260664,0.377273109465884,0.436004785548704
"ENSG00000147364",-0.092032042858916,4.96535988958223,0.778417109415736,0.378464889149419,0.437354304838277
"ENSG00000218226",-0.154006453303588,1.27644529669627,0.778001342600027,0.378592059923563,0.437473467972666
"ENSG00000166750",-0.13122820188963,6.48566791772352,0.777664563832379,0.378695114905038,0.437549018503576
"ENSG00000122435",-0.0595176734976167,3.35371489174717,0.77763045064797,0.378705555821602,0.437549018503576
"ENSG00000173369",-0.129161667254721,7.29464165495373,0.776408933844585,0.37907969026692,0.437953465449707
"ENSG00000135519",0.238461040512974,0.806481110876045,0.774916503767878,0.379537512360257,0.438454539812523
"ENSG00000020129",0.0806520974757011,5.57941094078828,0.774530651317408,0.379656004930943,0.438563570510256
"ENSG00000134440",-0.0607534863481397,7.73423266488706,0.77433652721746,0.3797156388885,0.438604600540076
"ENSG00000237886",0.182442336246994,-0.966248677631579,0.774139265023045,0.379776250446458,0.438646754500551
"ENSG00000277806",-0.118691743265058,-0.499698729253843,0.773995967780222,0.37982028911624,0.438669762410856
"ENSG00000144229",-0.196717501495942,0.298839966416449,0.772937155823882,0.380145911723641,0.439017959389776
"ENSG00000236204",-0.116948351887512,-0.0960943615963509,0.772795643631099,0.380189461760697,0.439040376539909
"ENSG00000136631",-0.0589179933291986,6.05992678360311,0.772384440908768,0.380316048548531,0.439158675068293
"ENSG00000211747",-0.173270846388071,0.216478471940701,0.771894596289579,0.380466922867895,0.439305002102671
"ENSG00000138834",-0.0936155124018006,5.35765151661777,0.770297083901658,0.380959553999714,0.439845893997766
"ENSG00000092199",0.0373794648385414,8.9984729627777,0.769236031355027,0.381287255196521,0.440196305542359
"ENSG00000274105",-0.108332008686377,-1.59492333342257,0.768311058691462,0.381573255276014,0.440498531701691
"ENSG00000139835",0.0949513059537272,4.07930917152013,0.768204694255734,0.381606162515046,0.440508560791042
"ENSG00000182208",-0.0827152540851074,4.64379441455775,0.767218055607621,0.381911602907978,0.440833168349959
"ENSG00000117281",-0.129391017972768,-0.35151434477958,0.767023507848193,0.381971871357663,0.440874755441882
"ENSG00000171444",0.135792935920627,5.0326219706103,0.766852934954987,0.382024723812547,0.440907778203098
"ENSG00000167741",-0.198055152673485,4.23751221112098,0.766080627292265,0.38226415543212,0.441156120494886
"ENSG00000019995",-0.0716828022417421,4.4016887834294,0.765515579798194,0.38243946715691,0.441330437703818
"ENSG00000167083",-0.0922860231968103,0.521547113678569,0.764837544161863,0.382649985498453,0.441545358218872
"ENSG00000114933",-0.0652000509673103,4.89909551210601,0.76414511638057,0.382865142451873,0.441765603686777
"ENSG00000244968",0.149535896354869,0.164738265200628,0.764028396134806,0.382901427688282,0.441779444734488
"ENSG00000100941",-0.046937558479324,6.67440271220829,0.763000238061651,0.383221266275265,0.442120418078942
"ENSG00000188732",0.111494170173379,2.26817079128568,0.762607327052286,0.383343593110122,0.44223142498965
"ENSG00000082213",0.0714217034735002,5.34722385427068,0.762521222361405,0.383370407912185,0.44223142498965
"ENSG00000139971",0.131104913265481,2.49945666079741,0.762456940842385,0.383390428262414,0.44223142498965
"ENSG00000279948",0.163123333053705,-0.494917070356144,0.762342244034159,0.383426154049863,0.442244586838665
"ENSG00000163428",0.0642465905199451,6.47634235041085,0.762180413731988,0.383476569048373,0.442274688513114
"ENSG00000147416",-0.0697679459445666,6.84576965114834,0.761700473348724,0.383626140390691,0.442419139016288
"ENSG00000211951",-0.336977853303686,3.47966209527966,0.761476959019924,0.3836958260111,0.442471448357208
"ENSG00000245970",-0.101004450774801,0.519146475706147,0.760848518635991,0.383891853049079,0.442669436585091
"ENSG00000215126",0.0915577922988141,1.75089657958009,0.75853463206138,0.384614845933937,0.443419501541635
"ENSG00000188649",0.111103813155236,-0.950072174594756,0.758497123011378,0.384626581922221,0.443419501541635
"ENSG00000113296",0.258970015071867,4.98061493533311,0.758472462824396,0.384634297982701,0.443419501541635
"ENSG00000170381",0.262535304942278,3.33100630335028,0.758454739638322,0.384639843623398,0.443419501541635
"ENSG00000170043",-0.0597147593670503,5.48358059456398,0.757499940455641,0.384938771872182,0.443735985727674
"ENSG00000185862",0.126385912156068,4.11966551384161,0.756054829523761,0.385391837388249,0.444230099399041
"ENSG00000232838",0.107998057325817,-0.948717913479194,0.755796138243524,0.38547302154349,0.444295520648479
"ENSG00000168159",0.0712271413723223,7.68478773977942,0.752378359742625,0.386547906828957,0.44550619918922
"ENSG00000237298",-0.118990758815206,0.962472980106275,0.750204908520849,0.387233682378416,0.446268293948716
"ENSG00000163666",-0.0979689396851177,0.475879081244813,0.74971302472682,0.387389124826125,0.446419147331785
"ENSG00000072694",-0.114807706564538,3.41330099009286,0.749149334015746,0.387567369099828,0.446596256284064
"ENSG00000235954",0.0725721319179941,3.52668124226256,0.749048573453766,0.387599242894722,0.446604689880849
"ENSG00000112972",-0.0978930754642131,6.09282358267439,0.748310277329369,0.387832904114191,0.446845613836875
"ENSG00000170684",0.117765877628975,2.37921224759687,0.747483415408831,0.388094834721458,0.447119076069797
"ENSG00000275198",-0.097250137385792,-0.990094383190545,0.746030511574521,0.388555694881548,0.447605430530714
"ENSG00000225953",0.192981163088174,-0.162901098211343,0.745997405200761,0.388566205335905,0.447605430530714
"ENSG00000227388",0.162058280375987,-0.592865144954347,0.745382678415252,0.388761439915929,0.447801967649837
"ENSG00000123338",0.110805144407476,5.38825627771093,0.744161180620959,0.389149799856978,0.448220920764912
"ENSG00000141560",-0.0789644638638944,5.88823376229434,0.743668433137755,0.389306620222129,0.448373151507097
"ENSG00000166199",-0.105693950549673,4.06087092119335,0.743392674711966,0.389394421845541,0.448445877574033
"ENSG00000253683",0.111589773589505,0.19603120373168,0.742094787758755,0.389808051464636,0.448893810310168
"ENSG00000167965",0.0699085032734553,5.59261782939833,0.741936022145265,0.389858692490183,0.448923703641117
"ENSG00000132182",-0.104455498021183,7.51607701567323,0.74093208613758,0.390179133935431,0.44926424968458
"ENSG00000198019",-0.111277537850592,0.273608284119778,0.740815995920652,0.390216212596009,0.449278500645452
"ENSG00000185085",-0.0588256640196887,5.19979385073266,0.739873834824316,0.390517321622188,0.449596723994452
"ENSG00000167535",0.0928273929119407,5.5593204315055,0.739414845512937,0.390664132763509,0.449737277467099
"ENSG00000009844",-0.0602661326157906,6.08797489722366,0.739321682108839,0.390693941451458,0.449743127032856
"ENSG00000225972",-0.531882298962549,4.62673231446696,0.739062992613704,0.390776729228862,0.449809958307356
"ENSG00000155275",-0.0552773039646936,3.55817843020072,0.738104003537099,0.39108385226901,0.450134989562635
"ENSG00000196209",0.105063204776996,2.1519338369322,0.737306114553248,0.391339646391956,0.450400904168633
"ENSG00000162062",-0.0938343209410907,3.22956077513769,0.737203392332967,0.391372595445112,0.450410324345463
"ENSG00000239382",0.0939641507709786,0.306524857707073,0.736898395350026,0.391470449415888,0.450494434291438
"ENSG00000170653",-0.0457297122629186,5.26974005272232,0.736821143835274,0.39149524005774,0.450494459456546
"ENSG00000251442",0.0923271438350909,2.60859827185399,0.736532884340118,0.391587764820831,0.450572421494355
"ENSG00000240342",-0.113402286860856,5.44862001893206,0.734980538676745,0.392086573938352,0.451113716963207
"ENSG00000274370",-0.173615156032674,-0.90841123182511,0.734903472864152,0.392111361013798,0.451113716963207
"ENSG00000247774",-0.140474373255332,2.44411581345212,0.734837420728278,0.392132607498807,0.451113716963207
"ENSG00000111911",-0.0738128419727181,5.76189575244983,0.73410707214696,0.392367643664144,0.451355556445731
"ENSG00000070610",-0.0674338178227563,5.65612826498161,0.733947062119899,0.392419164168825,0.451386273583518
"ENSG00000236901",-0.122805961601076,2.79933199298238,0.733474262270733,0.392571454611309,0.451532891701163
"ENSG00000066427",-0.0534227854937527,4.64281134244909,0.733257094287952,0.392641433690704,0.451584823318991
"ENSG00000008405",-0.0603756138467118,4.78391559299916,0.731848280307604,0.393095839363585,0.452078857182731
"ENSG00000232021",0.143203244230944,-1.29709633854721,0.731640046407668,0.39316306841704,0.452127585253486
"ENSG00000205309",-0.124587992507215,2.43720204143812,0.730887960189968,0.393406020220741,0.452378371105446
"ENSG00000225756",-0.171956772874223,0.119092326789344,0.73047467194255,0.393539619863356,0.452503388928735
"ENSG00000198399",-0.065974775208085,5.7160014911163,0.729678671606261,0.393797119555254,0.452744802916181
"ENSG00000152784",0.109319290380245,0.435155051636405,0.72967174527378,0.393799361234549,0.452744802916181
"ENSG00000172661",-0.0663403648880972,5.20916220624014,0.729057979827144,0.393998077051452,0.452944632160534
"ENSG00000226648",0.120566369267613,0.173128311247935,0.728734845409306,0.394102754843017,0.453036335803615
"ENSG00000196296",-0.108893727668071,0.63177141630728,0.728460657942388,0.394191607996779,0.453109837972914
"ENSG00000272578",-0.114000938350498,-0.516149115448302,0.727260060325886,0.394581014282315,0.453513160321817
"ENSG00000226608",-0.09228561241509,0.733862252332913,0.727225119260772,0.394592355514226,0.453513160321817
"ENSG00000140575",-0.0727045968286937,8.79677527284813,0.726862563727053,0.394710062216351,0.453619778313598
"ENSG00000273449",-0.108079697326433,-0.444890255781887,0.72664877254154,0.39477949509566,0.453670907739929
"ENSG00000196950",-0.0861446185103298,5.64274434172531,0.72622632158338,0.394916746220013,0.45379996084468
"ENSG00000143811",0.0826138458683306,5.4110936476495,0.725584012139085,0.395125559856616,0.454000762257582
"ENSG00000177788",-0.100724896290501,4.54835825133554,0.725535260077829,0.395141415578267,0.454000762257582
"ENSG00000233382",-0.0848447683679984,0.213626249231659,0.724883842767449,0.3953533654927,0.454215590397399
"ENSG00000023572",0.0644305882329383,4.84217919173608,0.724595964585452,0.395447084019137,0.454294565698589
"ENSG00000285933",0.187158836227459,1.49172420095605,0.723831251904711,0.395696191728285,0.454552032789367
"ENSG00000150938",-0.105125032886161,6.60909485630013,0.722755947019234,0.396046860057795,0.45492612673558
"ENSG00000187815",-0.0709870706588238,2.73153847280082,0.722661579761865,0.396077655680793,0.454932769278324
"ENSG00000135241",0.0532675460621027,5.49832748012353,0.721888041264969,0.39633022138625,0.455165928545295
"ENSG00000176406",0.342959152767622,2.89804076519681,0.721884099392237,0.396331509032094,0.455165928545295
"ENSG00000183648",0.0796288059935618,5.24033682952034,0.721809962040267,0.396355727749086,0.455165928545295
"ENSG00000108091",-0.0718473447273079,7.32046837684787,0.721212060918656,0.396551124616557,0.455361566672514
"ENSG00000110717",0.104343025436658,6.24483920418672,0.72102689046622,0.396611667470082,0.455402336360218
"ENSG00000172594",0.114726034353677,3.7328916256954,0.720548313684498,0.396768203723605,0.455548739609108
"ENSG00000077420",0.0988978704594818,4.15921505313811,0.720483947301166,0.396789263959065,0.455548739609108
"ENSG00000142920",0.0800490744756759,3.11739267283468,0.719739851005494,0.397032844738832,0.455799620028396
"ENSG00000287837",0.102922502619376,0.560078002201796,0.717739949797768,0.397688589664109,0.456523609493235
"ENSG00000170604",-0.0754947528501012,4.8730334348426,0.717463832854214,0.397779248630516,0.45659886235985
"ENSG00000132141",0.0963444493803313,1.84960713088571,0.71710720086909,0.397896387905632,0.456704499761935
"ENSG00000076826",0.0879318478495053,5.20943667631837,0.716069196732712,0.398237615513718,0.457067315641037
"ENSG00000280010",0.10058199325802,-1.29962431818786,0.715277424625911,0.398498183801589,0.457337516846498
"ENSG00000136247",0.0733731723815497,4.73449500822124,0.714448487493342,0.398771248235018,0.457605031678121
"ENSG00000224138",0.0817894113411765,-0.464726741485688,0.71441707714694,0.398781600621191,0.457605031678121
"ENSG00000163877",0.0467189812080017,4.60586833802418,0.713491182806647,0.399086937169972,0.457926516512993
"ENSG00000283959",-0.130259736931679,-1.00468399431832,0.713341259589676,0.399136410007664,0.4579543922041
"ENSG00000181035",0.0813241443363145,3.45532528239816,0.712185713061597,0.39951802558344,0.458363328664076
"ENSG00000273983",0.232445468102332,0.931680704050079,0.711342119262929,0.399796954824502,0.458637825624198
"ENSG00000237032",-0.168438682350211,-0.411188757122044,0.711309592520716,0.399807715266751,0.458637825624198
"ENSG00000102409",0.106946901321125,5.05738936458863,0.711198538643294,0.399844457098462,0.458651046020864
"ENSG00000213625",-0.061993219535821,6.67923747837769,0.710414144512603,0.400104111390749,0.458919945637569
"ENSG00000184584",0.0827162374027637,5.46470814106502,0.710262513805135,0.400154333282998,0.458948607248781
"ENSG00000237506",-0.132198500088981,-0.833422507296604,0.71010868845778,0.400205291439803,0.458978109635358
"ENSG00000245848",-0.133566236007606,3.02397053324898,0.709131043948168,0.400529379365111,0.459320829249221
"ENSG00000267500",0.105858729559635,-0.816080646314405,0.708803750046991,0.400637962244829,0.459416383412708
"ENSG00000159247",-0.189052290695163,1.89928478835795,0.708674851899816,0.40068073720115,0.459436467545991
"ENSG00000272010",-0.124859010180435,0.118305761946045,0.70847789660554,0.400746109823159,0.459482458895771
"ENSG00000279464",0.104841222199969,-1.29214872761546,0.707471028399219,0.401080548354342,0.459836927223195
"ENSG00000155252",0.044920518359909,5.00549949910245,0.706795793075902,0.401305060463099,0.460065328692269
"ENSG00000268027",-0.184674336466609,-0.115928155845126,0.706192968164693,0.401505651281174,0.460266279182024
"ENSG00000157445",0.190278348452505,0.373216326802052,0.705332425028554,0.401792251550469,0.460565795121947
"ENSG00000008056",0.200002334472483,1.12778261588079,0.703130254235874,0.402527035608011,0.461378984348279
"ENSG00000141446",-0.0584785072352102,5.14565603680032,0.702553999771181,0.402719634429923,0.461570654169225
"ENSG00000126790",-0.0784140144395566,2.38442162455369,0.702374504026491,0.402779653933061,0.461610355748866
"ENSG00000091428",0.118684806997437,3.02536844326839,0.702253141106302,0.402820242476391,0.461627784648768
"ENSG00000155719",0.122834118484135,-1.37305650045332,0.701293123873637,0.403141520710664,0.461966858536136
"ENSG00000267102",-0.116687431733337,-0.0763259284740575,0.701203440579583,0.403171553132349,0.461972167099551
"ENSG00000042980",0.139949414411035,3.4743819387746,0.699399863088767,0.403776215424292,0.46263587036267
"ENSG00000183155",0.0581344143447134,4.96315096496864,0.698744216715764,0.403996354200405,0.46285894111477
"ENSG00000106336",-0.10904102190061,-1.38318948409786,0.697975067209914,0.404254826457937,0.463125899698725
"ENSG00000204291",0.0914085420395095,6.91747348036945,0.697821847334716,0.404306344809832,0.463155747269712
"ENSG00000171606",-0.0701616501018167,4.75470969411538,0.697455174637562,0.404429673138219,0.463267848283029
"ENSG00000261934",-0.142505491208243,0.517712397442931,0.697182994015714,0.404521255188979,0.463343572603889
"ENSG00000115539",-0.0567237415147937,5.04292957377814,0.696039303489835,0.40490641078969,0.463755528932172
"ENSG00000169291",0.103111420294975,2.51084089598407,0.695380856827671,0.405128396600986,0.463980560253053
"ENSG00000083223",-0.06425046456418,5.63834395721505,0.695284848845689,0.405160779201601,0.463988430431855
"ENSG00000254595",-0.0997498838376466,-0.240831653420115,0.69511457176603,0.40521822140708,0.46402499596751
"ENSG00000029363",0.0493374716454482,7.36623956816591,0.693631711027291,0.40571896271204,0.464540864240632
"ENSG00000268087",0.0953428628543863,0.394276308737772,0.693629249068264,0.40571979483519,0.464540864240632
"ENSG00000273749",-0.0576293931271733,7.46862002835242,0.693434211009134,0.405785724146322,0.46458710504679
"ENSG00000286214",-0.181696530074951,0.762388612737382,0.692979696256847,0.40593942613447,0.464733825299536
"ENSG00000168938",-0.0865002071700324,5.27797405273555,0.692753103550105,0.406016084254831,0.46479233008729
"ENSG00000023191",0.0740914233139182,6.99463622754831,0.692291647040427,0.406172264342936,0.464941855615163
"ENSG00000172818",0.136146994979562,2.99709998904672,0.691940990939125,0.406291002942887,0.465048506074589
"ENSG00000089902",0.0725743247576826,5.99775050887268,0.69119823430015,0.40654268226752,0.465305623309591
"ENSG00000136450",0.0456055091704815,6.46977993117287,0.691127092250526,0.406566800397846,0.465305623309591
"ENSG00000236861",-0.109445280817831,-1.52884023702052,0.690351507632017,0.406829870549716,0.465577404238233
"ENSG00000224660",0.094650745677773,2.6087706008088,0.689896742458441,0.406984238377696,0.465724759507583
"ENSG00000006459",-0.0812475088800651,5.51608048355336,0.68937559399147,0.407161245499557,0.465898001456178
"ENSG00000143549",-0.0542573633951763,9.26532989696877,0.688353476241565,0.407508734536549,0.466266284835855
"ENSG00000196814",0.0773458654346443,4.15335684110472,0.687790375051457,0.40770035809803,0.466456193815624
"ENSG00000109927",-0.145071599352059,0.483050520082438,0.687185198676733,0.407906447593554,0.466662628559037
"ENSG00000168438",0.0695368413176216,4.85015032442484,0.686198772075136,0.408242698310287,0.467017938038084
"ENSG00000125817",-0.0704619141969123,6.85397155014216,0.685461876664821,0.408494155617958,0.467276207696819
"ENSG00000197372",0.11642608948918,4.26235779399166,0.684709515100451,0.408751125839254,0.467540750692683
"ENSG00000101546",-0.0714207077562072,3.5968458757246,0.683178489611958,0.40927478548026,0.468110287908123
"ENSG00000198315",-0.0762333788108432,5.3746843959736,0.683065122556841,0.409313599926821,0.468125244008616
"ENSG00000147127",0.0988746061903858,-0.846908477402844,0.682416874761696,0.409535650284939,0.468320752524102
"ENSG00000223749",-0.171268861477128,0.856945455933975,0.682415725720605,0.4095360440343,0.468320752524102
"ENSG00000182919",0.074519476577945,3.86417138018141,0.682003407106397,0.409677371962422,0.468452913444771
"ENSG00000049246",0.106482261395284,4.7498493531052,0.681654509443813,0.409797017647699,0.468560266359235
"ENSG00000105672",-0.101537969709343,-0.0286817193435923,0.681163177691577,0.40996559491065,0.468723550429652
"ENSG00000143437",-0.0564795163111886,6.44419542448365,0.680917068515264,0.410050074086091,0.468790668645284
"ENSG00000156026",-0.0593118975291278,4.91446605411183,0.679397278488191,0.410572325032787,0.469350128395745
"ENSG00000122224",-0.161456043698311,1.82149162027445,0.67934286028806,0.410591043155085,0.469350128395745
"ENSG00000091164",-0.0561926815399351,6.54074202623862,0.679204995974565,0.410638469712944,0.469361629037025
"ENSG00000189227",-0.0755427446514881,1.84158032002598,0.679163587337095,0.41065271623412,0.469361629037025
"ENSG00000163125",0.0612132401225914,6.84400161238499,0.67830064002765,0.410949776888131,0.469657323705942
"ENSG00000132000",0.130976471062459,3.15573180220128,0.678202821201754,0.41098347002567,0.469657323705942
"ENSG00000196460",0.122553083484313,0.0226292630565331,0.678187081659274,0.410988891802495,0.469657323705942
"ENSG00000177685",0.132312056807979,5.38208568226234,0.677660692872561,0.4111702770319,0.469835081903386
"ENSG00000198824",-0.0761747711758463,5.33945824102007,0.676849225156534,0.411450127711758,0.470125324966795
"ENSG00000159189",-0.11041238566122,7.1251372887249,0.676566656026586,0.411547643335415,0.470207207549754
"ENSG00000276547",-0.212210417577425,2.12814354695884,0.675559992686161,0.411895324280517,0.470574884297365
"ENSG00000243742",0.120356876829118,2.08701132900711,0.675444688359593,0.411935175757654,0.470590853381082
"ENSG00000111737",-0.0452560822675744,5.94617334714925,0.675353620720181,0.411966654582203,0.470597256220394
"ENSG00000073050",-0.0641547873984194,5.05222719686953,0.674890251976638,0.412126879697859,0.470729120258554
"ENSG00000263956",-0.070709465351884,3.07484081178695,0.674870092508633,0.412133852594964,0.470729120258554
"ENSG00000170906",-0.0905461494419306,5.38539213869687,0.67418026947867,0.412372558595756,0.470972188115517
"ENSG00000272568",0.178513075585826,1.15623528282833,0.673599668573254,0.412573628026922,0.471172243284796
"ENSG00000160062",0.0599596259648038,3.35705482984754,0.673088022479292,0.412750937847552,0.471345140803119
"ENSG00000119004",0.0554405225434844,4.96292889521935,0.672914024178801,0.412811262280327,0.471384432342703
"ENSG00000174109",0.0728239940151003,3.87160443537948,0.672531627855021,0.412943883257281,0.471506268358555
"ENSG00000168310",0.0512207006573803,5.46202572246333,0.672182748780851,0.41306493498436,0.471614879943222
"ENSG00000206140",0.104572095746769,-1.52493370273872,0.671566236239342,0.41327897693404,0.471829642362458
"ENSG00000088256",-0.0641487067711999,5.68672605800489,0.670921396309752,0.413503029520255,0.472055805982575
"ENSG00000244687",0.0972988641288137,1.3557415580201,0.670775556622533,0.413553727147409,0.472084051299634
"ENSG00000141084",-0.0505738540822767,5.02125641099878,0.670616372747034,0.413609074074792,0.472117600054745
"ENSG00000127249",0.253317946672746,2.35576187757572,0.670361016656839,0.413697882229787,0.472189336805482
"ENSG00000175634",-0.0761243831593414,5.08483680382092,0.669803084068489,0.413892019322876,0.472381278077589
"ENSG00000168214",0.0473242476333808,6.71600382676923,0.668455989508307,0.414361308940498,0.472887211332734
"ENSG00000203546",0.103052401391512,-1.76112149594032,0.66714309171048,0.41481944555822,0.473371782034758
"ENSG00000137992",0.0561576455453658,5.35418213943087,0.667090076762649,0.414837960955136,0.473371782034758
"ENSG00000183475",-0.0625150966380682,4.67371786152163,0.666972484480778,0.41487903427644,0.473388950779165
"ENSG00000115942",0.0492016485161658,4.98023960663332,0.666681477292064,0.414980704941756,0.473475256350333
"ENSG00000182154",0.104440045061557,4.70519307720469,0.666202616868147,0.415148087416731,0.473636520758719
"ENSG00000197451",-0.0614842564898866,7.47372978914743,0.665494828959805,0.415395673716771,0.473889262595536
"ENSG00000197555",-0.0552695936100673,5.53273702997325,0.66534865971585,0.415446831483701,0.473917898333263
"ENSG00000197937",0.0785550709934121,4.20531056423291,0.665194564994515,0.415500773227533,0.473949706081052
"ENSG00000256663",0.11647897303062,0.526514556478764,0.664705424619991,0.415672068617908,0.474115363352722
"ENSG00000241127",-0.0699873291130112,3.6016604769916,0.664150962205896,0.415866366561575,0.474307234904492
"ENSG00000145416",0.087251451848838,4.15147588430813,0.663605403259864,0.416057676351023,0.474495674534262
"ENSG00000197471",0.124389144211183,3.88133541128096,0.661998834208777,0.416621809019437,0.475109252144054
"ENSG00000116698",0.0455269439679857,7.46153809683376,0.661829728844772,0.416681255100387,0.475143724837581
"ENSG00000218175",-0.101956532399073,1.59530273548699,0.661764222672567,0.416704286061374,0.475143724837581
"ENSG00000259488",0.106412541516152,-1.19652155714613,0.661568943147998,0.416772954581576,0.475178212883584
"ENSG00000117448",-0.0581712435394511,6.89261546217907,0.661529620417702,0.416786784150639,0.475178212883584
"ENSG00000124256",-0.172002889967672,2.61608017109228,0.661324352045674,0.41685898690423,0.475229305071005
"ENSG00000078487",0.0790645076796976,2.67093495088566,0.661253664505617,0.416883855421591,0.475229305071005
"ENSG00000172461",-0.261313615524837,1.86196998957687,0.660819497351075,0.417036647835537,0.475355184740356
"ENSG00000268970",0.078392858069452,0.41172626617717,0.660791363118826,0.417046551732014,0.475355184740356
"ENSG00000171320",0.0991196851191068,3.5715553247111,0.66050766544349,0.417146439417152,0.475439243020376
"ENSG00000211935",-0.282418974249946,4.70395657651525,0.657832521382998,0.418090092129864,0.476484904797166
"ENSG00000227392",0.147789472285439,-0.24707132635097,0.657302834115111,0.418277315974869,0.47666840995933
"ENSG00000182087",0.0585570219321423,5.82197111295424,0.656824390517647,0.418446534729984,0.476831374830459
"ENSG00000278616",-0.139496248608755,-1.21000054579456,0.656694776112775,0.41849239510648,0.476853757812095
"ENSG00000100479",0.0784806843802124,3.2390820876784,0.656276646732978,0.418640389464571,0.476988436020909
"ENSG00000126785",-0.0856527357668084,3.38356504165592,0.656212668225578,0.418663041161083,0.476988436020909
"ENSG00000171298",0.0931228750669874,7.46870045891849,0.655811694113301,0.418805048392854,0.47712033950324
"ENSG00000162511",0.0947939717138232,7.05716243047551,0.654585937031695,0.419239603507107,0.477585488449659
"ENSG00000271474",0.204467892245881,-0.444328040864697,0.654028675344209,0.419437386571033,0.477780872233603
"ENSG00000143751",0.0626274776875709,5.42850089697515,0.653791698606629,0.419521536509505,0.477846800227635
"ENSG00000117899",0.0524358931449834,6.2587145018217,0.653035288436133,0.419790305077472,0.478122992594969
"ENSG00000250571",-0.105853216155998,3.23995435834528,0.652944862356311,0.419822452608347,0.478129666126526
"ENSG00000111679",0.0748277116286975,5.82251327861044,0.652694171506295,0.419911595397139,0.478201245825757
"ENSG00000167711",0.207403256614396,2.59038556058362,0.651804174865831,0.420228296774834,0.478531947266509
"ENSG00000140691",0.0735392227075604,3.67991066036795,0.651137683536332,0.420465698869205,0.478772311465166
"ENSG00000179041",-0.101680806768468,4.90909323277292,0.650922541623979,0.420542374592707,0.478829642487302
"ENSG00000116984",0.0602475758336285,6.21886431247755,0.650571227677233,0.420667626494703,0.478942271717413
"ENSG00000176402",0.169160794804743,1.4981557196981,0.650349237732454,0.420746800067455,0.479002428619609
"ENSG00000273061",-0.101532261342429,-0.478714668368627,0.649709877732073,0.420974955015755,0.479232176367688
"ENSG00000280388",-0.146701330660052,-1.23606737895218,0.649154576158056,0.421173264210971,0.479427921483862
"ENSG00000042088",-0.0532777528210836,4.87961972813603,0.648145664308782,0.42153392501009,0.479808437829872
"ENSG00000229728",-0.113939435853234,-1.3203186414147,0.647932867991552,0.421610053496696,0.479865059636915
"ENSG00000178386",0.0995346569443069,-0.0193601587581244,0.64618394170235,0.422236518703383,0.48052009652521
"ENSG00000133958",-0.170219838224653,0.0540606212730213,0.646178670416891,0.422238408987569,0.48052009652521
"ENSG00000144026",-0.0578209589634104,4.47976030734788,0.645651917923299,0.422427366618587,0.48070505812794
"ENSG00000287134",0.150711352394492,-1.5008873424557,0.64556784930559,0.422457535613293,0.480709312921332
"ENSG00000181789",-0.0559756702280424,8.41917947774286,0.645255114169924,0.422569792630406,0.480806968305401
"ENSG00000255423",-0.11679322857464,-0.247544019548076,0.644373935183806,0.422886334916756,0.481137036123231
"ENSG00000176971",-0.144626383855679,4.44120069848178,0.643078068064837,0.423352491371157,0.481631900345402
"ENSG00000130830",0.0987642990886724,4.59573914947623,0.64301763922997,0.423374248005404,0.481631900345402
"ENSG00000264672",-0.119257083735511,-1.48634194552366,0.642905684723168,0.423414560244566,0.481647634106458
"ENSG00000249249",0.0997998443842121,-0.149122786144331,0.64221663364525,0.423662798765957,0.481899873918401
"ENSG00000145934",0.194165003296336,1.85345019523985,0.641566043032638,0.423897382384961,0.482110202731839
"ENSG00000105221",-0.0674982590884134,7.20420671195227,0.641556780278986,0.423900723668769,0.482110202731839
"ENSG00000236609",0.12888214287447,3.39960777002499,0.639436672893794,0.424666538063061,0.482950978196146
"ENSG00000116688",-0.057975706393086,7.01673792614905,0.638220925248833,0.425106624376963,0.483421238224847
"ENSG00000129173",-0.0998156656574732,3.52505870281909,0.637671974487138,0.425305563299203,0.483617229464576
"ENSG00000167476",-0.231888517984802,0.313782509024351,0.635622434033507,0.42604955534724,0.484432940276044
"ENSG00000262333",-0.0778017615237717,0.126571053827221,0.635118322172851,0.426232850973691,0.484611057917702
"ENSG00000176788",0.117562627368232,5.47221050368301,0.634783557850041,0.426354637418976,0.48471922398902
"ENSG00000163930",-0.0494409973019942,6.29153975312379,0.633123115180661,0.426959479766842,0.485376524657749
"ENSG00000115919",-0.204323679259677,4.80833785389607,0.632803589309913,0.42707602079345,0.485456566465009
"ENSG00000135040",0.0583132185467715,5.31834404262726,0.632783717390377,0.427083270288465,0.485456566465009
"ENSG00000221843",0.108594179447548,2.15418454838801,0.631573495360466,0.427525123460303,0.48589239778184
"ENSG00000111424",-0.0734458148993012,5.74016964268198,0.631525118428352,0.427542800286193,0.48589239778184
"ENSG00000254122",0.127701617328192,1.54861491191331,0.631514061963,0.427546840449778,0.48589239778184
"ENSG00000280374",0.111359662871315,-1.13360927077297,0.631378741402428,0.427596292865668,0.485918236466152
"ENSG00000101473",0.062278644828682,4.05327033612684,0.630018318236119,0.428093935766371,0.486453361471871
"ENSG00000139567",-0.0670000859762928,4.37261148711906,0.629696155808588,0.428211911147532,0.486557021300138
"ENSG00000168229",0.124022046622672,-0.31539421649249,0.628112915188205,0.428792407412688,0.487186176038354
"ENSG00000165121",-0.0700156396212702,1.9335360290679,0.627861830413505,0.428884577312204,0.487260459251319
"ENSG00000087302",0.0491259294560941,7.06012465840937,0.626048965632932,0.42955094798088,0.487987048212133
"ENSG00000198380",0.0771011427952572,7.66484762948225,0.625870128583972,0.429616769747755,0.488031341463504
"ENSG00000115966",0.0609121684491693,5.90475197489782,0.624976727895752,0.429945819080821,0.488374628868472
"ENSG00000053702",-0.0834488281647215,1.90991504006345,0.624684603843254,0.430053494562422,0.488466430968671
"ENSG00000099800",-0.0911930790573404,5.59348039192984,0.624341570755118,0.430179987121985,0.488579593216852
"ENSG00000162745",0.113954332010283,6.09545732318626,0.623259066492591,0.430579528369179,0.489002838712371
"ENSG00000154589",-0.0869308435827939,2.71287257118577,0.622646047311413,0.4308060374926,0.489229533586127
"ENSG00000174748",-0.0606666429622335,9.49549560822399,0.622215448702295,0.430965250920693,0.489379782964698
"ENSG00000143502",0.170857209918838,5.41380124607969,0.621807968418654,0.431115998739851,0.48952040111627
"ENSG00000134508",0.0941590390989183,5.28010069247659,0.620126734931418,0.431738821721636,0.490196996658537
"ENSG00000216895",-0.0733119579179188,0.281923044904042,0.619917162334639,0.431816555073014,0.490254650665917
"ENSG00000213699",0.0633958180296437,6.62174567831262,0.618939361971952,0.432179516334673,0.490636105305226
"ENSG00000287808",-0.131374811912303,-0.300620116184082,0.618856632078196,0.432210247128948,0.490640367917944
"ENSG00000105568",-0.0520356259894312,8.20186915906208,0.618005956537548,0.432526431653009,0.490968653741805
"ENSG00000196510",0.0508901651598725,5.78177740854177,0.61747652511562,0.432723392023567,0.491161573522506
"ENSG00000184304",0.119066372448916,2.59056892728646,0.616437582975325,0.433110299318056,0.491570054539582
"ENSG00000267745",-0.111748214892512,-1.01634037371295,0.615935405815859,0.433297501723129,0.491751838346454
"ENSG00000162999",-0.0809725947175253,1.7140794028794,0.615672083196769,0.433395712871295,0.491832609078625
"ENSG00000166997",-0.0598866337888323,3.94641934861606,0.615321478437234,0.433526530255241,0.491950370119935
"ENSG00000114503",-0.0540658207744561,6.96659689746198,0.615112143282538,0.433604665953725,0.492008338908625
"ENSG00000237276",-0.0979416323158518,0.848376439968145,0.614815929702479,0.433715266305702,0.492101140663676
"ENSG00000146285",0.184340547178739,1.26974872620812,0.614748191594778,0.433740564436958,0.492101140663676
"ENSG00000230061",-0.190856566627845,1.96533696347251,0.614279251489302,0.433915761139782,0.492269203069508
"ENSG00000148680",-0.15024282306374,-0.465424685944917,0.614097832755297,0.433983568420794,0.492315420846841
"ENSG00000265055",0.14141166106162,-0.919936219988997,0.613963058714192,0.434033952199148,0.492341868691413
"ENSG00000177565",0.060142279136998,7.86175270063047,0.613527292889464,0.434196919550117,0.492487556682005
"ENSG00000240204",0.139915809175655,2.10444249608781,0.613474841393656,0.434216541618245,0.492487556682005
"ENSG00000151422",0.0739982717512704,4.31462572116284,0.612266732449214,0.434668869496689,0.492969844634643
"ENSG00000163430",-0.0998259659063018,8.35448664014279,0.611447854530698,0.434975875011273,0.493287268656007
"ENSG00000211451",-0.0642760017765858,0.685134777019804,0.611302134669786,0.435030541584806,0.493318504292316
"ENSG00000164221",0.0568724265414923,3.83724200694521,0.610575885076235,0.435303149688607,0.493596863250398
"ENSG00000129474",0.0992180876799417,4.54282079889758,0.61032732765587,0.435396509265679,0.493671947542184
"ENSG00000076258",-0.0887819320154591,2.65855991547935,0.610132539066801,0.435469694375667,0.493724149189916
"ENSG00000132475",0.0620989045422312,9.58381486143219,0.609790145485301,0.435598382611949,0.493825694696531
"ENSG00000114541",-0.0768431190817804,4.55067680093658,0.609749771660473,0.435613560903406,0.493825694696531
"ENSG00000172935",0.0992149775728318,1.02760527428572,0.609083747240332,0.435864065558859,0.494078879674947
"ENSG00000251188",-0.130517095358764,-1.22959479969848,0.605752523646335,0.437120321181278,0.495472042979252
"ENSG00000287811",0.109275872818838,-1.86062091758773,0.605317089849959,0.437284940072265,0.495627749114125
"ENSG00000115252",0.101885166165443,1.65724800204719,0.604444454808801,0.437615132514016,0.495971088619449
"ENSG00000001036",0.0750479507956407,5.76357694114985,0.603995877441409,0.43778501662443,0.49613271121971
"ENSG00000198793",-0.0544257405503717,6.52614988574138,0.603315251133233,0.43804297518613,0.496394120416531
"ENSG00000120742",0.0601239717400636,8.19590397489885,0.602906188628077,0.438198122924411,0.496538998177633
"ENSG00000165801",0.0765588504492353,5.20169897029266,0.6026490195828,0.438295704287553,0.49660362120001
"ENSG00000204396",-0.145060938607361,1.93002132716253,0.602611981603831,0.438309760893103,0.49660362120001
"ENSG00000227347",0.0658128643850352,-1.78521950950817,0.602367470033385,0.438402574990192,0.496677839412085
"ENSG00000272523",-0.128673926708773,-0.193103905962742,0.602091331481386,0.438507430688446,0.496765689776484
"ENSG00000136731",-0.0603352751015542,7.13086548599614,0.601779788898011,0.438625776337298,0.496868810414971
"ENSG00000118579",0.0498118464637732,5.96862420981635,0.600579128084496,0.439082330881247,0.497355012397591
"ENSG00000213399",-0.0915634957284775,-1.16436849606623,0.599927678683231,0.439330352262914,0.497604959955031
"ENSG00000285867",-0.135745344656465,0.794673073747148,0.598461360168279,0.439889402128877,0.498207139044774
"ENSG00000007520",-0.0722981190113231,4.8726481186069,0.597692750398123,0.440182880719664,0.498508482847401
"ENSG00000140993",0.0756403854166473,0.966615671823119,0.596668890556607,0.440574290460458,0.498920689552008
"ENSG00000160447",-0.0877214221383149,3.30317854072202,0.595917833792575,0.440861752040579,0.499194957975596
"ENSG00000117984",0.101129646313997,8.8925114100642,0.59589269880202,0.440871377279635,0.499194957975596
"ENSG00000173113",0.067165729247408,6.74577550627193,0.595779915914912,0.440914570554691,0.499212786930323
"ENSG00000115271",-0.073181211267627,4.60057718314252,0.595381945966024,0.441067036147727,0.499354326389969
"ENSG00000135245",-0.095953559876096,5.17542157393036,0.595128431948825,0.441164201892523,0.499433244368307
"ENSG00000100276",-0.129242205223715,-0.144308355782372,0.594348056897391,0.441463508089988,0.499740977478104
"ENSG00000141543",0.0556108266390289,7.19869649344403,0.5938939046593,0.44163783864338,0.499906028153139
"ENSG00000224281",-0.0811586111498635,0.754833938847341,0.593820117399584,0.441666172607081,0.499906028153139
"ENSG00000178974",0.045607398491112,5.21243499327813,0.593753468773164,0.441691767782106,0.499906028153139
"ENSG00000146676",0.0535665242419901,6.83439337500248,0.59210113914226,0.442327047848443,0.500593886271388
"ENSG00000070601",0.207834964526082,0.151022890769705,0.591827174134845,0.442432517127785,0.500682094420119
"ENSG00000257298",0.165703069179662,-1.30308199339413,0.591681293687918,0.442488693105691,0.500714511927226
"ENSG00000196387",0.0607578652621392,4.16342298205467,0.591494019773082,0.442560825145096,0.500764979951412
"ENSG00000105135",0.0832031209793126,5.93645862104771,0.591169131070125,0.442686005232589,0.500875462716661
"ENSG00000132510",-0.0544559299909504,5.4815218978179,0.590403731875347,0.442981131262845,0.501178204491704
"ENSG00000137876",-0.051842461586886,6.48526471325983,0.589266162115317,0.44342032339197,0.501643891388515
"ENSG00000197363",0.0808161974079423,4.3719680507837,0.587352329095104,0.444160737945806,0.50245027377524
"ENSG00000167333",0.10215544058668,3.28817947834276,0.587021486827305,0.444288926853409,0.502564027713776
"ENSG00000170835",-0.21442624897214,0.979646164230626,0.586053142772198,0.444664453573196,0.502957529949582
"ENSG00000004660",0.0878300949757786,3.53155194218757,0.585071172338975,0.44504576778111,0.503351351077952
"ENSG00000132589",-0.0670521345545755,7.13569839095253,0.585014009993608,0.445067980428613,0.503351351077952
"ENSG00000138642",0.139018251880186,5.53748469576176,0.584311689075741,0.445341035033936,0.50362884693137
"ENSG00000254838",0.137266319913176,2.75799135644407,0.58323784765612,0.445759036055949,0.504070215604675
"ENSG00000184857",0.0605712818693357,3.51903997921969,0.58268192950842,0.445975671022762,0.504283836155548
"ENSG00000170619",-0.0768198637199766,5.31342717969684,0.582059397147153,0.446218459121479,0.504527000777164
"ENSG00000131470",0.0773087652398394,2.17228795092978,0.580970456090415,0.446643641563078,0.504976350640223
"ENSG00000253910",-0.163006561058508,1.18591457986602,0.580723440277733,0.446740177830752,0.505054099601301
"ENSG00000086102",-0.0493473238901623,6.06069276706713,0.580249673659344,0.446925421500375,0.505232119227349
"ENSG00000163344",0.0835159049420854,6.00764435850376,0.579900262677043,0.447062118508108,0.505355239989153
"ENSG00000127951",0.122461608189494,5.3124986794363,0.579678387177546,0.447148954723106,0.505421986731952
"ENSG00000215158",0.12163423497401,1.6271214469073,0.579226196007783,0.447326011761833,0.505590697360442
"ENSG00000169359",0.0638893326821933,4.8226611532564,0.579144638380909,0.447357957561796,0.505595385082579
"ENSG00000124104",0.077016022996562,3.71074103021977,0.578262716389407,0.447703630099038,0.505954618133547
"ENSG00000243279",0.0843714088388269,3.15052058692517,0.577358424495099,0.448058503120661,0.506324203464342
"ENSG00000204103",0.0784434232264649,5.95575011216423,0.576627660867801,0.448345598713248,0.506617156398891
"ENSG00000100055",-0.0945721779963857,4.24448533204925,0.576517579354918,0.4483888713827,0.506634577418684
"ENSG00000186810",-0.155521100079873,2.57515469773163,0.575969005932014,0.448604610936765,0.506846854498563
"ENSG00000277978",-0.083844870148003,-1.2230579832714,0.574143391455551,0.449323745684773,0.507627820766175
"ENSG00000253570",0.130928860038779,0.773789987238159,0.573893268672199,0.449422412763174,0.50770775424451
"ENSG00000118162",0.0689651293216023,2.72443654739146,0.57351155789057,0.449573053248427,0.507846387956176
"ENSG00000163564",-0.155406518248859,1.57974843023884,0.573427105699624,0.449606392598501,0.507847804265645
"ENSG00000184432",0.0479842913398491,8.36121752509707,0.573366928271062,0.449630151313486,0.507847804265645
"ENSG00000274386",-0.0958111615262093,-0.745210180059515,0.572991432232521,0.449778445656151,0.507983753700576
"ENSG00000124120",0.0560965959991313,5.16166764075028,0.572672765413819,0.449904356487539,0.508093221255874
"ENSG00000169249",0.0512236258096604,4.03985855132122,0.572604740240411,0.449931241562959,0.508093221255874
"ENSG00000173914",0.049304875978948,4.52637491864243,0.571841616320813,0.450233017593783,0.508402441422719
"ENSG00000153179",0.0745517226568679,5.93491356501854,0.571483537871928,0.450374728283337,0.508530888876169
"ENSG00000255642",-0.0883429794039502,0.471651363792045,0.570829586393018,0.45063371192562,0.508791728381847
"ENSG00000133106",-0.106341145799846,4.96416893218731,0.570437207264957,0.450789217326841,0.50893570979147
"ENSG00000130300",-0.0721127253842422,6.49708662677936,0.570347771874692,0.450824673599004,0.508944147689075
"ENSG00000105755",-0.07700005842936,4.14237679359794,0.569411819253502,0.45119599020609,0.509331719827977
"ENSG00000197702",-0.0606688932791806,6.92946789747482,0.568024872478562,0.4517471100071,0.509922201750706
"ENSG00000205488",-0.172090291305914,1.68915002803214,0.567597334065399,0.45191721038255,0.510082550728424
"ENSG00000079950",0.0569816100854819,6.08480013406345,0.566897718012963,0.452195776402776,0.510365298244721
"ENSG00000271032",0.100329880638336,-1.13773921350631,0.566661602756071,0.452289851211449,0.510423626158449
"ENSG00000184293",0.121857623403295,-0.289173305836306,0.566627142145546,0.45230358383526,0.510423626158449
"ENSG00000176293",-0.120787288533681,3.46932904217372,0.566230123337579,0.452461843873005,0.510570543266051
"ENSG00000136205",-0.0779043919777461,7.12599468566454,0.565702344434034,0.452672362310237,0.510776408319287
"ENSG00000105355",-0.0678609794729238,5.87024647429287,0.565271302302857,0.452844408921762,0.510905242774548
"ENSG00000271843",0.0933243389618066,-1.47274599185956,0.565263390165957,0.452847567940631,0.510905242774548
"ENSG00000115839",0.0442950898539537,6.32072433321081,0.565205175972618,0.452870811744626,0.510905242774548
"ENSG00000196700",-0.0645595216770916,5.69723998202248,0.564713857635014,0.453067060386484,0.511094938554201
"ENSG00000167207",-0.112567135734234,3.45641513021846,0.563248914929272,0.453653000848817,0.51172418627129
"ENSG00000268686",-0.206980056397018,1.46370088427178,0.561978722821271,0.454162011523567,0.512266583912597
"ENSG00000067533",0.0547422141487894,5.3655205793242,0.561770300939563,0.45424561937073,0.512329116030934
"ENSG00000286904",0.0955735015191998,-0.838844037252951,0.560575854237658,0.454725236210107,0.512838258584326
"ENSG00000101347",0.0732437163813467,7.02366441745548,0.560500115808976,0.454755675035184,0.512840787297863
"ENSG00000260948",0.109215146250593,-0.235913442455439,0.559289505229634,0.455242648572402,0.513358130834823
"ENSG00000068489",0.136266378687055,5.78230874332475,0.559163479545334,0.455293390223745,0.513383520234933
"ENSG00000240891",-0.126345001318662,0.874648392281383,0.558437128533796,0.455586014511587,0.513681633620776
"ENSG00000277977",-0.115095217126935,-1.46681896134792,0.558313794730477,0.455635731347838,0.513705844393409
"ENSG00000226174",0.117540305678166,-0.284649239400535,0.557830823067658,0.455830503513665,0.513893584448431
"ENSG00000180628",0.0644846980688001,5.75787504499519,0.557092518623207,0.456128500112321,0.514197667041211
"ENSG00000244733",0.119303804371413,-1.17290636662454,0.555844439288629,0.456632953857048,0.514734438472388
"ENSG00000109929",0.0851849049493037,5.52723744225681,0.555452436239063,0.456791577211758,0.51488133405599
"ENSG00000165288",0.0734286556054129,5.03882965640392,0.555266636708665,0.456866791104316,0.514934200694386
"ENSG00000174944",-0.0955929416819243,1.04065515734121,0.554805599713515,0.457053509061887,0.515112729137291
"ENSG00000140406",0.0582841578476462,5.06393769161888,0.554008620469228,0.457376566991547,0.515444885088436
"ENSG00000170382",0.150526007484793,4.98471753412324,0.553716610337557,0.457495024635925,0.515546437923061
"ENSG00000139372",-0.0555196194259017,5.05569386187782,0.552896220972668,0.457828086106717,0.515889798036613
"ENSG00000114784",0.0491490618914141,5.04522683282246,0.552603601467134,0.457946976613053,0.515991798453612
"ENSG00000011600",-0.0926265931103621,5.68619767379483,0.55241412069793,0.458023988221358,0.516046602104321
"ENSG00000166828",0.207035385775666,3.34025117237589,0.552161582861746,0.45812666032633,0.516100864481909
"ENSG00000068745",-0.0456194964230415,6.07832166729672,0.552156071813075,0.458128901311877,0.516100864481909
"ENSG00000136238",-0.0441483603956081,8.45423383581407,0.551822447170591,0.45826459714767,0.516221757272502
"ENSG00000105866",-0.0710321701638588,3.75992192168212,0.551728456171539,0.458302837800191,0.516232861454752
"ENSG00000064313",-0.0661049662535176,6.2459895870606,0.550519193974375,0.45879528304115,0.51675554916723
"ENSG00000167658",-0.0691629284422574,11.0182702793282,0.549518571640158,0.459203399194731,0.517183195526272
"ENSG00000099290",-0.0608680142845413,5.39062481507717,0.548857253102856,0.459473442447769,0.517455292336844
"ENSG00000259250",-0.0865615336188782,-0.0677797342312708,0.548639694848936,0.459562335452932,0.517523358133734
"ENSG00000123610",-0.0999957997286541,3.51787941063575,0.548375094097276,0.459670486558027,0.517613101134064
"ENSG00000181036",-0.13019569444877,0.654386272139587,0.548279579150531,0.459709536616178,0.517613857072751
"ENSG00000223552",0.100917258477101,-0.771506646252732,0.548223445838752,0.459732488457697,0.517613857072751
"ENSG00000122707",0.0849165106355347,3.80974074599447,0.548164639666113,0.45975653513362,0.517613857072751
"ENSG00000105136",-0.0691177361611654,3.28296553924877,0.547854249903376,0.45988349101405,0.517724742174025
"ENSG00000137764",0.0454041851974154,4.12167667923563,0.547096572076532,0.460193631116659,0.518041824766342
"ENSG00000279518",0.134425417182903,-0.0957535057999546,0.546614241418318,0.460391236658619,0.518213534415871
"ENSG00000183111",0.106766271703963,4.95583714818295,0.546585171550037,0.460403150573239,0.518213534415871
"ENSG00000245112",-0.103761094612586,-1.41241509157024,0.546386204635706,0.460484707788906,0.518273258989148
"ENSG00000184445",0.0624840291501687,5.57924683444989,0.54538730209222,0.460894508886848,0.518698051117037
"ENSG00000148700",-0.0986410168170602,6.16134346242836,0.545327229853988,0.460919172099932,0.518698051117037
"ENSG00000255031",0.145629854009077,-0.474897726012364,0.544362426301956,0.461315569144024,0.519112019525553
"ENSG00000151414",0.0605843508906031,6.24298701671517,0.542640361469715,0.462024443853231,0.519877541747251
"ENSG00000065615",0.0615268966783297,4.48210651447106,0.541726641432461,0.462401275064374,0.520269371535468
"ENSG00000203761",-0.0673131592739751,1.79996761981167,0.539967415941713,0.463128187405346,0.521028675377702
"ENSG00000066855",0.0758899761867636,5.81817544825603,0.539954774739735,0.463133417353821,0.521028675377702
"ENSG00000280039",0.125620854959955,-1.24706048370561,0.539844744988474,0.463178943111515,0.521047663119263
"ENSG00000213859",-0.0596592779181369,3.9766078980629,0.539472907571328,0.463332846962827,0.521186946378925
"ENSG00000120500",-0.114978657869103,-1.47390289549924,0.539407160254466,0.463360068338862,0.521186946378925
"ENSG00000287024",-0.114439637130485,-0.16820283703893,0.539022418987721,0.463519414098404,0.521333937519125
"ENSG00000214389",-0.0900434040195681,0.574608522241695,0.538407356739392,0.463774332382332,0.521588397067144
"ENSG00000169554",0.0755231231694702,5.23795670291456,0.538123687452827,0.463891977301334,0.521688448844164
"ENSG00000239827",0.102638074614006,-1.31939115378382,0.537709330258481,0.46406390764012,0.521849533334889
"ENSG00000235043",-0.0842688302203296,0.262797435928862,0.537094379288524,0.46431925887132,0.522104400639973
"ENSG00000103066",0.0567447640448394,4.6093309280161,0.534672166643015,0.465327245914283,0.523158659803802
"ENSG00000117133",0.0496022883597019,5.23724120519447,0.534642785864521,0.465339494036859,0.523158659803802
"ENSG00000177410",0.0751166515431919,4.33181682054987,0.534634070772005,0.465343127243563,0.523158659803802
"ENSG00000169964",-0.0673107631776565,3.35871474620153,0.533702605364588,0.465731705215253,0.523563153127821
"ENSG00000177628",0.0700962737311093,6.45360989708861,0.532088340486066,0.46640635957236,0.524289176013726
"ENSG00000124215",-0.159962157691915,0.489604939109346,0.532001770311638,0.466442584411083,0.524297492446003
"ENSG00000176871",-0.0489612279475055,6.46784502915978,0.5316430135455,0.466592752486052,0.524433876048468
"ENSG00000160584",0.0677939459951259,5.56405248637354,0.531489469171379,0.466657046679545,0.524441878539256
"ENSG00000287878",0.105269079576369,-1.13394380901442,0.531488287927382,0.466657541361299,0.524441878539256
"ENSG00000067601",0.0545039986332393,1.03664073576267,0.530913583179219,0.466898316367944,0.524680048075388
"ENSG00000077943",0.104763317769342,2.49090263462754,0.530173665544964,0.467208602149448,0.524996296546037
"ENSG00000170581",0.0536167611885618,7.10373038362616,0.529727018243407,0.46739606500052,0.525140611794698
"ENSG00000164087",-0.0691190587803478,4.1029894906215,0.529665563414423,0.467421867744633,0.525140611794698
"ENSG00000198963",0.21129453620667,0.982973940740925,0.529661316412471,0.467423650997601,0.525140611794698
"ENSG00000184840",-0.0625838443227283,7.7268775804484,0.52902653218958,0.467690310577399,0.525407743593683
"ENSG00000145982",-0.0493240317476812,4.18100244942853,0.528745189510983,0.467808575050658,0.525508144217242
"ENSG00000069667",-0.0861308947031776,4.12489029135435,0.528318403276689,0.467988069713725,0.525677310520827
"ENSG00000168060",-0.0737828915266357,0.962298455541287,0.528231626646445,0.468024579163996,0.525685854741848
"ENSG00000285847",0.145133313304617,-0.367565778136688,0.527696181103532,0.468249958161369,0.525906523344386
"ENSG00000069329",-0.0507044449594759,7.63099999843748,0.526944967784793,0.468566452648077,0.526229493100539
"ENSG00000214548",-0.139851461322006,3.39814664741147,0.525773307887802,0.46906077463871,0.526709895650076
"ENSG00000131055",0.0957156865941086,0.38261454956114,0.525765647316937,0.469064009391411,0.526709895650076
"ENSG00000160948",0.0813076654306742,7.1741197054334,0.525725195045051,0.469081091364632,0.526709895650076
"ENSG00000277511",-0.117364322722281,-0.717794905813273,0.524988109785069,0.469392519678142,0.527027047836659
"ENSG00000135966",-0.0470228743298354,5.57852233648733,0.524011643111668,0.469805603932404,0.52745829162485
"ENSG00000144824",0.118217906961085,4.91368513999262,0.522612037467465,0.470398717490381,0.528084710025928
"ENSG00000184619",0.0810635073381569,2.91829987220334,0.522558044098687,0.470421622599521,0.528084710025928
"ENSG00000115234",-0.0420243942598479,6.92544671572332,0.521657817724806,0.470803783165176,0.528481096599903
"ENSG00000091542",-0.0474596243020574,6.7461277169023,0.52077401919476,0.471179458589519,0.528870155074436
"ENSG00000182518",-0.0592576350747082,3.94931504451573,0.519519357818053,0.471713610312828,0.529437034518341
"ENSG00000131187",0.131790119364812,2.72840354362286,0.519375893799792,0.471774750266791,0.52947298271334
"ENSG00000223960",-0.0751506060970785,3.59853919828458,0.517736973905804,0.472474119936649,0.530225167730473
"ENSG00000247516",-0.141916844177844,2.39429145897188,0.517311255847653,0.472656059969192,0.530396620108567
"ENSG00000110876",0.0847147757596296,4.89561037771657,0.516667304114992,0.472931483102628,0.530672948033229
"ENSG00000103275",0.0474096998511227,6.29643139002949,0.516188344961024,0.473136506613826,0.530870251837894
"ENSG00000168152",-0.0518081074034321,2.83648867206459,0.515889780506367,0.473264383304437,0.530980976099013
"ENSG00000189190",-0.0541099044462875,3.80150229637219,0.515245438502323,0.473540549680462,0.531229323859126
"ENSG00000181631",0.129789437150884,2.15008342193884,0.51523703886098,0.473544151513526,0.531229323859126
"ENSG00000083799",-0.0549261959200733,6.08671865363814,0.515076900641666,0.47361282857217,0.531272171548864
"ENSG00000113916",-0.0790415863338029,5.80537255467987,0.515011766905064,0.473640766530945,0.531272171548864
"ENSG00000051382",-0.0559912610509651,6.09871718080948,0.514810938817155,0.473726925032968,0.531336045418082
"ENSG00000173218",0.0658792378425491,6.00951704172848,0.514489130991455,0.473865038928753,0.531458181416795
"ENSG00000285410",0.0684070134236681,3.35352765026032,0.513635304134486,0.474231802911772,0.531836726560569
"ENSG00000204410",-0.0892166625224344,0.894567721098599,0.512927215859557,0.474536314835432,0.532145415514325
"ENSG00000251364",-0.102066260580252,1.11164862142964,0.512804683294771,0.474589042011966,0.532149851699079
"ENSG00000169413",0.0862741888603211,3.82766844389767,0.512766091928503,0.474605650296842,0.532149851699079
"ENSG00000224086",0.0746987599252296,1.35033320515534,0.512702547423377,0.474632999543646,0.532149851699079
"ENSG00000237484",-0.101033075448946,-0.831008586811795,0.512646082459576,0.474657303942938,0.532149851699079
"ENSG00000113971",-0.0570957597903356,2.36273652602567,0.512025920300085,0.474924375769755,0.532416453803026
"ENSG00000173988",0.131764426916432,-0.357541444295474,0.511675392154148,0.475075438416543,0.532552978361792
"ENSG00000211666",-0.225756063866226,6.65432807986205,0.510978195224416,0.475376133286484,0.532857211402353
"ENSG00000174943",0.0589038576860227,4.70236191392109,0.510806379695498,0.475450283442395,0.532907484763066
"ENSG00000186132",0.0563519405410088,3.18911088885309,0.510677757069442,0.475505805246173,0.532936873663877
"ENSG00000215012",-0.0610788456245338,5.26354323399064,0.510233042098023,0.475697854331309,0.533119266410614
"ENSG00000268416",-0.214516624569638,1.88169236633227,0.510136315022407,0.47573964243188,0.533133248093102
"ENSG00000215244",0.134125921081331,-0.542194854336751,0.510019906707794,0.475789941173911,0.533156764837107
"ENSG00000164951",0.0822748025532994,5.74123627475352,0.509572876785592,0.475983178485901,0.533323930453172
"ENSG00000279331",-0.0914274304712148,-0.654681211423512,0.509539143078152,0.475997765727201,0.533323930453172
"ENSG00000142156",-0.110046078608562,9.40065262500037,0.50917950215215,0.476153328199668,0.533465364869753
"ENSG00000182372",-0.0652606992654638,3.67015212387724,0.508411758093151,0.476485693222734,0.533804852992614
"ENSG00000197629",0.0969322545023749,5.44124891529901,0.507976446525615,0.476674312804361,0.533983271820997
"ENSG00000231205",0.148446185504249,2.2321970456378,0.506776105314402,0.477195050535834,0.53453369336366
"ENSG00000113387",0.0692910956606073,7.89044429169026,0.506561499639609,0.477288249770995,0.534605166081713
"ENSG00000114738",0.0527333404119684,5.61186096595041,0.505461347186244,0.477766493246643,0.535103538534573
"ENSG00000100271",0.0573216709056058,3.27234817652528,0.505402649994749,0.477792031328429,0.535103538534573
"ENSG00000250326",-0.0817234329388736,-0.770900160304321,0.504900696522539,0.478010513444174,0.535284255427265
"ENSG00000197540",-0.161246803106228,0.692921511605648,0.50489669906327,0.478012254049353,0.535284255427265
"ENSG00000154370",-0.0606447283030402,5.06171532798262,0.50357012929195,0.478590453288964,0.53589873572737
"ENSG00000102100",-0.0525900032295072,6.06438215888679,0.502863451075931,0.478898934322512,0.536211143650446
"ENSG00000081148",0.0921125548211892,-0.844476519052735,0.502333167770959,0.479130629138167,0.536437542798707
"ENSG00000105750",-0.0709517874433669,3.27397499375383,0.500852248370559,0.479778656925614,0.537130014290475
"ENSG00000258741",-0.0774185278454852,-1.16224634686553,0.498917687824665,0.480627361971577,0.538047052350529
"ENSG00000162493",0.107025488601162,4.50894011413387,0.498755903666002,0.48069844959951,0.538093513128748
"ENSG00000131115",-0.0521172258210004,3.44390543714122,0.498224680260642,0.480931989735549,0.538321806222547
"ENSG00000144827",0.04556322233703,5.14882650966983,0.497790386906937,0.481123055526696,0.538502531318126
"ENSG00000177125",-0.0543008940649311,4.10544960053419,0.497552104560549,0.48122794006296,0.538586780743653
"ENSG00000268043",-0.0659197892725314,3.49405985618011,0.496509676667732,0.481687227545772,0.539067640573622
"ENSG00000235162",-0.0982654124337683,4.19411943501684,0.494811016934502,0.482437195874614,0.539856162418615
"ENSG00000213903",-0.0803874984260167,3.39378697960886,0.494779384324888,0.48245118011613,0.539856162418615
"ENSG00000139438",0.111572965949515,3.46625787712849,0.493540407513539,0.482999437404774,0.540436405261029
"ENSG00000100342",0.108806194192656,6.74834482142165,0.493281647233683,0.483114070757763,0.540478263256302
"ENSG00000154027",-0.206719135510329,2.9610412110848,0.493266730701026,0.483120680298218,0.540478263256302
"ENSG00000157782",-0.0908353650658595,-1.25418675063007,0.493250084536805,0.48312805641761,0.540478263256302
"ENSG00000115760",0.060369556763173,7.18064843776511,0.493187677076977,0.483155711583693,0.540478263256302
"ENSG00000108591",-0.0541360898104874,4.48851917671375,0.493089740314917,0.483199116432819,0.540493575011077
"ENSG00000277147",-0.14668891185274,2.4251925304193,0.492890117765861,0.48328760761637,0.540559314145904
"ENSG00000177479",0.0427796773852032,5.84222188473465,0.49219881266679,0.483594265002073,0.540869050046593
"ENSG00000161677",-0.0909830927743134,3.81559715307578,0.491667798900063,0.483830036889308,0.541099471865138
"ENSG00000204673",-0.0541515356750349,5.9594011434347,0.491325605795977,0.483982072487324,0.541236223216887
"ENSG00000130347",-0.0915549472108803,3.53074495132321,0.491132925841728,0.484067714514614,0.541298714515327
"ENSG00000101132",0.0765537126941245,4.71549239458404,0.489939545045988,0.484598705223063,0.54185916946988
"ENSG00000138433",-0.0459481375459983,5.5391445702432,0.489755237106352,0.484680798357873,0.541917646802299
"ENSG00000143476",0.0693004023982796,5.58898649884074,0.488807147917517,0.485103453730742,0.542356873398988
"ENSG00000153395",-0.0795865845772854,6.93269736441696,0.488605535741247,0.48519341058129,0.542424104225982
"ENSG00000164733",-0.0602512667884483,10.1523658094265,0.488395542181295,0.485287136499656,0.542495540175522
"ENSG00000106608",0.0454149545310568,5.33171181118056,0.487449137977184,0.485709915529522,0.542934788498
"ENSG00000002933",-0.134074361740103,5.71687910561595,0.487152367426381,0.485842615117656,0.543049747035394
"ENSG00000204381",-0.0936846147894127,2.84611885073236,0.48680485314598,0.485998081009598,0.543190136877193
"ENSG00000137877",0.127126910837096,2.95859176949453,0.486463269482335,0.48615097422702,0.543327634216605
"ENSG00000100239",-0.0541117432219043,5.79736793604116,0.485328526693074,0.486659460115515,0.543850118960553
"ENSG00000147592",0.0718092600663411,3.66890533575671,0.485286568329678,0.48667827887629,0.543850118960553
"ENSG00000086848",-0.0545790391265659,2.84733580559301,0.485003090980262,0.486805453094333,0.543958811874408
"ENSG00000089053",-0.0390254168699126,7.14525620077829,0.484205983665068,0.487163349288268,0.544325285468425
"ENSG00000125304",-0.0613852734779419,8.43450651484883,0.483908160037868,0.487297182520176,0.544441375740338
"ENSG00000084733",-0.0399478997125214,7.7624499527699,0.483761033381938,0.487363319507649,0.544481821572796
"ENSG00000242294",-0.118191473220512,1.42752563597419,0.483640354995339,0.487417578506982,0.544508993175173
"ENSG00000100206",-0.129144202348389,0.755241806280992,0.483415115606162,0.487518876752394,0.544583284788644
"ENSG00000117139",-0.0609364968745556,7.7289445855304,0.483359344365559,0.487543964493814,0.544583284788644
"ENSG00000175066",-0.0604238332977943,5.31377678194222,0.482329767567501,0.488007488349741,0.545050825413813
"ENSG00000179241",0.100325403470749,6.54995025390484,0.482296516652241,0.488022470412576,0.545050825413813
"ENSG00000165804",-0.0901055948160747,3.79504244467022,0.482104118132183,0.488109175602072,0.545114189233113
"ENSG00000112599",-0.111736258259012,0.562014103690607,0.481357631424122,0.488445826004795,0.545456663803968
"ENSG00000205560",0.111493949192144,-1.31989361029657,0.480501058662301,0.488832600068097,0.545855066922798
"ENSG00000212907",0.0906075905838838,9.0256117704232,0.480414757988907,0.488871596309898,0.545865098758943
"ENSG00000256751",-0.11078009115961,2.30787693487379,0.47994279758901,0.489084950451363,0.546069802259631
"ENSG00000287817",-0.0975865443513345,-0.415054159101103,0.478444059768857,0.489763500382761,0.546793845986229
"ENSG00000140931",0.0671504516976537,5.78178814727195,0.477636280854604,0.490129872740145,0.547169293235806
"ENSG00000177030",-0.0677718467181015,5.10034096593738,0.477241821148263,0.490308948507322,0.547335613788201
"ENSG00000269113",0.142295491901763,1.33555348916722,0.477132819993028,0.490358451853843,0.547357280122603
"ENSG00000092421",-0.132423401373538,4.49134167159255,0.477000160542469,0.490418710994887,0.547390949099417
"ENSG00000238832",0.099115661128555,-1.43595416956852,0.476519444883582,0.490637174754835,0.547601186453175
"ENSG00000229337",-0.0800691342543846,-1.33725355837022,0.47612352150939,0.49081722651793,0.547768528926067
"ENSG00000230513",-0.089656461088684,0.371007807092651,0.475665662540233,0.491025582300085,0.547967437162471
"ENSG00000222009",-0.0807472576469786,1.98527486480972,0.475299405885473,0.491192359666772,0.548119923775645
"ENSG00000198663",-0.0434079971642696,7.12481366966158,0.474599020333104,0.491511549128383,0.548442457395523
"ENSG00000164932",0.0933605725236125,6.67424370364678,0.474350793393148,0.491624757987238,0.548535126573332
"ENSG00000134278",-0.0856560177395217,5.10273353648557,0.473944200627757,0.491810287195896,0.548708471569069
"ENSG00000185527",-0.0889721008133491,0.0912990282233239,0.473147818995274,0.492174018301946,0.549080601415432
"ENSG00000170356",-0.112968766652397,0.374372723282127,0.473035214023089,0.492225484742295,0.54910433737076
"ENSG00000149761",0.0674331889907965,3.56175980182243,0.472906567718214,0.492284293973564,0.549136261195411
"ENSG00000211664",-0.235738045844156,2.00487727996719,0.472803808263532,0.492331277788871,0.549154990826934
"ENSG00000235863",-0.0768327070403301,3.34487539861813,0.472416457752571,0.49250845037454,0.549318924106957
"ENSG00000183513",0.0386907103438555,4.7424661279698,0.472232092369326,0.492592815963889,0.54937933141717
"ENSG00000004779",0.0522002621370178,5.98298439182693,0.471525069760966,0.492916574545827,0.549678798935263
"ENSG00000169188",-0.0505810035879073,5.67542907180372,0.47151372336413,0.492921773181996,0.549678798935263
"ENSG00000164039",-0.0622218012187152,3.81400454469206,0.471335838247152,0.49300328775119,0.549710086016692
"ENSG00000162813",-0.0552106926408545,5.98763583048415,0.471320587660177,0.493010277276462,0.549710086016692
"ENSG00000145675",0.0885424693389728,6.93608347562033,0.470985042299187,0.493164103847271,0.549847895590889
"ENSG00000176124",0.0930765234039857,2.37669510802002,0.470588294920241,0.493346091817307,0.550017084588279
"ENSG00000268583",-0.0769479307944517,-1.47963153768073,0.469940913862262,0.493643287953651,0.550314687177506
"ENSG00000001084",0.0561611353676107,5.30191168959989,0.469255785820633,0.49395814090016,0.550631935933569
"ENSG00000180938",0.131748279381051,2.36178320262552,0.469006097336809,0.494072970128868,0.550726186229322
"ENSG00000143553",0.0467563765348489,5.37543062377635,0.46882777649623,0.494155005601186,0.55078387313852
"ENSG00000147224",-0.0600963964627505,5.53025408091984,0.467603412532344,0.494718887147438,0.551378584437625
"ENSG00000137843",0.117968967348925,3.80436356093767,0.467422031152193,0.49480251464244,0.551437998548818
"ENSG00000185291",-0.0704886768518635,3.0188755755807,0.466611950228382,0.495176300696974,0.551820755902001
"ENSG00000231160",-0.106430078822975,0.876925710187304,0.46635409417207,0.495295380083387,0.551919640543846
"ENSG00000211942",0.242574109497283,1.90544326683514,0.466170181895563,0.495380341330882,0.551948666857245
"ENSG00000169499",-0.0842788985895742,5.20191064247029,0.466166327582239,0.495382122156239,0.551948666857245
"ENSG00000288547",-0.109806713493577,-1.21658398655225,0.465171403289649,0.495842173021676,0.552427408448284
"ENSG00000135070",-0.0449644935748282,5.19284977926471,0.464703888403641,0.496058600080123,0.552630238266993
"ENSG00000182287",0.0673682529589497,5.05373699926581,0.464646893669807,0.496084995611678,0.552630238266993
"ENSG00000054282",-0.0459901530577983,4.9557674228525,0.464257151518146,0.496265557499861,0.552797523261115
"ENSG00000142347",-0.0766138204391377,4.51914602964816,0.463831813106902,0.49646273739106,0.552983297670929
"ENSG00000149634",0.0928436402954751,-0.96454620706732,0.462707931336774,0.496984388432006,0.55353043826095
"ENSG00000144591",-0.0508437335349097,5.60914870273768,0.462525702215692,0.497069057651381,0.553590840766844
"ENSG00000165457",-0.133896625338998,3.45950044411274,0.461729845139725,0.497439123495331,0.553969065523701
"ENSG00000198836",-0.0463025319195321,6.80511947130845,0.461357806036039,0.497612278122546,0.554127968805049
"ENSG00000171425",-0.0600230808195478,4.25252445350023,0.460968251683651,0.497793694157522,0.554296051753215
"ENSG00000132837",-0.100279844684251,0.321351916980552,0.459243633825596,0.498598199793868,0.55515788539032
"ENSG00000226121",-0.0937144939111404,-0.00113730355102223,0.459120177254994,0.498655874817183,0.555188115277603
"ENSG00000122035",-0.116578590337822,2.21011596982199,0.458967997682503,0.498726983904592,0.555233297622373
"ENSG00000233937",-0.0694670994127184,0.0160923237721278,0.458743574402134,0.498831881787527,0.555316089236843
"ENSG00000154328",-0.0656618776315748,4.48366448399296,0.458569212737719,0.498913406183905,0.555346311303136
"ENSG00000170476",0.167996105265004,4.62751691911563,0.458554904502076,0.498920097135102,0.555346311303136
"ENSG00000110200",-0.0582381249321005,2.06872856840434,0.457914507781131,0.499219721564439,0.555645817013281
"ENSG00000175463",-0.118895554658437,3.11149020405745,0.457278851033001,0.499517430713766,0.555943154437766
"ENSG00000140807",-0.112122593944076,2.25133824783088,0.45707947914948,0.499610868485471,0.556013123417595
"ENSG00000064687",0.0781930684806844,4.09516405378927,0.456833990480046,0.499725960208675,0.556107180878327
"ENSG00000137841",-0.0749008510453489,4.01556717568015,0.456151010412787,0.500046397053948,0.556429725886644
"ENSG00000135414",0.0802394811803357,3.4969983225895,0.455978731816771,0.500127280989418,0.556451834839432
"ENSG00000151773",-0.0779294609936379,1.90509948636935,0.455978362103138,0.500127454592049,0.556451834839432
"ENSG00000156411",-0.0625672680709206,5.99280464222016,0.455661805195315,0.500276134609482,0.556583211174287
"ENSG00000244055",-0.0832559293802344,0.76363833576579,0.45521823137481,0.500484598368791,0.556781079890609
"ENSG00000104131",0.0432662558717906,6.44257180407152,0.454996533309919,0.500588843934028,0.556862990426429
"ENSG00000141524",0.0830875114636622,6.12304226167025,0.453238010481153,0.501417038478093,0.55775017404682
"ENSG00000257556",-0.128478595420516,-0.48921463952983,0.452684466314461,0.501678219395874,0.558003979657609
"ENSG00000198018",0.057456430263654,4.9297635750654,0.452624411758007,0.501706569130244,0.558003979657609
"ENSG00000188786",-0.0515044387802006,5.065584875852,0.451598949291968,0.502191077781918,0.55850870262306
"ENSG00000284602",-0.0795329195345519,-1.08841021133201,0.451367864385693,0.502300370681189,0.558596095502872
"ENSG00000268362",-0.116513371392078,2.89642635138458,0.450983595366651,0.502482202857033,0.558745536587894
"ENSG00000173200",0.138109458221758,1.82020688064797,0.450954041499394,0.502496192102935,0.558745536587894
"ENSG00000248508",0.067370761209377,1.74102396332601,0.450591596485395,0.502667808657024,0.558902194880423
"ENSG00000099889",-0.0775645237339016,4.03734389711498,0.450372606869258,0.502771548101533,0.558983367985249
"ENSG00000136710",-0.0459332178326728,5.53668883687078,0.450009669875377,0.502943558720918,0.559140430685579
"ENSG00000163959",0.0763910691950396,1.8795886791232,0.44837206490772,0.503720940029945,0.559970445404599
"ENSG00000126106",0.0572536395062979,2.78969322566844,0.447940298666521,0.503926244938464,0.560164438512455
"ENSG00000269609",0.0589525761735529,3.66908133496986,0.44660473993716,0.504562212083654,0.560812070135597
"ENSG00000131269",-0.0420822699935314,4.84210835203053,0.446587300756193,0.504570525384809,0.560812070135597
"ENSG00000151650",-0.105619790801933,-0.407579341184294,0.446198793205994,0.504755788853678,0.560983702271353
"ENSG00000117758",-0.0408292797618371,5.9712371633482,0.443418908696305,0.506084818133906,0.56242641282045
"ENSG00000164483",-0.119240612722893,0.571288545165626,0.44309396456343,0.506240562666836,0.562554926045786
"ENSG00000168385",0.0409701705720207,8.73426250693709,0.443048589280441,0.506262317435531,0.562554926045786
"ENSG00000166337",0.0638260337319113,0.922188508887542,0.442917314308948,0.50632526509278,0.562590501649917
"ENSG00000112511",-0.0474317071621615,5.42982978436214,0.441784061388501,0.506869231843941,0.563160512448234
"ENSG00000060237",-0.0612773426698882,8.5302528129493,0.440959450616735,0.507265681988585,0.56353486142696
"ENSG00000006468",-0.105329729039565,3.77780336090223,0.440954361912956,0.507268130156267,0.56353486142696
"ENSG00000257303",-0.0691178025821482,-1.0065248702447,0.440467863763517,0.507502277788273,0.563760546534728
"ENSG00000281404",0.100909974381816,1.64662222242607,0.440215314140172,0.507623901387924,0.563861214024891
"ENSG00000008118",0.139418217313919,-0.585120835486166,0.439661892910103,0.507890595534432,0.564107089441487
"ENSG00000019991",0.112132028735956,2.36797505014693,0.439627277338877,0.507907284841313,0.564107089441487
"ENSG00000269906",0.0689386777988087,-0.0297783010231856,0.439434412005233,0.508000288902385,0.564175932988739
"ENSG00000106785",-0.0687813408118822,6.20310362298699,0.439225768986183,0.508100934432667,0.564240619670412
"ENSG00000100228",-0.120316985005711,3.80801515547232,0.439185051042736,0.508120580029782,0.564240619670412
"ENSG00000102921",0.0457569567126095,6.02366731410621,0.438368187169731,0.508514977908644,0.564622629250532
"ENSG00000213088",0.172055560896352,3.15561683265874,0.438323972904325,0.508536340508442,0.564622629250532
"ENSG00000258102",0.0732699309909659,0.512138992455628,0.438263136301209,0.508565736905193,0.564622629250532
"ENSG00000165650",0.0609199771868068,5.370192963187,0.438215474526036,0.508588769244088,0.564622629250532
"ENSG00000172346",0.136605335853175,0.399405382176942,0.437807189879006,0.508786144859455,0.56480727555565
"ENSG00000114023",-0.0712869937570918,5.90259067569994,0.437480362898344,0.508944237127471,0.564948293248364
"ENSG00000258405",-0.14129657131809,0.981745607692326,0.437380813489138,0.508992407899424,0.564967283954274
"ENSG00000132394",-0.0519442683376093,4.52798518769119,0.437146069497213,0.509106028943406,0.565035936593573
"ENSG00000242445",-0.080144462595656,-1.72916414358018,0.437124664665259,0.509116391516136,0.565035936593573
"ENSG00000215492",-0.0625375856384589,-0.985434627688719,0.436904752760487,0.509222877075904,0.565119634404572
"ENSG00000206560",0.0501823041429749,6.07734549549982,0.436539722932413,0.509399716611024,0.565281393881715
"ENSG00000011523",0.0397166875625616,4.982341256673,0.435731118347362,0.509791825731447,0.565682003929203
"ENSG00000273270",0.0628436216754106,3.60544683452567,0.434220792020905,0.510525616234191,0.566461683020221
"ENSG00000211450",0.0702204238071123,2.98037382637552,0.434087297702701,0.510590562386939,0.566499185548322
"ENSG00000169016",-0.0498063396568412,4.04981337686119,0.432764118462439,0.511235076747471,0.567179674019947
"ENSG00000154118",-0.184817668086464,0.318712663534166,0.431778395232179,0.51171613673764,0.567678749312851
"ENSG00000123836",-0.0803562116769359,5.21488086038833,0.431643794040545,0.511781886856608,0.567717062585264
"ENSG00000160221",-0.160127951168275,0.681207686194136,0.429894530291026,0.512637707060747,0.56860103687994
"ENSG00000175470",0.0407988734583961,5.14245544413047,0.429880344885521,0.512644657392146,0.56860103687994
"ENSG00000224046",-0.0715090426137588,-0.388510016236925,0.429823413102638,0.512672553540474,0.56860103687994
"ENSG00000271009",0.0848002972490319,-0.532067984936026,0.429484530787315,0.512838658059104,0.568750580047499
"ENSG00000269843",0.107420636967036,-1.0073594887241,0.427748044804892,0.51369127710793,0.569661419915799
"ENSG00000127586",-0.0812390545359495,4.52222287685893,0.427599746030426,0.513764206749305,0.569707559587633
"ENSG00000163719",-0.0358889605609867,5.5367828738266,0.427431292535087,0.513847069899732,0.569764708122681
"ENSG00000189180",-0.0500784041920384,6.19156240367102,0.426997831742732,0.51406039878753,0.569966504093367
"ENSG00000223374",-0.0750737758191664,-1.41796496160064,0.426917531584154,0.514099935699767,0.569975594666709
"ENSG00000122965",0.040193478981594,4.8756660813949,0.426731707469443,0.514191449178667,0.570042306330708
"ENSG00000184574",-0.0819778761847139,2.80467428924527,0.426488841306494,0.514311097258275,0.570140198508777
"ENSG00000154144",0.0428500188340701,4.19254129418745,0.426365383923726,0.514371937214972,0.570172890910892
"ENSG00000165092",-0.122915130362462,4.40272145606878,0.42563211572755,0.514733552020348,0.570538963017009
"ENSG00000198393",-0.0506435136029059,4.12452854574265,0.425128776092535,0.514982033728986,0.570779599601633
"ENSG00000114648",0.037427753979858,4.53088916252926,0.424525035644299,0.515280356775757,0.571075445069616
"ENSG00000108883",0.0414115854474631,7.03368477110961,0.42420187089605,0.515440164723194,0.571217750181906
"ENSG00000128951",0.0509952223872037,5.74335599338303,0.424045724135151,0.51551741182428,0.57126854848352
"ENSG00000172965",-0.0754308712237564,4.19174794304729,0.423212051353965,0.515930179947879,0.571691124216646
"ENSG00000275854",0.0861429706415412,-1.46533938272546,0.421909900282793,0.516576060960064,0.572371940100009
"ENSG00000279452",-0.0796461345620692,-0.862786151344069,0.420681477763927,0.517186673139927,0.573013597165508
"ENSG00000080802",0.0318649100402872,5.0212129510693,0.419608544370036,0.517721034148703,0.573570699220114
"ENSG00000234420",-0.0664854319850563,4.3181456481595,0.418888348495578,0.518080263298664,0.573933720847613
"ENSG00000267523",0.0837211345232763,0.270388331109443,0.418366076612341,0.518341043594833,0.574187642420539
"ENSG00000183742",-0.118223228898406,4.93166883505536,0.41781330403607,0.51861730524993,0.574458681357231
"ENSG00000272447",-0.0733226531872414,-0.0878086364320153,0.416827338024825,0.519110710251771,0.574970196581159
"ENSG00000178338",0.0542217237894844,3.00604567010671,0.415288055881583,0.519882666658271,0.575790155960335
"ENSG00000282386",-0.0607325916922197,-0.114522994327194,0.413389796679889,0.520837446391575,0.576812487059001
"ENSG00000222019",-0.0850396978263223,-1.16625014631686,0.413262483724627,0.520901592714206,0.576829272374328
"ENSG00000186230",0.0582937611074095,2.90158597127276,0.413233828551143,0.520916032480115,0.576829272374328
"ENSG00000130803",-0.0449238406256133,5.43773486800085,0.413080694528114,0.520993210984023,0.576879612892817
"ENSG00000183098",0.116322312847666,4.3054682472234,0.411227606530484,0.521928761525984,0.577880338140537
"ENSG00000235944",0.0582488322498216,0.936205045853881,0.411128599968054,0.521978829741991,0.577900593824406
"ENSG00000172578",0.0918027956907989,3.50986906218042,0.410554879149174,0.522269131522501,0.57818680163925
"ENSG00000034677",-0.0641827442382827,6.74019214059058,0.409827850333897,0.522637418459457,0.578559304135156
"ENSG00000095370",-0.0597613729710518,3.77878052800442,0.409393439755015,0.522857695423558,0.578767924311586
"ENSG00000173614",0.0495980075998726,3.39641042842144,0.408977241550672,0.523068892082507,0.578966468427254
"ENSG00000254332",-0.0761947055154929,0.269463996133575,0.40862669360634,0.523246892593124,0.579128246971565
"ENSG00000166825",0.167622768388591,6.55573264956928,0.407900898268032,0.523615777793341,0.5795012636306
"ENSG00000139344",0.173608731332076,0.621661868202285,0.40744280147019,0.523848843401149,0.579723928432011
"ENSG00000109519",0.0452925678126583,5.5015506532704,0.407115465424513,0.524015495011852,0.579846659680637
"ENSG00000232593",-0.0623155398663033,3.47068666483404,0.407099733009955,0.524023506992007,0.579846659680637
"ENSG00000128585",-0.0475571701217085,5.69752965406275,0.406667121856136,0.52424390649577,0.580055248287204
"ENSG00000233276",-0.0651309584325561,7.34565697886632,0.40605802291864,0.524554499936393,0.580363601486898
"ENSG00000253537",0.144891066779066,0.350424915382131,0.405749791310617,0.524711799184252,0.580502323817711
"ENSG00000214756",-0.0809636819782116,1.78555998123921,0.405453786468794,0.524862937901348,0.580634214132335
"ENSG00000148985",0.0517742375361984,5.25369452828819,0.404678587545726,0.525259118903725,0.581037152087395
"ENSG00000114346",0.065643025911529,6.47710177960001,0.404548388149228,0.525325712235604,0.581075476138245
"ENSG00000162063",0.0540542267729262,5.11200810058227,0.403929851867417,0.525642282038238,0.581388302038176
"ENSG00000261118",-0.0838855707682076,-1.41756770481738,0.403870930859644,0.52567245585099,0.581388302038176
"ENSG00000029559",-0.163173231662481,2.10942540483567,0.403659013417627,0.525781005650233,0.581472998344062
"ENSG00000283078",0.0884255853359732,0.126292807113056,0.403512419462465,0.525856118428202,0.581488083080421
"ENSG00000228168",0.103041439194622,0.977609397459981,0.403507601216528,0.525858587558102,0.581488083080421
"ENSG00000250731",-0.081522397501571,-0.825569587417446,0.403134067518153,0.526050069481836,0.581664457640928
"ENSG00000071127",-0.0387184325615598,8.42441496353603,0.403030511382973,0.526103176779784,0.581686537189124
"ENSG00000198886",-0.0759634344783197,13.0211370529046,0.402970413110701,0.52613400172082,0.581686537189124
"ENSG00000110841",-0.0714327887953236,6.23365581002257,0.402283598429329,0.526486504461193,0.582040879111365
"ENSG00000155465",0.0710907777321275,4.69203619166918,0.4021641277025,0.526547865070731,0.582073334340634
"ENSG00000164620",0.083245543502365,0.704988335305089,0.401947206821059,0.526659309138402,0.582133410041936
"ENSG00000244932",-0.07628890785169,-0.258017066039333,0.401886510148089,0.526690499877936,0.582133410041936
"ENSG00000095059",-0.088473029560332,0.639708547404193,0.401848072008505,0.526710254135674,0.582133410041936
"ENSG00000100412",-0.0544765730650955,6.4173265369552,0.401809193965786,0.52673023581813,0.582133410041936
"ENSG00000130669",-0.0601931510114172,6.64090932692242,0.401252000562386,0.527016758923369,0.582396550334281
"ENSG00000091317",0.0496938080349195,7.03814817461723,0.401164961544266,0.527061541802845,0.582396550334281
"ENSG00000103042",0.0428506239346456,4.83526354867175,0.401159416342101,0.527064395123282,0.582396550334281
"ENSG00000270820",0.0539194793881049,0.689956039390902,0.399908284017834,0.527708881484991,0.583073272367962
"ENSG00000137203",0.0740575429544011,6.77968806638885,0.399756043627908,0.527787400290055,0.5831246043297
"ENSG00000134121",-0.186812534956633,2.98517510462396,0.399669597797013,0.527831994517675,0.583138450846594
"ENSG00000272148",0.0748283961013961,-1.7321740339284,0.397510399865788,0.52894804235709,0.584332724702906
"ENSG00000172508",-0.109491271025759,0.921665780241643,0.397439175301309,0.528984929140025,0.584332724702906
"ENSG00000101868",0.0485883135797671,5.25018479311103,0.397391963729374,0.529009382282717,0.584332724702906
"ENSG00000255517",-0.0671650839384882,0.729535986745001,0.396275397678472,0.529588298365356,0.584936659419997
"ENSG00000015413",0.12360832828616,0.344410859727716,0.396190855525317,0.529632178095802,0.584949602575081
"ENSG00000276043",-0.0683980045323444,5.06431643899295,0.394479644535565,0.530521753157447,0.585896511410993
"ENSG00000057704",-0.0817850896183313,3.60395974835044,0.394365033855599,0.530581429819399,0.58592683943869
"ENSG00000118961",0.0697171705344656,4.1630812553007,0.394205816260058,0.530664352949711,0.585982833552871
"ENSG00000157600",0.0743056846876164,6.2750390370069,0.394031477443855,0.53075517826054,0.586047546272627
"ENSG00000115514",-0.0417622054619414,4.93986858179971,0.393919001967027,0.530813789497015,0.586076683261804
"ENSG00000128594",-0.102130538120066,1.6748249913749,0.393223825713307,0.531176306694665,0.586441341881908
"ENSG00000076924",-0.0513418913482679,5.908964412853,0.392814652901035,0.531389889101878,0.586641535841272
"ENSG00000276317",-0.0990304994778031,-1.14756776995497,0.392587944097268,0.531508294641765,0.586705390746535
"ENSG00000148426",-0.0949073034440522,3.5765949521495,0.392580380808317,0.531512245619675,0.586705390746535
"ENSG00000183307",0.125850377073227,1.22943274576666,0.391167838899559,0.532251073270575,0.587485284661077
"ENSG00000288598",-0.0894725966690988,-1.59055987323153,0.389770894822455,0.532983571177576,0.588258097735163
"ENSG00000163132",0.107943363511782,1.79169830318976,0.388269547741853,0.533772851619945,0.589093484542692
"ENSG00000164308",0.127503826651039,5.53313651191878,0.387951987918217,0.533940069125936,0.589236543068332
"ENSG00000171533",-0.126473282719695,2.46459935092745,0.387865975683569,0.533985376955825,0.589236543068332
"ENSG00000254837",-0.0565445578242996,2.75290420428356,0.387838850675591,0.533999666780037,0.589236543068332
"ENSG00000131871",-0.0535013578425726,6.20678141021155,0.387646528601626,0.534101004580392,0.589301324339799
"ENSG00000244459",-0.109773371885167,-0.359121886989244,0.387604459118299,0.534123176365823,0.589301324339799
"ENSG00000141522",0.0531016596486562,7.31644924963016,0.386357335681781,0.534781205053778,0.589991541763806
"ENSG00000251143",0.0960088075906785,-1.05412676807624,0.385395981796796,0.53528945749312,0.590491587836097
"ENSG00000278864",-0.092017365881146,0.861963073632626,0.38537721163725,0.535299389720781,0.590491587836097
"ENSG00000197149",-0.0887421514940622,2.1469807066627,0.384849438215785,0.535578798318165,0.59076397500217
"ENSG00000238058",-0.0676382343305987,0.580652910096173,0.384726473215874,0.535643935369505,0.590799993723502
"ENSG00000161929",0.0913498279396334,2.08273578254831,0.384379629542115,0.535827743241927,0.590946837461004
"ENSG00000274211",0.0795561235299893,5.30515323967671,0.38435263797591,0.535842052089667,0.590946837461004
"ENSG00000172020",-0.137578927280458,-0.91832589910899,0.3838053773432,0.536132317705677,0.591231103767105
"ENSG00000196787",-0.139435236662974,2.61737418104141,0.382390051037125,0.536884334050226,0.592024509985783
"ENSG00000254221",-0.170872458646864,1.43519192186745,0.382207553875457,0.53698144177843,0.592095693426255
"ENSG00000244734",-0.158408785110724,2.31744397072582,0.381960372893841,0.537113019258641,0.592204873561843
"ENSG00000240809",0.0560508769251691,-0.0882076490675874,0.381610799799077,0.537299201866996,0.592337556006205
"ENSG00000169609",0.0400463429484373,3.9546310946577,0.381582129501586,0.537314476896444,0.592337556006205
"ENSG00000228696",0.146026070772986,0.705294379920573,0.381551003932908,0.537331060949328,0.592337556006205
"ENSG00000120068",0.175059636524153,0.750008775090331,0.380835674265743,0.537712454572555,0.592722068107008
"ENSG00000053918",-0.0891925754026531,3.14666975410697,0.380537683325,0.537871480999448,0.592861432423366
"ENSG00000204956",-0.146164301671315,0.939745338589739,0.380124529327477,0.538092107931755,0.593068674043313
"ENSG00000121931",0.0499760518907829,4.62103450217811,0.380008705821822,0.538153988157289,0.593100935381735
"ENSG00000125962",0.0495348244839015,3.62595279309423,0.379515530318928,0.538417619494384,0.59335552977241
"ENSG00000172156",0.12110069996417,0.630339996804532,0.379090309370703,0.538645115023501,0.593570272768702
"ENSG00000170537",-0.088659845252397,2.1122958317687,0.378793197465957,0.538804176034418,0.593709581589361
"ENSG00000242588",-0.0890225723169812,0.437449322096647,0.378696646810328,0.538855883656893,0.593730587747717
"ENSG00000138182",-0.0568794234930723,4.90679418233121,0.378563206998995,0.538927362207123,0.593773374353232
"ENSG00000254585",-0.118208658074015,-0.176279985575125,0.378487183059502,0.53896809306489,0.593782280977904
"ENSG00000237977",0.0837419610190181,-1.05087918164922,0.377334897719262,0.539586137473384,0.594427175552145
"ENSG00000101443",0.213569774952557,6.30510546292345,0.376193797934675,0.540199465442896,0.595066796528095
"ENSG00000267475",-0.116471598574188,0.928305403163265,0.376116348371359,0.54024114009912,0.595076662798135
"ENSG00000006607",0.053992936219832,5.42800360928759,0.375918543843837,0.540347603101036,0.595157888039826
"ENSG00000168758",-0.0690498027257531,6.11116621939767,0.375057690519934,0.540811383994816,0.595632642127753
"ENSG00000144935",-0.0798578771130544,2.27684721535062,0.374986727115418,0.540849647880398,0.595638716055022
"ENSG00000110697",-0.0773176630254146,4.84043907836197,0.37444361373037,0.541142662886238,0.59592533013895
"ENSG00000019582",-0.0882126479333317,11.1391345932314,0.374080998697463,0.541338460013148,0.596104856252294
"ENSG00000175643",0.0695709197171965,4.66966910543704,0.373749653841233,0.541517486662719,0.59626589462535
"ENSG00000002549",-0.0565254408021597,7.34798495267888,0.373647655757164,0.541572618502422,0.596290500957809
"ENSG00000187642",0.124270822952854,-1.52710347434517,0.373463688752943,0.541672082207899,0.596363912300076
"ENSG00000100823",0.0415531376897495,7.30624282649582,0.373282228042225,0.541770223849296,0.596435859292476
"ENSG00000138413",0.0736732604960125,6.98075883271251,0.372311232154399,0.542295937235276,0.596978483623968
"ENSG00000279500",0.107665162904744,-1.28471351015902,0.372189828087502,0.542361733622447,0.597014780071722
"ENSG00000107185",0.0584399423124628,5.27899968040374,0.371902457485597,0.542517536297501,0.597150142228211
"ENSG00000266053",-0.0633812296490388,0.221501497311824,0.371411976275803,0.542783649700585,0.597406899894357
"ENSG00000105499",0.0800641844637716,3.17004684906791,0.371022946677568,0.542994891483241,0.597603236493839
"ENSG00000204520",0.0687036688117291,3.93210558296984,0.370086382513173,0.543504066571144,0.598127425594238
"ENSG00000110665",-0.126981744197297,0.252005068579756,0.369503408750606,0.543821453933542,0.598440501218735
"ENSG00000184640",-0.0510196165318679,8.70149408918849,0.368970975330108,0.5441116256401,0.598723591695936
"ENSG00000101558",0.0419967215767649,7.49243079116663,0.368842415612967,0.544181732582465,0.59876451011554
"ENSG00000126822",-0.0506755110322091,5.30531818142894,0.368675394786418,0.544272838362481,0.598828527260106
"ENSG00000110422",0.0521083185442428,6.96135746713421,0.368603862648382,0.544311866040994,0.598835241927994
"ENSG00000171132",0.0774120155198961,3.78425147110449,0.368344360777577,0.544453492880963,0.598930806915054
"ENSG00000169612",0.0459327082426068,2.23972837113124,0.368324033029475,0.544464589923769,0.598930806915054
"ENSG00000116127",-0.0501808345655714,5.68663951726309,0.367011803824533,0.545181832576332,0.599683530142022
"ENSG00000275632",-0.0754742699740705,-0.831275960994266,0.366612226936272,0.545400583039155,0.599860029578395
"ENSG00000171155",-0.0489698678658136,5.1554595611389,0.366553729776515,0.54543262129521,0.599860029578395
"ENSG00000266777",-0.0671335900802581,-1.00190310864211,0.366538004808903,0.545441234284555,0.599860029578395
"ENSG00000189223",-0.153116413470019,4.00831837343746,0.366298777543243,0.545572296684555,0.599967889963038
"ENSG00000270964",-0.070104422844607,-0.287391273299958,0.365859306009043,0.54581321692057,0.600196541073236
"ENSG00000153064",-0.154433407087172,1.96348779531672,0.365375657286733,0.546078583981663,0.600452045550964
"ENSG00000250365",0.0746050284927595,-1.11658448757323,0.364513090382518,0.546552451017291,0.600926127201701
"ENSG00000177045",-0.0619061203813367,2.58574668349309,0.364470597677141,0.546575814949293,0.600926127201701
"ENSG00000198899",0.0776816477317694,11.3270616174481,0.364105581953444,0.546776589618357,0.601110530221148
"ENSG00000001497",-0.047730414973421,6.06417559421506,0.363630646677683,0.547038030619618,0.601361601747333
"ENSG00000184113",-0.111773957280454,2.44802681191984,0.363217799886571,0.547265482678916,0.601575280972085
"ENSG00000234975",0.0843654661493172,0.517328274912764,0.36314528207982,0.547305453537869,0.60158286027357
"ENSG00000118473",-0.0993962630902059,2.98412980594338,0.363035371408115,0.547366045230437,0.601613103133381
"ENSG00000173281",-0.0742654279635896,5.86795947209634,0.361980684079013,0.547948111436347,0.602216463279006
"ENSG00000166855",-0.0377503061380533,5.76173977318738,0.361865386680436,0.54801181241004,0.602250081215336
"ENSG00000166689",-0.0606527388117511,5.0432935076382,0.361142701352179,0.548411406092437,0.602652809740151
"ENSG00000272077",0.063904291308486,0.654410577298362,0.360900500234206,0.548545447959703,0.602763690641076
"ENSG00000171943",0.0582246294813866,2.97077761579153,0.360664284989596,0.54867623606516,0.602870982997228
"ENSG00000272156",0.073436835596898,-0.404903697176764,0.360330668322946,0.548861052952043,0.603037624205132
"ENSG00000185164",-0.0680697746252618,4.17968158485592,0.35999310219378,0.549048176340068,0.603206779297684
"ENSG00000138796",0.0580626339891846,6.46961163922314,0.359386304487397,0.549384843564396,0.603540199006357
"ENSG00000272288",0.0635656118257297,1.57282121175775,0.356960127738952,0.55073482463501,0.604986711992606
"ENSG00000123219",0.0609806469459219,3.10675845811473,0.356014771783466,0.551262529807778,0.60552982800724
"ENSG00000170310",-0.0427659048653906,4.43099360948432,0.355653396594582,0.551464503498613,0.605715102942978
"ENSG00000100364",-0.0451608275264422,6.79033754265192,0.355369415761656,0.551623318945964,0.605852954407559
"ENSG00000110852",0.0655770704402188,3.41959165858186,0.355267094593693,0.551680562850802,0.605879239003103
"ENSG00000106799",0.0656310527998707,6.41017601731146,0.355195136422633,0.551720826775854,0.605886873408962
"ENSG00000111348",-0.0824048241989372,7.86301214158253,0.354990454920908,0.551835385791647,0.605976091093309
"ENSG00000181666",0.0499353480607164,5.49799951376897,0.353253762143418,0.552809208323857,0.607008807111466
"ENSG00000240731",-0.0520590979807124,1.40132870386667,0.352507794727871,0.553228493104369,0.607432528378042
"ENSG00000198840",-0.0818822396474208,10.1529706600079,0.351832242903024,0.553608717908135,0.607813314095929
"ENSG00000140350",-0.0361570240256181,7.32976992929596,0.351752492171567,0.553653637063875,0.607825940177326
"ENSG00000276234",0.0440361119612907,4.2910509590416,0.351658933558944,0.553706342212643,0.607847112033049
"ENSG00000198431",0.0564896789194177,7.01908811646456,0.351117950352767,0.554011284841646,0.608145165592363
"ENSG00000271646",0.0616939651335141,1.71538929828842,0.350621950530548,0.554291150362715,0.608415657380631
"ENSG00000240970",0.0999896883944853,-1.18024280072843,0.35041748309425,0.554406598015849,0.608505654740948
"ENSG00000226314",-0.10634852253001,-0.752674023892129,0.350176794994592,0.554542555138475,0.608618150667305
"ENSG00000162729",-0.0645523789696646,6.55253513089632,0.34993922349179,0.55467681371463,0.608728768952012
"ENSG00000106610",0.057177985477615,2.95884845254288,0.34948943415503,0.554931171470773,0.608971168499482
"ENSG00000261572",0.103049555793144,1.58692864343107,0.349323201815113,0.555025232497646,0.609037642755185
"ENSG00000168256",-0.0375955475681153,5.74432569927513,0.347880448075378,0.555842872988774,0.609898055859063
"ENSG00000119421",-0.0470453348211954,5.57423803558529,0.347542851809487,0.556034526394342,0.610071542864227
"ENSG00000064989",0.0799866503353186,4.83558144124047,0.347429825044905,0.556098719737418,0.610105170381479
"ENSG00000285938",-0.11098495157458,-0.991333374494035,0.347296044931597,0.556174718103133,0.610151744547909
"ENSG00000172197",-0.0980120364331533,6.09503702659964,0.347143269992015,0.556261531268863,0.610210176762248
"ENSG00000234084",-0.10677258221159,-1.07121054456782,0.346400847748062,0.556683773894638,0.610636540594396
"ENSG00000113805",0.146638512277564,1.66118727283144,0.345939293007435,0.556946584335037,0.610854848094471
"ENSG00000188266",0.0588986665991463,2.24002595211435,0.345933360178892,0.55694996403951,0.610854848094471
"ENSG00000278390",0.0653021035440299,-0.697896114799251,0.345640600875184,0.557116786271267,0.611000971339954
"ENSG00000105229",0.0443995561097239,4.78288836742593,0.344665707410748,0.557672993835596,0.61157409779209
"ENSG00000159079",0.0525748987171782,3.10898504719335,0.344483766391604,0.557776914127042,0.611651182572208
"ENSG00000272097",-0.0656831589715001,-0.650642540972894,0.343958957850236,0.558076879002268,0.611943225133734
"ENSG00000215210",-0.0771792096216364,-1.1545322619375,0.343849919593891,0.558139240621728,0.611974711142271
"ENSG00000132466",-0.0429840419898702,7.34617474862378,0.343554124971297,0.558308479714062,0.612123372658953
"ENSG00000189298",0.0460470875025935,3.16852336312875,0.340056813575111,0.56031692935362,0.614288385237109
"ENSG00000087494",-0.150559619248747,2.55263440256244,0.336999581459929,0.562084025755114,0.616188551650534
"ENSG00000167767",-0.112475427772887,5.50170215265148,0.336933781823082,0.562122176044582,0.616193233962082
"ENSG00000007168",0.0370893259279833,7.07283079785596,0.336699091260069,0.562258289020202,0.616283558088056
"ENSG00000062370",-0.051315934109825,2.71497413248381,0.336674866242049,0.562272342363822,0.616283558088056
"ENSG00000151651",0.0866361140697494,4.87873599013813,0.336436900932147,0.562410426034859,0.616397760091716
"ENSG00000250155",0.112252239759951,-0.81615143031412,0.33502840931085,0.563229068495456,0.617257790901142
"ENSG00000272990",0.0909074109244642,-0.441243563661949,0.334811062569415,0.563355599293571,0.617342124913771
"ENSG00000274712",-0.0811722681780506,1.29559293520336,0.33477844612822,0.563374592047369,0.617342124913771
"ENSG00000182973",-0.034342343785241,5.30780700393956,0.334721341220823,0.563407847561232,0.617342124913771
"ENSG00000164949",-0.0697453099487407,4.36404468462016,0.334132229956203,0.563751142700552,0.617681071291424
"ENSG00000244694",0.11254245012612,-0.0837812660032319,0.333759294313454,0.563968673860087,0.617871536329639
"ENSG00000179314",0.109852533811482,0.897220891522472,0.333677054100976,0.564016665918222,0.617871536329639
"ENSG00000143603",-0.0656855045531996,2.48505645431321,0.333625012216756,0.564047039532483,0.617871536329639
"ENSG00000164530",-0.176849586492343,2.25773446870538,0.333601327780198,0.56406086371329,0.617871536329639
"ENSG00000258101",-0.0739173807777201,-1.17255814263834,0.333353146562511,0.56420576203644,0.617993038236602
"ENSG00000106052",0.0392938000771037,7.554075150908,0.332367252012501,0.564782079207483,0.618576603341233
"ENSG00000231154",0.0751045604600051,-0.953860996613637,0.332325422087587,0.564806556613584,0.618576603341233
"ENSG00000131653",0.0414462984601552,6.89387743871126,0.331640498661615,0.565207642211145,0.618978600465817
"ENSG00000108961",-0.0701581821805837,-0.824242813918261,0.33145442556008,0.565316700438978,0.619060759081469
"ENSG00000104972",-0.0792308181991244,3.33840733992816,0.33058880597453,0.565824580531645,0.619579618946993
"ENSG00000167779",0.0872787304657378,2.70429646078594,0.330123707167095,0.566097831073169,0.619838452227331
"ENSG00000204152",-0.0466783484099003,1.25390498716221,0.330070484386334,0.56612911636246,0.619838452227331
"ENSG00000275437",-0.0738185346935538,0.104205679216794,0.32985987066225,0.56625295176095,0.619936717427807
"ENSG00000070526",0.174564438101134,0.642047032309523,0.329626486485216,0.56639023705796,0.620049694932597
"ENSG00000146938",0.177451945224018,2.85789722051874,0.329551304622182,0.566434475610681,0.620060803033829
"ENSG00000279041",-0.114672146623185,0.359176116675318,0.329250572468571,0.566611499752094,0.620217257913522
"ENSG00000186076",0.0920996779828782,-0.226595213794105,0.328442022204705,0.567087981688197,0.620701463016485
"ENSG00000165655",-0.119670750786612,3.57263384820524,0.328375479737598,0.567127230145918,0.620707068353229
"ENSG00000279989",-0.0811701005249138,-1.37816012810691,0.32769444152805,0.567529228177448,0.621109669781059
"ENSG00000221883",-0.0608972527887647,0.382220951309462,0.326485910394163,0.568243958929641,0.621854459988707
"ENSG00000175489",-0.0656651089623455,2.93327470179507,0.32636128178622,0.568317764688312,0.621897810249143
"ENSG00000115657",-0.0648268762541751,-0.905625168053539,0.326124039163146,0.568458312801648,0.622014185611622
"ENSG00000156414",0.200630617908715,1.70919299854678,0.326021557605609,0.568519046270376,0.622043218045214
"ENSG00000286545",-0.082201238072803,0.107639923506884,0.325895750230055,0.568593620598983,0.622087390005672
"ENSG00000167815",0.0529623247724868,7.23420440417245,0.325767033133582,0.56866993947903,0.62213346521772
"ENSG00000183864",0.0371250647339821,6.39556145940143,0.32561179508998,0.568762009760017,0.622196766120244
"ENSG00000156232",0.0399825730358694,4.06384561605384,0.325505779658562,0.568824903285819,0.622228143439134
"ENSG00000189376",0.0589069649006568,2.09149178940348,0.325118482608125,0.569054782314843,0.622407135789644
"ENSG00000144642",-0.0768529652230065,3.42503025991109,0.325114789897527,0.569056974986034,0.622407135789644
"ENSG00000267395",-0.0777219385153681,-0.494925642326619,0.325047301509174,0.569097051396605,0.622413540036166
"ENSG00000229122",-0.0770213663259125,-1.81662219966546,0.324709954278876,0.569297459949084,0.622595286005288
"ENSG00000147145",-0.0982496503599585,-0.623608363631222,0.324046893106005,0.56969176855183,0.622960886287963
"ENSG00000256594",0.0621961552530421,0.561166331756045,0.324032615370292,0.569700265099389,0.622960886287963
"ENSG00000003056",-0.0479535392031322,6.33997788093722,0.323643003659834,0.56993221517579,0.623177054804452
"ENSG00000022267",-0.0920431427793885,4.78041732123335,0.323333658922667,0.570116511128916,0.623341094344017
"ENSG00000283787",0.0881699142706239,0.156294933016197,0.323091245014084,0.570261013818209,0.62346160851921
"ENSG00000277734",-0.102849942293247,5.24846551517167,0.323011717720548,0.570308435593843,0.623475976833613
"ENSG00000260063",0.0669471585934318,-0.00505445336950216,0.322647527923645,0.570525699151978,0.62367355998373
"ENSG00000176715",-0.0480025234871726,4.23953449068542,0.322593824745557,0.570557750416169,0.62367355998373
"ENSG00000133315",-0.0721649612869525,4.28000774464817,0.321611288368495,0.571144774331857,0.624277713674748
"ENSG00000110713",0.037111736576681,7.16940757812467,0.321466185264367,0.571231567771704,0.624335061272264
"ENSG00000234771",-0.0589593751267909,2.58496202329783,0.321352519167274,0.571299575256207,0.624371870854459
"ENSG00000133313",0.0417321695218259,7.72961042791233,0.320487789850437,0.571817472188882,0.624900329518199
"ENSG00000125484",-0.0521621567847053,6.38770734062747,0.320307603313935,0.571925504317768,0.624962557907695
"ENSG00000180596",0.123331602424587,2.93859198643082,0.320278200102096,0.571943137033955,0.624962557907695
"ENSG00000006534",0.082458723912749,4.20957124022356,0.31860329624077,0.572949324340287,0.626024408933146
"ENSG00000116521",-0.0447710372419325,6.96237362243827,0.318332482360582,0.57311234159376,0.626126250213845
"ENSG00000271851",0.0572731446381673,0.482075341778896,0.318314235020183,0.573123328925902,0.626126250213845
"ENSG00000168405",0.104803689684222,3.88931800944669,0.318276906253917,0.573145807115147,0.626126250213845
"ENSG00000272599",0.0759873363390373,-1.33213869705679,0.31772343969501,0.573479291159973,0.626452933790846
"ENSG00000107223",-0.0570954335047056,7.44430299494297,0.317644073501886,0.573527143616997,0.62646758081232
"ENSG00000279805",-0.0871855692156337,-1.39700417202344,0.317359236962596,0.573698945754556,0.626617609018968
"ENSG00000188396",0.115705690505549,-1.5339952273616,0.316829334995141,0.574018832256557,0.626929353334669
"ENSG00000243449",-0.0920810596590385,1.47245434359753,0.316730448562611,0.574078566161431,0.626956944958815
"ENSG00000198796",-0.10474275233545,1.22471765415626,0.316346997426764,0.57431031210395,0.627172378057439
"ENSG00000174151",-0.0605127767006411,4.0069937343742,0.316031015781253,0.574501420665781,0.627343410126635
"ENSG00000280378",-0.0658545764648327,-1.25210762885753,0.315941333161256,0.574555684448585,0.627364999024486
"ENSG00000186907",0.104291071107662,1.90527613827537,0.315387614402067,0.574890944879188,0.627681989515825
"ENSG00000259877",-0.0584627042949595,1.74024177449313,0.315347887271443,0.574915013379378,0.627681989515825
"ENSG00000254206",-0.081292050407637,-0.20923280123783,0.315209094599962,0.574999115950326,0.627736129706154
"ENSG00000231672",-0.102713557274904,-0.623901606267456,0.31459714282637,0.575370224036794,0.628103573301795
"ENSG00000176428",0.0899491303422731,1.85569407676531,0.31388309894328,0.575803844899565,0.628539210841032
"ENSG00000197102",-0.0443369626737506,8.83851940983673,0.313153755320662,0.576247426864109,0.628985668835409
"ENSG00000091106",-0.0513275161166239,1.69797476682625,0.312712821403646,0.576515929280928,0.629240981862789
"ENSG00000151532",0.0322950171245154,4.51340811620981,0.312487165637089,0.57665343636564,0.629353297366833
"ENSG00000067064",-0.0569975364067673,6.25097537314268,0.312002361977837,0.57694908018668,0.62963817775323
"ENSG00000103415",0.0441465116238884,5.80494554549131,0.311725308001714,0.577118169162944,0.629784919945739
"ENSG00000067141",0.0692242061894449,6.26619211193224,0.311569282641428,0.577213436509241,0.629851090906532
"ENSG00000167325",0.0481089680242007,6.94625707021223,0.310971113976475,0.577578961949713,0.630212139896897
"ENSG00000136250",-0.0821620258642424,3.46265429721868,0.310756664085859,0.577710119056469,0.630317435236896
"ENSG00000074276",-0.0974892261370557,-0.260565740625406,0.310175154740138,0.578066067897064,0.630667964903833
"ENSG00000118246",-0.0385048016213319,5.64893511468303,0.309640952164818,0.57839344541239,0.630975582217216
"ENSG00000232186",-0.0661489827141946,-1.74369360035352,0.309601868713523,0.578417411606974,0.630975582217216
"ENSG00000095464",0.06976182056599,-1.32502862946724,0.309172293391653,0.57868096035515,0.631225219319868
"ENSG00000172828",0.148217933290977,2.35506726590137,0.308411635659788,0.579148220415401,0.631697021464186
"ENSG00000179526",0.0601217463388013,6.45015734439167,0.30754196705113,0.579683369381351,0.63221633104828
"ENSG00000274220",0.0727566185811716,-0.408856999238598,0.307524950265783,0.579693850499899,0.63221633104828
"ENSG00000137648",0.213602466034122,3.51209597860135,0.307394503505212,0.579774208947146,0.632261036763885
"ENSG00000092094",-0.0369457830293769,4.70444263429049,0.307315103799773,0.579823132060792,0.632261036763885
"ENSG00000187688",0.0693531718869325,3.70617831313463,0.307289143162526,0.579839129823048,0.632261036763885
"ENSG00000187676",-0.0516598985434304,3.87415368605392,0.306837037444422,0.580117873449532,0.632527059666692
"ENSG00000010278",0.0589477488444157,8.75258427269014,0.306605496026373,0.580260733204588,0.632644899623849
"ENSG00000119333",0.0540819790887134,6.63681396884243,0.306228857160776,0.580493268009744,0.632860490233245
"ENSG00000185290",-0.150693186477737,1.64296943184862,0.305931158733712,0.580677197704853,0.633023068320299
"ENSG00000140386",0.0483064944948586,4.12292861063736,0.305746112070668,0.580791585693789,0.633109820833002
"ENSG00000179922",0.0522604853349932,2.65184642481443,0.305090465903384,0.581197242667409,0.633514050679302
"ENSG00000228486",0.0625253630162837,1.48889417963956,0.304410262160656,0.581618695797003,0.63393544910145
"ENSG00000260135",0.11022770950056,0.22452708836147,0.304236657206541,0.581726359585697,0.634014802741171
"ENSG00000148357",-0.128896863492139,1.37962351798284,0.303497036941244,0.582185496194047,0.634477188853576
"ENSG00000238000",0.0759198605883987,-0.330790537597171,0.303151501089537,0.582400245802698,0.6346731977627
"ENSG00000111581",0.0502671548727752,6.11463509079149,0.302290649916388,0.582935957401184,0.635218931952114
"ENSG00000047644",-0.0477062274542021,6.21819895420842,0.300914255867231,0.583794562460862,0.63611643314391
"ENSG00000160791",-0.0857824065823303,4.10997858542464,0.299284691058551,0.584814408297128,0.63718950806375
"ENSG00000196391",-0.057216434288301,2.19922383292587,0.299091956250593,0.584935267926456,0.637283015038121
"ENSG00000101972",-0.0381061716408257,7.20240523065812,0.298869733212959,0.585074681802216,0.637396724325768
"ENSG00000146350",-0.0597431942031688,2.89652824649523,0.298572055666016,0.58526153842383,0.63756210235102
"ENSG00000164330",-0.0782164444981121,3.24389697142322,0.29829912039617,0.585432970345276,0.637710658479959
"ENSG00000159905",-0.0810439541915884,0.533666096189415,0.297656239423176,0.585837169886321,0.638112734812097
"ENSG00000188305",0.0693919947057871,-1.13730595852842,0.297457408205753,0.585962296098207,0.638210805523337
"ENSG00000167895",-0.0864828229747661,3.92139797585269,0.2971183345023,0.586175803421168,0.638405120516419
"ENSG00000172663",0.0592032903937648,5.16435961534608,0.296625653517134,0.586486315879461,0.638705054380913
"ENSG00000112992",-0.0608903228545096,6.26356987766711,0.295220052267084,0.587374039410996,0.639633518668853
"ENSG00000075234",-0.053813980881099,4.6009688204067,0.294563487935139,0.587789638931027,0.640047773027451
"ENSG00000272572",0.06107473599925,-0.913915972256519,0.292698393760975,0.588973509088844,0.641275410609888
"ENSG00000237840",-0.0635444704839634,-0.989369357765309,0.29267630428162,0.588987559612832,0.641275410609888
"ENSG00000284642",0.0697632039212016,-0.958826387647409,0.291888544952044,0.589489081067028,0.641783036420873
"ENSG00000101246",-0.0554396043525688,5.25017027669447,0.291747046512942,0.589579257724373,0.641842792810852
"ENSG00000171148",0.0364716180578725,6.46033748217485,0.291162271386283,0.58995223373457,0.642187873466862
"ENSG00000185245",0.104682287609485,0.274280007288157,0.291139361052363,0.589966856045623,0.642187873466862
"ENSG00000064201",-0.0853111277246929,0.00651469899492768,0.290799203075388,0.590184046256295,0.642385842807271
"ENSG00000180694",0.107158215631452,5.49300087585097,0.290440108978515,0.590413505240927,0.642597141602655
"ENSG00000147419",0.0426087692231527,5.18689550774747,0.290212418705626,0.590559092872781,0.642717136259583
"ENSG00000111913",-0.105144330794147,3.37561281337311,0.290084571804596,0.590640871895107,0.642767676540909
"ENSG00000248334",0.074114552937475,0.282481644630391,0.289435886639848,0.591056171076848,0.643181143923999
"ENSG00000099817",-0.0461320482052471,6.67829089571612,0.289035899534801,0.591312548939163,0.643421635662907
"ENSG00000265817",0.0563248476688448,2.38318377172137,0.288712663220238,0.591519899428626,0.643608753936818
"ENSG00000142751",-0.0283603990981687,4.58939767393081,0.28863944601896,0.591566887784226,0.643621376743405
"ENSG00000065357",-0.0615512326688343,4.62982410252195,0.288281040417967,0.591797011473504,0.643833236312961
"ENSG00000152348",-0.0410234802862494,2.98491022169058,0.288170428539296,0.591868069960659,0.643872029214933
"ENSG00000136940",0.0325578576720066,4.78257221619941,0.287601139882371,0.592234066581648,0.644231650896352
"ENSG00000104059",0.165546758988586,0.236847854656214,0.287510129822652,0.592292620362554,0.644256813537117
"ENSG00000169683",0.0646181041519768,4.92772396855749,0.286897325264622,0.592687195885561,0.644647453580109
"ENSG00000234617",-0.0786618494665395,-1.09406887916132,0.286610218302295,0.592872246387842,0.644810166674763
"ENSG00000256944",0.0720396036918383,-1.36345825260318,0.28629895945238,0.593072998481409,0.644976468798086
"ENSG00000123737",-0.0338950984607955,4.70754046488283,0.286263191661539,0.593096076569606,0.644976468798086
"ENSG00000204256",0.0299667349538675,8.14755281533413,0.286113957026625,0.593192385744202,0.645042634934565
"ENSG00000273148",0.0704518818472062,-0.0726588916707435,0.285858875738697,0.593357078352571,0.645183149463536
"ENSG00000228492",-0.0859868571288463,-0.17745221992873,0.285471486964766,0.593607375877993,0.645416723605268
"ENSG00000129048",0.0910605391327736,0.718914405289526,0.285013243914884,0.593903735571212,0.64568913144373
"ENSG00000145014",-0.0558711985612427,3.41639593254662,0.284974326947793,0.593928918465669,0.64568913144373
"ENSG00000011198",-0.0399776613090674,5.47242383627637,0.284892312346435,0.593981996774947,0.645708239635571
"ENSG00000138794",-0.0479901815046016,4.85071552728245,0.283813062840838,0.594681383503819,0.646429895001642
"ENSG00000268201",-0.0752055913980224,-0.941326489523865,0.283506958598341,0.594880059367177,0.646607214472612
"ENSG00000105865",0.047142951606353,2.49537773536152,0.283411771138144,0.594941868525213,0.646635753838686
"ENSG00000231389",0.0782780665784726,8.33978428562204,0.283087568035787,0.595152487084391,0.646826019425808
"ENSG00000123106",0.0449062727283999,5.12607584774486,0.282663457956293,0.595428244110566,0.647087052096258
"ENSG00000087589",0.0701150855394368,1.10869745553063,0.282217657432737,0.595718390676951,0.647363690603596
"ENSG00000124224",-0.0728148811924839,2.17763136293003,0.281968605778083,0.595880612469279,0.647501289257452
"ENSG00000165730",0.0895185169560046,2.83070560731926,0.281331861369784,0.59629577927321,0.647913712493048
"ENSG00000198604",0.0403195765254043,6.41995591790738,0.281220488435775,0.596368457964919,0.647953973325326
"ENSG00000263272",-0.0573697733901489,1.26086897113814,0.281164938624656,0.596404715029658,0.64795465963559
"ENSG00000137814",0.0357627924997097,4.50881092127317,0.28078346678237,0.596653823768771,0.648186581454212
"ENSG00000161911",0.0870802373671404,-1.06904074531516,0.280657750193384,0.596735966726808,0.648237099852307
"ENSG00000243896",0.0940915135010068,-0.040248345111311,0.280528468187508,0.596820463912354,0.648265066091048
"ENSG00000259775",0.0698321998961836,-0.510438939675462,0.280509297110947,0.596832996024554,0.648265066091048
"ENSG00000280239",-0.0615234075312247,-0.128230764489218,0.280327964671906,0.596951559994357,0.64835512798145
"ENSG00000257596",-0.070724715632772,-0.8175204711564,0.280239757637103,0.597009251806581,0.648379069197952
"ENSG00000105438",-0.0373167747477094,7.9432530855247,0.280157861357849,0.597062826482619,0.648398536426193
"ENSG00000144619",-0.123251900430399,2.750198609246,0.279910572345431,0.597224658202407,0.648535559339983
"ENSG00000242372",0.0542301026776775,6.21289281923468,0.279399194470713,0.597559606486768,0.648860544643662
"ENSG00000172269",0.0395666261316466,5.8278151878561,0.278366371068943,0.598237295669881,0.649525279425725
"ENSG00000260404",0.0523810496561341,2.77024230486911,0.278357370066583,0.598243208760707,0.649525279425725
"ENSG00000176641",0.079751442736496,5.48200833652292,0.278185290899581,0.59835627744361,0.649609262469073
"ENSG00000172123",-0.0746178137042716,2.59154455205176,0.278083482333192,0.598423194228664,0.649643133378951
"ENSG00000240038",0.102088818979157,1.96031935202429,0.277970506677304,0.598497469263494,0.649684987822407
"ENSG00000104695",0.0428492434869888,6.22355915887464,0.277910049011204,0.598537224651043,0.64968863122343
"ENSG00000225973",0.0400806382665895,2.20275985863883,0.277856765528437,0.598572267066804,0.64968863122343
"ENSG00000185347",0.0688567003413498,3.19267036334962,0.276892448114641,0.599207203722066,0.650338979669229
"ENSG00000111087",-0.101594636537993,0.064256031575447,0.276837954769311,0.599243125990812,0.65033915958714
"ENSG00000117594",-0.0996495531291563,1.71890185033897,0.276726992186468,0.599316287011562,0.650367552120317
"ENSG00000172296",0.0949518840743086,4.21312636488173,0.276674679976379,0.599350784549498,0.650367552120317
"ENSG00000189343",-0.0635226394158761,2.92555172516843,0.276619661339344,0.599387071349064,0.650367552120317
"ENSG00000167588",0.152585285987743,3.17622650545328,0.276564076185276,0.599423736468776,0.650367552120317
"ENSG00000270210",-0.0900730156129347,-0.910733579468457,0.276527177721519,0.599448078059434,0.650367552120317
"ENSG00000101850",0.105576695357646,2.67602200909813,0.275909753265792,0.599855695603815,0.650746619831931
"ENSG00000262370",0.0698678688412376,-0.498825868766712,0.275889577787571,0.599869025077093,0.650746619831931
"ENSG00000122779",-0.0431142860367549,6.02427477944531,0.275032368489474,0.600435939185215,0.651322768646788
"ENSG00000163521",-0.059822639297761,4.01320866604273,0.274077323331331,0.601068885896751,0.651970473323599
"ENSG00000205189",0.0861431563461894,6.19840023196803,0.273462587440436,0.601477040111014,0.652374286214987
"ENSG00000173992",0.0657287546890331,4.85106641962946,0.272829123931455,0.601898240553496,0.652792200309301
"ENSG00000197380",-0.0779070874991789,2.17309481528819,0.27275452345874,0.601947884630486,0.652807114999659
"ENSG00000090971",-0.0629738794537896,4.26181839466898,0.272430121220751,0.602163863883752,0.653002406172054
"ENSG00000164978",0.0480445091973767,4.18539895427391,0.272206500585474,0.602312840504181,0.65312501896441
"ENSG00000187678",0.0583212014262314,5.1172346803273,0.270637026562671,0.603360625659562,0.654210035346569
"ENSG00000128185",0.0550039608878631,5.01842655863423,0.270600012652412,0.603385382831465,0.654210035346569
"ENSG00000123091",0.038223138681063,6.77361453595802,0.270012958330742,0.603778328863723,0.654597058021781
"ENSG00000173166",0.0800096957729486,3.13937051549625,0.269675030357438,0.604004767892652,0.654773614651146
"ENSG00000277053",-0.0445214171908919,1.48285345226103,0.269662482585722,0.604013179382941,0.654773614651146
"ENSG00000180211",0.0890258778155706,-1.04877615687005,0.269475158239558,0.604138783195745,0.65487074252126
"ENSG00000230565",-0.0644684723164326,-0.487490984493116,0.269057091965886,0.604419303079833,0.655135773803099
"ENSG00000224271",0.16365013075087,1.70770350485471,0.268430250806905,0.604840428625374,0.655553168216334
"ENSG00000188760",-0.083647855915236,2.193763238913,0.267673413532688,0.605349720836878,0.656066066176924
"ENSG00000136048",0.0582285786725192,5.23426838007183,0.26614139115725,0.606383453760056,0.657147247630811
"ENSG00000267838",-0.0793585409787789,-0.580804173232239,0.265315895255015,0.606942021195904,0.65771338664866
"ENSG00000105963",0.0923095234929918,1.50944969756095,0.265230909780555,0.606999588608665,0.657736581329425
"ENSG00000254473",-0.0487606475534531,1.32625798500786,0.265101461509895,0.607087296646658,0.657792431276624
"ENSG00000122691",0.108797238257988,3.24673628468259,0.264320086873176,0.607617295624201,0.658290678431645
"ENSG00000161618",0.0574878672555483,4.50660689117692,0.264316804104172,0.607619524384784,0.658290678431645
"ENSG00000109113",0.0671952690803318,6.06620123287763,0.263809457357518,0.607964186451735,0.658624850984821
"ENSG00000177807",-0.113338367494287,1.28796748940908,0.263605352552848,0.608102961688677,0.658735953972225
"ENSG00000060491",0.0505071651169388,5.65515318698304,0.263475737640705,0.608191124919026,0.658792220834212
"ENSG00000284669",0.0925901302728094,-1.13927670590559,0.262693233141694,0.608723962600521,0.659330123378887
"ENSG00000115221",-0.141732461072659,6.2814556137507,0.26174273268395,0.60937254562416,0.659993322206408
"ENSG00000182307",0.0537052566920586,6.7845226075926,0.261337233166161,0.609649694588815,0.660254176800129
"ENSG00000179639",-0.121173581518267,0.837439384077133,0.260533627155668,0.610199742335595,0.660810533706449
"ENSG00000164506",-0.0530151704036293,4.80454341347765,0.259901092763906,0.610633448979559,0.661240841274126
"ENSG00000262410",-0.0669894979029392,-0.996732698440474,0.259266075661004,0.611069527706823,0.66167366612679
"ENSG00000197019",-0.0492771254182069,4.22381986158183,0.258504941978353,0.61159310069751,0.662201173680576
"ENSG00000119509",0.0374379070592325,3.90708541346352,0.257776899080573,0.612094820052019,0.662704957860951
"ENSG00000183199",-0.055712600611035,0.528336232460344,0.256961825495055,0.612657574291704,0.66327475959628
"ENSG00000273295",-0.131640153901319,-0.261119934883832,0.256825398837384,0.612751877489553,0.663337369667281
"ENSG00000180539",0.0707395179971462,-0.368221391896962,0.256584333525529,0.61291858786151,0.663478352340504
"ENSG00000231125",0.0610180837417045,-1.37288144277508,0.255318142407579,0.613795851455149,0.664351819351778
"ENSG00000099849",-0.0628244035051329,4.77940250428201,0.255314257914017,0.613798546975329,0.664351819351778
"ENSG00000151702",-0.0484978208256943,4.2544083994831,0.253623756899663,0.614974068476986,0.665584549685178
"ENSG00000143970",0.0409873092080907,5.95746678893948,0.253386213557004,0.615139642215053,0.665724134987944
"ENSG00000277715",-0.0627963729133867,-0.0730519127583798,0.252469476353261,0.615779545397329,0.666377007894724
"ENSG00000125870",-0.0392950469321811,6.28806792316347,0.25189810443841,0.616179112715142,0.666765361628162
"ENSG00000157538",0.0300285243462764,5.849611211506,0.251851496837657,0.616211731009884,0.666765361628162
"ENSG00000140740",0.0335799800856996,7.5114920210024,0.251634086687196,0.616363935309783,0.666890378073429
"ENSG00000137745",0.158568228020274,5.25680495152371,0.250980531796971,0.61682197179855,0.667346262748917
"ENSG00000278974",-0.0826040806240059,0.463162376506785,0.250543902980932,0.617128394239292,0.667638070094233
"ENSG00000174175",0.109809816348426,2.35774008562627,0.250485060406484,0.61716971500662,0.66764306052105
"ENSG00000189283",0.061607948636256,2.77938159202057,0.25016282253964,0.617396106463442,0.667848244579344
"ENSG00000177426",0.0387783556594868,6.26482470555013,0.249847286549354,0.61761796626081,0.668048502548416
"ENSG00000180182",0.0344258542225514,6.46899336595138,0.248910259963212,0.618277843086019,0.668722491082809
"ENSG00000270550",-0.162263241415366,5.38844216920708,0.247996013402183,0.618923175360754,0.669380669171755
"ENSG00000106089",0.0650493955046227,2.76111250723938,0.247923846600474,0.618974178416745,0.669396025510986
"ENSG00000151332",0.0406971927433048,3.94879924823535,0.247536120275371,0.619248358316799,0.66965272257958
"ENSG00000283312",0.0744629848956417,-0.819758474142252,0.247294368147788,0.61941944854807,0.669790420503541
"ENSG00000204977",0.0376301775026635,4.83442408985162,0.247252141135802,0.619449343704094,0.669790420503541
"ENSG00000224094",-0.0685088703429181,-0.731377354007947,0.247079985282134,0.619571256635064,0.669882416815988
"ENSG00000115415",0.0675830389141576,9.13772214055433,0.246336063521166,0.620098678245025,0.670412813405487
"ENSG00000184381",0.0519524560201818,3.43716311954496,0.245941065267159,0.620379125736653,0.670676149482777
"ENSG00000157353",-0.0451551189171102,4.51425554358386,0.244180213136364,0.621632751409409,0.671991469993125
"ENSG00000272368",-0.063405815077057,-0.786325163423288,0.243998187015509,0.621762664213873,0.672091961055624
"ENSG00000087269",0.0319472757857243,5.15442778774379,0.243936745054681,0.621806529214608,0.672099432659137
"ENSG00000038358",-0.0371018613187793,5.34986821402596,0.243807164685398,0.621899062529522,0.672159504949308
"ENSG00000136146",-0.0321182260661802,4.75637957106515,0.242878719655774,0.622562961663288,0.672837075686724
"ENSG00000168374",-0.034262169223716,8.13103884798967,0.242662988456482,0.622717449519595,0.672937158539331
"ENSG00000248923",-0.0928741146523984,-1.00774922534462,0.242646076083676,0.622729564293792,0.672937158539331
"ENSG00000204920",0.0477136838595376,1.40183070306039,0.242133999689616,0.623096626807829,0.673293812284981
"ENSG00000136634",0.0607978305342337,-0.411158666013433,0.241929117843897,0.623243623701431,0.673412643490859
"ENSG00000272807",0.0531723983005105,-0.56840136271931,0.240882280459061,0.623995909293175,0.674185434134744
"ENSG00000122257",0.0227759437566635,6.56486635618134,0.239978409896432,0.624647089570877,0.67484890199674
"ENSG00000055483",-0.0390518849948292,6.421193709914,0.239100769037219,0.62528083058566,0.675476940874626
"ENSG00000006432",0.0528156671182625,4.38307247556892,0.239070537926341,0.625302686029584,0.675476940874626
"ENSG00000154582",0.0459521438212628,6.23390492667633,0.238469921618248,0.62573725440304,0.675906234890277
"ENSG00000132463",0.0322550847292505,7.17949827187792,0.238358017308175,0.625818296290307,0.675953629843108
"ENSG00000077254",0.0328791770614576,6.31459026448681,0.237902130028868,0.626148696885134,0.676270338417269
"ENSG00000287077",0.0570667885878717,-0.900127298035347,0.237308967869152,0.626579173834634,0.676695090178987
"ENSG00000138107",0.0261924595339935,6.97924580321802,0.236884375533298,0.626887723415883,0.676988119789103
"ENSG00000205085",-0.0882710558146824,0.849104407618892,0.236543206723114,0.62713589751516,0.677143370242051
"ENSG00000138398",0.0275153461814203,6.6319674192358,0.236541564927843,0.627137092330328,0.677143370242051
"ENSG00000119715",0.110439404565675,-0.979970432895205,0.236533206477326,0.627143175265414,0.677143370242051
"ENSG00000164305",-0.033378945146567,5.6034076921887,0.236444600316728,0.627207667347639,0.677172803853666
"ENSG00000126947",-0.0617925806464965,4.63553872839731,0.236369451576821,0.627262376150266,0.677191671954713
"ENSG00000162739",-0.101318159121611,3.0014301476883,0.23621143320438,0.627377449724125,0.677275703678916
"ENSG00000101842",-0.127018446682202,0.45500207399379,0.235267748745286,0.628065661122038,0.677978410854509
"ENSG00000176956",-0.108520453445711,-0.529060860107324,0.234895236984601,0.62833779662896,0.678231919589765
"ENSG00000128408",0.0628089391036892,2.31506736683421,0.234535128028674,0.628601124940352,0.67847589225655
"ENSG00000003436",0.0891313546535673,4.29194933859553,0.234189442515946,0.628854141181878,0.67870870637408
"ENSG00000168502",0.0998335368008627,3.99342557237067,0.233723378807355,0.629195630658552,0.679036974450705
"ENSG00000262902",-0.247293890483742,3.58094024855906,0.233442563508167,0.62940158975892,0.679218945919973
"ENSG00000185669",-0.0555373088623059,0.153307946156263,0.232512615121209,0.630084737550657,0.67991582358774
"ENSG00000077549",-0.0271018352447763,8.02819705554316,0.231271088983742,0.630999403902646,0.680862432260402
"ENSG00000143110",-0.0521445720566819,3.9603731805183,0.231001424972994,0.631198472461102,0.681036828446493
"ENSG00000206228",-0.0658075789060238,0.529714819892315,0.230635376987069,0.631468921708685,0.681288216160729
"ENSG00000023041",0.0302819117441491,5.60381391600321,0.229853178932405,0.632047724305464,0.681872234988302
"ENSG00000111361",0.0295428922786112,5.97866074697228,0.229200648690224,0.632531504618582,0.682353677698859
"ENSG00000286086",0.0667451488098171,-0.80083582242068,0.228976445050278,0.632697922769861,0.682492723998472
"ENSG00000101307",0.0882438101452566,1.53123935379094,0.228471998566313,0.633072721541127,0.68285652113569
"ENSG00000102010",-0.0850233930226932,-0.290080220449992,0.228223987647789,0.633257177728448,0.683014976488466
"ENSG00000189134",-0.0631624599431425,-1.85194158828215,0.22763002812635,0.633699431723162,0.683451450674862
"ENSG00000146083",-0.0323714430756803,5.95307269034573,0.227132725382899,0.634070261869187,0.683810846301617
"ENSG00000013375",0.0425691944919341,5.70552219185227,0.226771483749628,0.63433994623956,0.684061125471666
"ENSG00000248275",-0.0503865161869658,2.55728294306811,0.226421575623694,0.63460142109682,0.684302522494158
"ENSG00000139697",0.0369278593389822,6.41552931797901,0.225239443067651,0.635486627709779,0.685216432581542
"ENSG00000127366",-0.0747679889565294,-0.960971535875716,0.224939502818586,0.635711682331083,0.685418464534812
"ENSG00000174276",-0.0529667035913152,2.98957769175324,0.223737135598155,0.63661570686075,0.686352488226634
"ENSG00000173868",-0.0979631672174593,-0.539231730938914,0.223635337113362,0.636692382619381,0.686394467137769
"ENSG00000162997",0.057021817509776,0.309302140658938,0.222598945774806,0.637474222825873,0.687196607678815
"ENSG00000101152",0.0360790494388547,7.00374763181201,0.221319281648796,0.638442662602116,0.688199795377662
"ENSG00000167716",0.036791742318705,4.96393983087716,0.2207945748802,0.638840745747037,0.688560772618023
"ENSG00000167202",-0.0385110707337001,5.63905641759221,0.220778096363241,0.638853256978729,0.688560772618023
"ENSG00000250320",-0.0950392711553363,-0.221874044034167,0.220301391353649,0.639215440017146,0.688884393457568
"ENSG00000039650",-0.0383547652358128,4.75124210269289,0.220283204743575,0.639229267010302,0.688884393457568
"ENSG00000196358",-0.0550662590641661,0.433447789183418,0.220017624167128,0.639431263178999,0.689061252204031
"ENSG00000132744",0.142105183021993,0.643760759150101,0.219623132275659,0.639731582032835,0.68934403779923
"ENSG00000280193",0.0691240028424655,0.364219135645594,0.21945132131265,0.639862481208494,0.689444242193133
"ENSG00000148735",0.121624018753278,5.45126275085622,0.219127704980711,0.640109207599974,0.689632911936348
"ENSG00000091137",0.129869357014191,1.33306163429366,0.219122186943253,0.640113416500408,0.689632911936348
"ENSG00000233325",-0.0450203629491445,-0.169911442651327,0.218654349351501,0.64047049641041,0.68997674517044
"ENSG00000273344",-0.0573765123624961,3.62513637590467,0.218225533663503,0.640798201982628,0.690288894673065
"ENSG00000156711",0.0409803985932519,6.81906187464083,0.217962253248269,0.640999598207658,0.690464950678169
"ENSG00000164823",0.0436773978553824,6.13657569242593,0.217411689956247,0.641421230893636,0.690867196733186
"ENSG00000277938",-0.0601488284548998,-0.347048586469509,0.217375463491176,0.641448996658968,0.690867196733186
"ENSG00000167889",0.1370057394547,2.02987813394541,0.216588270322441,0.642053037809294,0.691459644595377
"ENSG00000258441",0.0558478540810986,2.71181660182582,0.216517121976515,0.642107698261067,0.691459644595377
"ENSG00000178695",-0.0469158051055886,6.47982097754327,0.21651006768812,0.642113118386624,0.691459644595377
"ENSG00000105737",-0.08799915491229,0.523149438332701,0.215709110322208,0.642729229893446,0.692082128547866
"ENSG00000183066",-0.0725116968198107,0.498340730723224,0.215639304812866,0.642782991489621,0.692099043879542
"ENSG00000111666",-0.0684786763267707,6.30854826335437,0.215429571362893,0.642944584057556,0.692232054391691
"ENSG00000285533",0.0491184956808291,1.79115736108208,0.215356734350377,0.643000724904123,0.692251520335989
"ENSG00000047617",0.158422075400943,2.51417968948868,0.215290322128822,0.64305192375448,0.692255320614473
"ENSG00000154265",0.0672483998744983,4.28818197542656,0.215208363505074,0.643115120955631,0.692255320614473
"ENSG00000277959",-0.0561192584288777,-1.77285896434993,0.215204062101915,0.643118438114292,0.692255320614473
"ENSG00000273137",0.0613380945659568,-1.35894738424544,0.214515777941865,0.643649749544259,0.692786225867616
"ENSG00000110324",-0.0600766135676576,4.98052242906596,0.214447369742784,0.643702612872737,0.692802125742904
"ENSG00000147044",-0.04486632427732,6.48613657560417,0.214000896049659,0.644047883125008,0.693132715874417
"ENSG00000180448",0.0577454260656289,4.99810307938216,0.213909507734477,0.644118610126098,0.693167817346517
"ENSG00000143512",-0.143967285716996,1.45952753420748,0.213623417720202,0.644340138851613,0.693365190239802
"ENSG00000149923",0.0373078145985503,6.98060724591372,0.213424543868906,0.644494239438951,0.693489985618863
"ENSG00000075407",0.0347915190079459,5.39886363645972,0.212466055060509,0.645238164708336,0.69424939302622
"ENSG00000130741",-0.0351192567867744,8.52230926803302,0.212293173118075,0.645372562590516,0.69435292330058
"ENSG00000160570",0.0342718759789332,4.92258815533067,0.211427612904695,0.646046446294915,0.695036836934338
"ENSG00000232388",0.0423035734147448,3.64972449608812,0.21137837833476,0.646084828198262,0.69503701752351
"ENSG00000034713",0.0317706285311775,6.24477838910357,0.211283857391807,0.64615852928756,0.695075191074174
"ENSG00000075790",0.0554013692541858,-0.126158604517483,0.21111434288331,0.64629075538892,0.695145328180852
"ENSG00000141756",0.0672110647842585,7.44058744145281,0.21110227591558,0.64630017041666,0.695145328180852
"ENSG00000106366",0.0732516579437216,5.88146643427068,0.210225396702213,0.64698521365906,0.695840994975518
"ENSG00000205707",-0.0410616860431882,4.1523882034721,0.208568192086554,0.64828460817726,0.697197283202933
"ENSG00000168615",0.0685258432617409,7.27322711245426,0.208231192831067,0.648549608602032,0.697441038328727
"ENSG00000174946",-0.104903621561326,1.2364023065613,0.208071161328369,0.648675540664189,0.697535221331458
"ENSG00000258498",-0.132905421587281,-0.138088158217189,0.20759349907007,0.649051771310503,0.697898528914894
"ENSG00000151151",-0.0467792070291893,4.30119208629335,0.207268937005782,0.649307711107889,0.698076281587458
"ENSG00000169696",0.0484704793299653,5.06197640433772,0.207265109646896,0.649310730690625,0.698076281587458
"ENSG00000133460",0.0499246464453687,3.14401377812962,0.207237864929957,0.649332226297373,0.698076281587458
"ENSG00000225969",0.105213229399014,0.194584581891766,0.206428011081498,0.649971967684246,0.698722746512268
"ENSG00000180787",0.0351397545849237,3.80726665259997,0.206055149505992,0.650267017800664,0.698998612278869
"ENSG00000173451",0.0390420333637589,2.75259110894452,0.20519202363446,0.650951258314204,0.699692777390151
"ENSG00000124688",-0.0324359534368829,4.79575289566951,0.205140168445067,0.650992421589519,0.6996956721351
"ENSG00000177971",-0.0326496748464222,4.42811727829702,0.204473085503527,0.651522520360029,0.700224050127531
"ENSG00000247982",0.0949955693856016,0.979373976719032,0.204049319033547,0.65185980869768,0.700545154844801
"ENSG00000122386",-0.0514114761411496,3.28055128379629,0.202850176691683,0.652816533585554,0.701531882591082
"ENSG00000163297",-0.0453220725307521,5.18049048915413,0.202663982369093,0.65296539210274,0.701650392979123
"ENSG00000271862",0.0569775022959315,-0.862226321382372,0.202280871352804,0.653271940474027,0.701938326539942
"ENSG00000164715",-0.0324894803168416,5.45209913597606,0.201841406237606,0.653624011215752,0.702275136814278
"ENSG00000107736",-0.0818027390558908,2.54445246582662,0.20176525285337,0.653685067175046,0.702299249913151
"ENSG00000137269",0.043806476901349,5.36155318587023,0.201463290199033,0.653927302139284,0.702518001849339
"ENSG00000259953",0.0432453960086003,2.1741523522673,0.201121294247862,0.654201915567865,0.702771510268049
"ENSG00000157985",0.0421887108934195,5.85031120483831,0.200397411431016,0.654784100555653,0.703355375673649
"ENSG00000160801",-0.0859507857203973,0.41828669390931,0.200083185134535,0.655037211146182,0.703585708163159
"ENSG00000272630",-0.0550094365613226,-0.00292994117594737,0.199690236364445,0.655354069054205,0.703884481395882
"ENSG00000157036",-0.036064064889764,2.71370802531761,0.199402700732819,0.655586163268084,0.704065096898706
"ENSG00000105227",0.0654480650886909,2.50842886888775,0.199385996814309,0.65559965257733,0.704065096898706
"ENSG00000117461",0.0530006182537192,6.96597556869345,0.199212127273893,0.655740101825407,0.704174350357236
"ENSG00000164743",0.0888234622222249,0.391162719318239,0.19916352054485,0.655779378776085,0.704174952248166
"ENSG00000196470",-0.0395689544655351,3.57751102817462,0.198649768094561,0.65619487145428,0.704579510125181
"ENSG00000099942",-0.0303686301288497,6.85122624689834,0.198531040497275,0.65629098297598,0.7046411097029
"ENSG00000060971",-0.0396354459264384,5.14198435035415,0.198030620013195,0.656696458971299,0.705021555280741
"ENSG00000177409",0.0744682832538013,6.04699757842806,0.197978021172893,0.656739113918191,0.705021555280741
"ENSG00000247679",-0.0510180427678514,1.81553449317774,0.197950280802646,0.656761612663382,0.705021555280741
"ENSG00000072756",-0.0340243536699223,4.44865117113897,0.197589496158365,0.657054398220252,0.7052942277402
"ENSG00000008516",0.0885713639084842,2.13072828837659,0.197232413690502,0.657344494914342,0.705542689185357
"ENSG00000231920",0.0712681282008584,-1.55128561128597,0.197209096375068,0.657363449028759,0.705542689185357
"ENSG00000259736",0.0515221489089647,-1.50861657756924,0.197151159288198,0.657410550578076,0.705551607595093
"ENSG00000263001",-0.0407722537202197,5.13859862856302,0.196896460363009,0.657617713459185,0.705732297167551
"ENSG00000112739",-0.0290743350915403,6.66458296557907,0.19590955521219,0.658421945062045,0.706553680853648
"ENSG00000231305",-0.0566866778373041,0.349430253508924,0.195803900293847,0.658508187072295,0.70660453725492
"ENSG00000269313",-0.0562971071116171,2.28993497694677,0.195699277547471,0.658593613996715,0.706654513089036
"ENSG00000177455",-0.155914427360925,1.25434483199978,0.195301975999482,0.658918269083402,0.706933441972975
"ENSG00000123104",0.0746299293720735,6.92991941387193,0.195286028716249,0.65893130865229,0.706933441972975
"ENSG00000104369",-0.0884002818841521,3.85827924285065,0.194975513939384,0.659185333364131,0.707164258772373
"ENSG00000188229",-0.0424183310783073,8.12232241291102,0.194731159094584,0.659385404311102,0.707337170959028
"ENSG00000225484",0.0454024487968485,3.6672867923031,0.194413087472596,0.659646057407064,0.707575046716187
"ENSG00000170365",0.037901070520204,5.2082289112996,0.19408753869967,0.659913101869936,0.707819749767671
"ENSG00000089041",0.0653402812235628,2.59118442100864,0.193814314920816,0.660137431245684,0.708018610655532
"ENSG00000075415",-0.0289525081087899,8.48537313831891,0.192403705132341,0.661298621568341,0.709222202316468
"ENSG00000174718",0.0448701583269551,6.16680194548788,0.191984349397639,0.661644807164302,0.709551636362283
"ENSG00000143093",-0.0265639614206166,5.13187159249293,0.191897882286232,0.661716243359991,0.70958640612178
"ENSG00000173578",-0.0974872215268294,0.623360715327867,0.19139311416363,0.662133649166736,0.709992147803596
"ENSG00000278212",0.0718578286155606,0.198118477883185,0.191020870427498,0.66244188765567,0.710280790702195
"ENSG00000102804",0.037531309538529,7.46219498098664,0.190528165808276,0.662850425281419,0.710656187236802
"ENSG00000111275",-0.066989326852457,6.2030733519044,0.190504401331023,0.66287014605632,0.710656187236802
"ENSG00000005379",-0.0771478756325039,4.43908066572874,0.190102449842931,0.663203924693551,0.7109721196703
"ENSG00000099860",0.0511526222240286,5.61227798950554,0.190046387350485,0.66325051210559,0.710980156431689
"ENSG00000140474",0.0346061971238142,5.34175653321222,0.189785316443582,0.663467567438025,0.711170916817704
"ENSG00000140365",-0.0373493006335565,5.69943843315222,0.189478547818728,0.663722843243792,0.711402620833172
"ENSG00000225806",-0.0809765911332216,-0.132804449281622,0.1890291871272,0.664097220584013,0.711761947435594
"ENSG00000164741",-0.0540657231677719,5.14165361807091,0.188279123821609,0.664723304272877,0.7123909880452
"ENSG00000147799",0.05142435879096,5.01888974518979,0.18797727336457,0.66497567961436,0.712619470941904
"ENSG00000100299",-0.046895547155721,5.47443033667736,0.187666235924939,0.665235988211553,0.712856428067621
"ENSG00000237356",-0.0770442322244196,0.286245234060835,0.186868312012174,0.665904948527614,0.713531236233077
"ENSG00000159363",0.040564516556922,6.11396019112294,0.186777859042158,0.665980889100386,0.713570569128591
"ENSG00000099991",0.0298496532376003,6.38263682376362,0.186547678530604,0.666174237664257,0.713735687714273
"ENSG00000181915",-0.0314921267003013,5.15680416245251,0.186246738350343,0.666427237124348,0.713964692750052
"ENSG00000137074",-0.0329362527867374,5.32978840044277,0.185622033573941,0.666953199946865,0.714481926836091
"ENSG00000169252",0.0840278411846879,1.08645144245219,0.185580033758111,0.666988598842643,0.714481926836091
"ENSG00000083807",-0.0652783587803282,2.95285678411785,0.184780859672608,0.667663077580003,0.715162311838934
"ENSG00000152382",0.0292529075087111,4.61867491728551,0.18467065792771,0.667756220092102,0.71521995942731
"ENSG00000185267",-0.0557948176893662,0.840040170360052,0.184590151750009,0.667824284735282,0.715250741418284
"ENSG00000197050",0.0341883523676112,3.60455275787463,0.184445182975298,0.667946894210086,0.71533993475199
"ENSG00000155229",0.0239801665512279,6.12599784316281,0.184381868543154,0.668000461238103,0.715355180699401
"ENSG00000266970",-0.0785708315477699,0.12751373049611,0.184241400929331,0.668119342458416,0.715440365065273
"ENSG00000271614",-0.0554319336454214,0.407568380834846,0.183718001938339,0.668562781347981,0.715873064120869
"ENSG00000184436",-0.0378253362147362,4.62082184755173,0.18341331132208,0.668821268720424,0.716107684434395
"ENSG00000188766",0.0585570281831618,1.67259279816587,0.183075580466252,0.669108083340043,0.716372605356057
"ENSG00000010671",0.0507709983960115,3.45638576110273,0.18277860127394,0.669360548867189,0.716600721808019
"ENSG00000179406",-0.0495403253344609,3.32357053948488,0.182253302122995,0.669807706879024,0.717037232060958
"ENSG00000182257",-0.0590759783823191,-0.418974283946582,0.18176079293159,0.670227645501068,0.717444553962299
"ENSG00000172766",0.0326231825976851,3.7930099432456,0.180831699939038,0.671021672919077,0.718252247354765
"ENSG00000169403",-0.0548562962560756,4.57848041353826,0.179570723998904,0.67210320042771,0.719367563666168
"ENSG00000273448",0.0637321496069927,-0.825961522495494,0.179238101378171,0.67238923447393,0.719631363811453
"ENSG00000160856",0.124254879456893,1.62296146025059,0.17892739012565,0.672656709160883,0.71987527073952
"ENSG00000124074",-0.0508598442956095,3.40179514907864,0.178669954314841,0.672878529449127,0.720048623626127
"ENSG00000004961",0.0401056111626774,4.98472896775205,0.178647519040222,0.672897869791801,0.720048623626127
"ENSG00000259891",-0.0511902986247035,1.93905288391593,0.178311166680317,0.673187994381915,0.72031669854208
"ENSG00000136689",-0.0823689022077373,4.05057961181951,0.178125492658467,0.673348287849839,0.720375844404894
"ENSG00000204128",-0.111343594695956,3.43473646094121,0.178122207523882,0.673351124812111,0.720375844404894
"ENSG00000225285",-0.0785990265722891,0.466043494568647,0.178109508026815,0.673362092078711,0.720375844404894
"ENSG00000174669",0.0588397487568585,4.41789928374634,0.178043440967152,0.673419154928638,0.720394517694511
"ENSG00000064726",0.0302718066429013,6.25200663069151,0.177679992941161,0.673733292350882,0.720669320534219
"ENSG00000253598",-0.0603280930701691,-0.582559560446354,0.177654564285786,0.67375528515306,0.720669320534219
"ENSG00000278175",0.0490746767257919,-0.603597528970757,0.177218079577788,0.674133082648094,0.721031020711763
"ENSG00000229754",0.120170932996744,2.46400751710974,0.177088413036985,0.674245420536534,0.7210791131748
"ENSG00000241399",0.0578314876836993,1.78601322495917,0.177074659624862,0.674257338781824,0.7210791131748
"ENSG00000173641",-0.083605648575664,1.35780920426522,0.176951468517904,0.674364116374477,0.721150902435265
"ENSG00000116729",-0.0807403734545809,5.20976340319634,0.176516249974483,0.67474169886752,0.721512259333439
"ENSG00000213889",-0.0840381327585692,0.729533219003261,0.175794928728521,0.675368703850367,0.72214026958439
"ENSG00000167615",0.0380405388135606,6.42609840199641,0.17573209274734,0.675423395331531,0.722156293826929
"ENSG00000088876",0.0279833827376464,3.87436131642024,0.175450664267352,0.675668487611456,0.72237587894881
"ENSG00000213080",-0.0419714979022573,0.580849379883703,0.17490816031508,0.676141600099497,0.722839206642547
"ENSG00000171469",-0.0287586836292819,5.4252547725894,0.174718323523826,0.676307358635575,0.722973917883146
"ENSG00000114331",0.0328021854881845,6.20032799587246,0.174197817584103,0.676762388952798,0.723417827227357
"ENSG00000259456",0.0412486008157698,0.363208183926889,0.174042414769405,0.676898398089557,0.723520690200568
"ENSG00000083812",0.0310099860525982,3.4718885520701,0.173967068129442,0.676964367431561,0.72354868160341
"ENSG00000012211",-0.0331943712301921,3.49987916523731,0.173874082516012,0.677045803616523,0.723593199916401
"ENSG00000100503",0.0326566985793899,6.08386923789561,0.173496128881144,0.677377076391646,0.72390471034792
"ENSG00000237945",0.0955519046208867,2.45141030790072,0.173334243965181,0.677519096576497,0.72401394409714
"ENSG00000226777",-0.138619527600464,1.45859839657726,0.172396337792544,0.678343449119387,0.72485227968882
"ENSG00000236383",0.0608302346351392,0.187472045374559,0.17230631339974,0.678422712374096,0.724894389182238
"ENSG00000116586",-0.0412965464175273,5.92777801005567,0.172178730174998,0.678535086443939,0.724971870542347
"ENSG00000198185",-0.108787043054365,2.57642643126113,0.17187438302407,0.678803349769678,0.725215890837107
"ENSG00000274471",0.0617941310795892,0.0627659320705679,0.171419111702252,0.679205163822721,0.725602556217776
"ENSG00000154330",0.0894109889979897,2.4261392123587,0.171030556689148,0.679548590196929,0.725926803623972
"ENSG00000274667",-0.0520937069020885,-1.26656517197288,0.170908290420283,0.679656750404935,0.725999704960648
"ENSG00000153707",0.0826918453998919,3.36289145188145,0.169754556609229,0.680679614648174,0.72701876379138
"ENSG00000183114",0.0895162879083884,0.0126333817622708,0.169742073236128,0.680690704233748,0.72701876379138
"ENSG00000156958",-0.0342889433987735,3.78970817688733,0.169482215955607,0.68092165649559,0.727222729791062
"ENSG00000176978",0.0491301138163704,6.54381232447196,0.168818280209111,0.681512682192911,0.727788074058856
"ENSG00000227082",-0.0780124976242453,-1.16024526382625,0.16879768696972,0.681531035703235,0.727788074058856
"ENSG00000101752",-0.0347255616523184,6.69006404301436,0.168582998041367,0.681722452989793,0.727910688843873
"ENSG00000171388",0.0717568094674477,3.38485459318135,0.168578475601376,0.681726486742879,0.727910688843873
"ENSG00000138744",0.0455502202290384,4.93710811853183,0.168534266821693,0.681765921731657,0.727910688843873
"ENSG00000135315",-0.032726214140348,3.54651791199535,0.168397050425344,0.681888359631121,0.727998678385233
"ENSG00000122566",0.0192926396643272,9.78869466342216,0.167977631463053,0.682262968177795,0.728355864601616
"ENSG00000035687",0.0335451526653726,6.54647873583207,0.16716868373947,0.682987034870871,0.729086054127914
"ENSG00000236017",-0.0680125492226697,0.294049289883,0.167070422149169,0.683075125349575,0.72913729560761
"ENSG00000229425",-0.0875052582576259,-0.70584895222624,0.166926302091931,0.68320438219221,0.729232470851638
"ENSG00000120837",0.024941500160324,5.4086289981729,0.166721231703393,0.683388415853016,0.72938609867582
"ENSG00000170370",-0.0729057272610811,0.125411624648886,0.166595426754305,0.683501380751306,0.729443500699324
"ENSG00000175376",-0.0227249925698688,5.31098267131949,0.166572014006751,0.683522409413821,0.729443500699324
"ENSG00000143341",0.0772449974493263,5.12522312654569,0.165990089333242,0.684045632699961,0.729959045267947
"ENSG00000182636",0.0573470819182491,3.39388994835801,0.165143472666957,0.68480876126472,0.730717054744845
"ENSG00000186364",-0.0498295669693402,1.63548574466169,0.165112950593445,0.684836315987499,0.730717054744845
"ENSG00000178460",0.0570656255540551,1.7586031852598,0.164871790746516,0.685054134779853,0.730906587867423
"ENSG00000064393",0.0557287800540399,6.82333367458377,0.164663647104798,0.685242282212843,0.731064443271187
"ENSG00000174099",-0.0614107794140737,5.05168777535729,0.164587589249689,0.685311067810557,0.731094944063488
"ENSG00000280355",-0.0675682858625975,-0.74057150009806,0.164271247098351,0.685597361814861,0.731317049818418
"ENSG00000136147",0.0361281853104763,5.10013555100038,0.164268684830426,0.685599682013077,0.731317049818418
"ENSG00000160014",0.0297730595831887,7.656796870179,0.164085262627423,0.685765830233145,0.731451379326791
"ENSG00000136383",0.0456103773211327,2.93115579006009,0.163734714668699,0.686083666067903,0.731747476599016
"ENSG00000276550",0.0493587142299037,3.77066156777522,0.163046742385206,0.686708592212764,0.732310824265651
"ENSG00000282164",-0.078516291614798,0.963354653252281,0.163007387563745,0.686744386894929,0.732310824265651
"ENSG00000204619",0.0242552707256474,6.38181092871442,0.162989026885269,0.686761088338749,0.732310824265651
"ENSG00000269958",-0.0342819269620296,2.45849853913891,0.162952210951735,0.686794580554206,0.732310824265651
"ENSG00000089820",0.0615192728563876,4.65080665896348,0.162931772498127,0.68681317573804,0.732310824265651
"ENSG00000104341",0.0645829424532733,8.61946558683077,0.162775027579491,0.686955829531059,0.732419991061076
"ENSG00000222011",-0.0282100717466431,2.49205532542285,0.162593874581377,0.687120796723779,0.732552933810791
"ENSG00000196290",-0.0239086390871796,4.84897288656528,0.162521588669605,0.687186653811437,0.732580203945983
"ENSG00000187866",0.0252232055203436,4.61208217924132,0.162186240623031,0.687492400342612,0.732863191737863
"ENSG00000183793",-0.0771934275133904,0.379656852324076,0.161590364011819,0.688036586295695,0.733379808528304
"ENSG00000084764",0.0447423409052883,4.23104101580926,0.161567294207057,0.688057678289365,0.733379808528304
"ENSG00000157110",0.0511572873652918,5.53927000714516,0.161266496614252,0.688332848322011,0.733630111062451
"ENSG00000179151",-0.0237109420765391,5.16926275674032,0.161197973074308,0.688395575436426,0.733653974337145
"ENSG00000149269",-0.047665118857883,6.61500467259384,0.160999137217306,0.688577679435626,0.73380505264986
"ENSG00000107581",-0.0266330359632664,8.23988434627498,0.160069011762866,0.689431274674571,0.734671667669387
"ENSG00000253305",-0.0671401580746579,1.07194489858821,0.159905561183829,0.689581573792333,0.734788778729566
"ENSG00000170631",-0.0312077818457458,4.3304317632975,0.159847651432597,0.689634845429381,0.734802493770918
"ENSG00000151224",0.126691447077602,2.07406140974425,0.159284552483911,0.690153429340324,0.735311966073564
"ENSG00000172673",0.0851624934641075,1.33773183664512,0.159228705905708,0.690204918960356,0.735323750354438
"ENSG00000263235",-0.0763254673394059,-0.974341444715413,0.158835430441367,0.690567809288148,0.735667270856489
"ENSG00000234545",-0.0230817212333972,3.42186382921958,0.158472334110072,0.690903314897073,0.735981579673654
"ENSG00000006712",-0.0326837218183538,6.33513953099221,0.157713178559857,0.691606226292755,0.736687206079803
"ENSG00000136861",-0.0289065404827826,6.28673143650146,0.157328582693287,0.691963076276936,0.737024152689442
"ENSG00000242759",-0.060190331558095,-0.0651760393978698,0.156703546554365,0.692544099316256,0.737589775183447
"ENSG00000104964",-0.0298431853913618,7.28467415781063,0.15667010438902,0.692575224355779,0.737589775183447
"ENSG00000198561",0.039124017706289,4.21258650290896,0.156541995685714,0.692694492301288,0.737673600677782
"ENSG00000125676",-0.0246570972910943,6.48437607348141,0.156373528576869,0.692851419510635,0.737797518621747
"ENSG00000095319",-0.026403017022905,6.48440243477022,0.156314686045578,0.692906254406274,0.737801462821063
"ENSG00000259969",-0.0670020302705711,-0.866535967444603,0.156282499328348,0.692936254008654,0.737801462821063
"ENSG00000177830",-0.0341565338972107,6.28767109563239,0.15623383466651,0.692981618652265,0.737806572618826
"ENSG00000125170",-0.0396854118232581,3.98631866314345,0.15602032851392,0.693180743298206,0.737975378079359
"ENSG00000113083",0.058794540251098,5.76043921011688,0.155577658431346,0.693594098270118,0.738367059660286
"ENSG00000186318",-0.0355516352646226,4.25963128581279,0.155539413026131,0.693629842827999,0.738367059660286
"ENSG00000226853",-0.0502565407393838,-0.377408421300358,0.155384247913241,0.693774913914304,0.73847826618326
"ENSG00000253636",0.0707379969271431,0.616176928138166,0.155283947703725,0.693868733806843,0.738534909321094
"ENSG00000175741",-0.0287568334114177,0.650544320509835,0.154874713490358,0.694251891078927,0.738899490604689
"ENSG00000182512",-0.0322363945352351,5.6595091408599,0.154806105907844,0.694316184126086,0.738924678577253
"ENSG00000235847",-0.0823428880754596,-0.0484457122553903,0.154756865531187,0.694362338062374,0.738930560217568
"ENSG00000235036",-0.0379112867060642,-1.43413551772971,0.154625140276462,0.694485848348594,0.739018757884638
"ENSG00000116147",-0.12387103137046,0.3043883706528,0.154410423521695,0.69468730474871,0.739189884676156
"ENSG00000137478",0.0303312638920164,5.3314521758719,0.154345618174305,0.694748139662863,0.739211370316378
"ENSG00000197580",0.0659022590925922,0.0303967918788742,0.154106137205183,0.694973076381032,0.73940744739504
"ENSG00000223704",0.0790488446083514,-1.19060425885426,0.153741459601325,0.695315994192164,0.739729018622314
"ENSG00000124333",-0.0261769008666357,5.97954178142776,0.153016636709694,0.695998964239402,0.740412304005746
"ENSG00000260884",-0.0569206699997205,-1.37309966024773,0.152913022878613,0.69609674752634,0.740473016961579
"ENSG00000233178",0.053046699960137,-1.75191736079126,0.152712015625263,0.696286552749389,0.740631605439259
"ENSG00000116194",0.0681515907256833,1.00518515339381,0.152459024071411,0.696525650082633,0.740842603725318
"ENSG00000204959",0.0508865088501973,2.12207870652994,0.152256841400748,0.696716893429154,0.741002681579408
"ENSG00000164941",-0.0306927960123345,6.14078699934387,0.152111546043141,0.69685441782525,0.741105610537109
"ENSG00000125482",-0.0237623731359859,4.31417180745877,0.151517952027797,0.697417051889352,0.741638801483398
"ENSG00000203814",0.0932465200591907,1.78579101506989,0.151496588686219,0.697437324641085,0.741638801483398
"ENSG00000230590",-0.0437388230298657,4.84472820932139,0.151199365979249,0.697719545229406,0.741874847415952
"ENSG00000242960",-0.0430742225815518,0.122707453809397,0.151176909936257,0.69774088079488,0.741874847415952
"ENSG00000120458",-0.0348112766633583,3.06618083468257,0.150789116872499,0.698109612574128,0.742223512801674
"ENSG00000146067",-0.0316684849914305,4.85787324904227,0.150539643644656,0.698347112015831,0.74242565309873
"ENSG00000166479",-0.0281619373461434,5.86719660533676,0.150503669971683,0.698381377769198,0.74242565309873
"ENSG00000123154",-0.0433777129323869,1.26915108014675,0.150380890958928,0.698498363120565,0.742506617676027
"ENSG00000213693",-0.0575976217855589,-0.777142291413726,0.150079683307734,0.698785590470126,0.742768530154324
"ENSG00000112695",0.0316992075970726,6.70447385062934,0.149882139768572,0.698974145305789,0.742925534994255
"ENSG00000132846",-0.0370148193950365,3.97193656485312,0.149712312350215,0.699136359470753,0.743054526152869
"ENSG00000135387",-0.0272325704582539,8.83300785621961,0.149430677629502,0.699405602114627,0.743297247356599
"ENSG00000145246",-0.043887936860099,4.35558022608187,0.149206317056726,0.699620299574873,0.743481975382284
"ENSG00000134086",0.0259437291130545,5.73025401867022,0.148852218541504,0.69995952513013,0.743799009293456
"ENSG00000283341",0.0436289856089812,0.415884041963974,0.148567194009996,0.700232915000318,0.744046051178699
"ENSG00000134321",0.0708729175318992,5.82125587813799,0.148288240936028,0.700500773184628,0.744266446225002
"ENSG00000104899",0.103004054759411,0.746896308676081,0.148265967119191,0.700522173571905,0.744266446225002
"ENSG00000261526",-0.0448880144915317,0.240057380947613,0.148085999511561,0.70069515183214,0.744406741911387
"ENSG00000169251",-0.0248545430476572,6.22392804535822,0.147775567459531,0.700993811677075,0.744680535411637
"ENSG00000213260",0.0485737190162407,1.07675322814125,0.147485500245121,0.701273204674947,0.744933830547128
"ENSG00000027847",0.037343338825771,4.70567475824058,0.147326411014636,0.701426573512155,0.745053233606206
"ENSG00000154274",-0.0901473184642914,3.04222861066168,0.147199432384612,0.701549054575415,0.745139815733336
"ENSG00000189377",-0.168804133119359,5.00546187690056,0.146985280405168,0.701755758746718,0.745315838837099
"ENSG00000111445",-0.0289228817760106,4.54212695527592,0.146822971993892,0.701912537507831,0.745438820050941
"ENSG00000151065",0.0293760078533163,4.39816538072604,0.146584562633874,0.702143004929342,0.74563540102037
"ENSG00000152475",-0.0469379915037846,1.01287013851806,0.14654669374759,0.702179632102315,0.74563540102037
"ENSG00000269293",-0.0492605074217076,2.06594614209175,0.146130498918779,0.702582538122911,0.746019686110077
"ENSG00000147130",0.0241508513983371,5.80018278871632,0.145823795036726,0.702879870398679,0.74626212607161
"ENSG00000104064",0.0259625900981327,4.90933223297161,0.145810339595424,0.702892922901515,0.74626212607161
"ENSG00000005206",-0.0358019623155219,5.04529678258196,0.145630935809898,0.703067020240794,0.746403395058345
"ENSG00000186998",-0.0890421606339062,3.78148565825894,0.145244410873522,0.70344253054336,0.746758462938343
"ENSG00000267106",-0.0280748435937051,2.61214677829504,0.145027399858039,0.703653608471212,0.746906937066577
"ENSG00000184752",0.030219662139603,5.26935608208083,0.145016182330964,0.703664524226732,0.746906937066577
"ENSG00000175279",0.0367410342892708,0.593544884891557,0.144464848549481,0.704201623239935,0.747433422239025
"ENSG00000144746",0.0278303570339083,7.45660305061746,0.144316521303604,0.704346321121656,0.747543379153917
"ENSG00000180104",-0.0266571117911759,5.92111286904131,0.144024420655136,0.70463152354921,0.747801680422069
"ENSG00000286615",0.0676357958328847,-0.782411191945692,0.143983067772993,0.704671926586422,0.747801680422069
"ENSG00000077238",0.0382445799781184,5.6046266319937,0.143146453838753,0.705490754132041,0.748626944933113
"ENSG00000133606",0.0239796743602061,7.40224350028376,0.142728561855063,0.705900786839888,0.74901834846531
"ENSG00000225507",0.03469775861745,0.991891740735645,0.142324751049767,0.706297655642879,0.749395739168865
"ENSG00000168096",0.0371751886213342,3.81728059763596,0.142249321200867,0.706371860056747,0.749430752535269
"ENSG00000155744",-0.0305468928742843,4.74458725945148,0.14208733837742,0.70653128731642,0.749556174388185
"ENSG00000099866",-0.0786027113052612,-1.20622893341683,0.142039010412916,0.706578872931544,0.749562936184248
"ENSG00000268912",0.0544897738164622,0.499223974335719,0.141991761545056,0.706625404968152,0.749568579584786
"ENSG00000172380",-0.0510212034248223,6.75320858130652,0.141711378747212,0.706901716108217,0.74981795139536
"ENSG00000186010",0.039257473310525,0.123656591232837,0.141003619913137,0.707600588592977,0.750515483165912
"ENSG00000069431",0.0577648712597201,3.46388811135579,0.140631493168192,0.707968846370375,0.750862288050871
"ENSG00000129534",0.0308145900427425,5.16034918670236,0.140503123493194,0.708096010363413,0.75095336655917
"ENSG00000137760",0.0322364142012334,3.55851951258605,0.140407826038705,0.708190455631765,0.751009737451492
"ENSG00000236790",-0.0629536761877743,-0.387978467327617,0.14028265920178,0.708314558749865,0.751097550987789
"ENSG00000030582",0.035039207310276,8.67039888315233,0.139560071023454,0.709032243705678,0.751814752435077
"ENSG00000198870",0.0392376905244988,0.441217078151508,0.139369918554886,0.709221457778578,0.751971544483897
"ENSG00000166797",0.0256764035025036,5.41736165545134,0.139118788198279,0.709471574418948,0.752192888110279
"ENSG00000132155",-0.0287347787685653,5.70792141580451,0.138838099015143,0.709751435221311,0.752395674778725
"ENSG00000273253",-0.0588162431166388,-0.948508707556145,0.138835590985942,0.709753937300971,0.752395674778725
"ENSG00000148200",-0.0587949574886632,2.43590539823012,0.138802505441941,0.709786946770033,0.752395674778725
"ENSG00000287382",0.0435669818856744,-0.479821469482105,0.138468679728816,0.710120255940421,0.752705123552909
"ENSG00000166483",0.0332923548179579,6.11352104178926,0.138399268824688,0.710189616893811,0.752734775761343
"ENSG00000221994",0.0431706375363228,2.24530282535158,0.137711326722234,0.71087813746855,0.753420637741273
"ENSG00000163508",0.078706411912801,1.72959913609905,0.137614298793009,0.710975404389921,0.753479819079588
"ENSG00000110711",0.0360478808856607,5.55441417628938,0.137351471493476,0.711239075247771,0.753715335349674
"ENSG00000156171",-0.0257505868965289,5.79718810677988,0.136324590790113,0.712272012294086,0.754765984595947
"ENSG00000165280",-0.0241973117521153,8.85990405651429,0.136177220451953,0.712420614329238,0.754879471798438
"ENSG00000171984",0.0335938021384906,2.05384972990275,0.135842584625985,0.712758386706637,0.755193378621712
"ENSG00000240857",-0.0250820529060978,4.10475547222863,0.135494573917975,0.713110161169131,0.75552208372716
"ENSG00000155099",0.0509827166686317,3.15415065103212,0.13536995205536,0.713236255602851,0.755611662214857
"ENSG00000164754",-0.0382466196228226,9.24430521674544,0.135243303893536,0.713364467839274,0.755703473764385
"ENSG00000116205",0.0260115605920107,4.07468257423995,0.135137075212832,0.713472061005178,0.755762375394597
"ENSG00000163956",0.0349836310007285,6.69609656993805,0.13510575190113,0.713503795825731,0.755762375394597
"ENSG00000198258",-0.0345326797302762,6.86593676408663,0.13506535672735,0.71354472785771,0.755762375394597
"ENSG00000104067",0.0307846869224839,6.53213145173029,0.134678136302133,0.713937447617502,0.756134297866833
"ENSG00000156466",0.0909561787352207,-0.192965248873999,0.134151107057273,0.714472992845634,0.756657435301991
"ENSG00000243646",0.0345555611219699,-0.511939214889625,0.133986814017383,0.714640184598346,0.756790432458498
"ENSG00000196436",-0.107080003222638,1.12120711497128,0.133820937264376,0.714809106020633,0.756893579771812
"ENSG00000116128",0.0342683680874627,6.0921192431977,0.133772437065244,0.714858518876333,0.756893579771812
"ENSG00000147138",-0.0778636046565009,2.36628730774844,0.133747087715321,0.714884349282689,0.756893579771812
"ENSG00000162267",0.0548824246178105,-0.569922024183156,0.133727758668861,0.714904047003517,0.756893579771812
"ENSG00000077063",-0.101080900470337,2.29864700016811,0.133405192439961,0.715233004298559,0.757197781267881
"ENSG00000169495",-0.0619656157136232,-0.0788421997732988,0.132712736429757,0.715940706222293,0.757902890679882
"ENSG00000161551",-0.0446085430399467,3.16638757698819,0.132664062270511,0.715990530680009,0.757911522058434
"ENSG00000120049",0.0662292241321456,1.0416614158906,0.132291644830288,0.716372092543003,0.758271292508417
"ENSG00000166448",-0.0771743297565736,1.24570986900791,0.132003616312975,0.71666761078622,0.758539950243236
"ENSG00000131931",0.0266907177139787,3.52918647198294,0.131556045495927,0.717127545329274,0.758982589144535
"ENSG00000160877",0.0303041785290369,6.56768398832974,0.131474351606897,0.717211591481298,0.759027372620845
"ENSG00000137200",0.0232876443238691,6.15451630829737,0.131210174574618,0.717483577626082,0.759248092747444
"ENSG00000158711",-0.0265712159153103,6.35271911507346,0.131190699389345,0.717503640760011,0.759248092747444
"ENSG00000141425",0.0284744465516483,6.43391380215302,0.130891338954231,0.717812251047208,0.75953046844183
"ENSG00000136141",0.0279756444737532,4.67497395319454,0.13025186772694,0.718472821022194,0.760185204697595
"ENSG00000107882",0.0216000531419615,5.05473862360721,0.130111594790415,0.718617967222001,0.760294548765852
"ENSG00000267419",0.0342941580582397,-0.154359654129176,0.129446028091941,0.719307864858519,0.760951876906041
"ENSG00000198890",-0.0331595643882409,4.54765063203214,0.129431506835402,0.719322939281151,0.760951876906041
"ENSG00000186162",0.0283441490863864,3.30235604566529,0.129065128220447,0.719703591142728,0.761310277754097
"ENSG00000184708",-0.0206546196300618,4.9114227893532,0.129023468465223,0.719746912487727,0.761311825782307
"ENSG00000129749",-0.0438792743440625,-0.310136448185102,0.128911692640361,0.719863185510064,0.761390533732092
"ENSG00000179178",-0.043665976864285,4.65368051992063,0.127853266708328,0.720967028828213,0.762513712875939
"ENSG00000161405",-0.0713052424423868,4.77513013793231,0.127634726150604,0.721195588602668,0.762692897420492
"ENSG00000206052",0.0697796778869202,1.29295401865956,0.127598494838982,0.721233502302692,0.762692897420492
"ENSG00000153560",0.0240891430988468,6.93231457286633,0.127571024949509,0.721262251794175,0.762692897420492
"ENSG00000204316",0.0341363817167227,0.239366496695716,0.12746084358274,0.721377600729343,0.762770525089546
"ENSG00000277494",0.0727897696332167,0.772771302986797,0.127285116184132,0.721561686260433,0.762920820236296
"ENSG00000229539",-0.0476278149258009,-0.547794472201816,0.126864254753672,0.722003148504372,0.76334321135834
"ENSG00000137274",0.0292233230424966,3.90524852547692,0.125865574897443,0.723054026784363,0.764409825572774
"ENSG00000196576",-0.0302069444542041,8.41430152171778,0.125338756295789,0.723610273495274,0.764953423675214
"ENSG00000183484",0.0468869555449987,2.76113672859878,0.125214187454734,0.723741993066498,0.765048202365074
"ENSG00000177311",-0.0324328994995337,6.35172022252573,0.124671068897994,0.724317152137192,0.765611690769527
"ENSG00000162896",-0.182391872600334,5.48759859774422,0.12436886835572,0.724637791098853,0.765892925388813
"ENSG00000137185",0.0309857700723722,3.84923290968168,0.124264197135691,0.724748950871375,0.765892925388813
"ENSG00000166233",-0.0221485317315839,6.59460509753175,0.124263512141123,0.724749678502038,0.765892925388813
"ENSG00000165389",0.044080297399723,6.58173247656275,0.124247779561995,0.724766390944451,0.765892925388813
"ENSG00000229847",0.0638521875301324,0.670259369854833,0.124222011130182,0.724793766867838,0.765892925388813
"ENSG00000115318",-0.0385836984504208,3.01083766552872,0.123459093444468,0.725605728141909,0.766706383747461
"ENSG00000133794",0.0302935820444777,3.84263657683895,0.123012259123983,0.726082596830024,0.767165694849801
"ENSG00000165501",-0.0290802488296919,3.70966172806116,0.122821216806274,0.726286777165994,0.767332058875305
"ENSG00000165312",-0.0305336420051019,4.17455052065492,0.122786005334318,0.726324429601784,0.767332058875305
"ENSG00000162148",0.0432311080008863,0.640750861259421,0.122696689602451,0.726419964172569,0.767388413101625
"ENSG00000130713",-0.0243941305852361,4.89040011315838,0.1222458142864,0.72690282999438,0.767853912878254
"ENSG00000257027",0.0417720263129206,2.4357140043853,0.121888449257663,0.727286261461174,0.768214328558907
"ENSG00000072682",0.0339223681623573,5.93335472701699,0.121284345377563,0.727935866209659,0.768855838247461
"ENSG00000138621",-0.0287188812743414,3.51250128223045,0.121054041173407,0.728183994576852,0.769073253200382
"ENSG00000278989",0.0571592685208494,-0.902904986113783,0.120304150270413,0.728993761495941,0.769883784350724
"ENSG00000085514",-0.0370574232138781,3.22376890028422,0.119995113905854,0.729328296243039,0.770192362077941
"ENSG00000196498",0.027528187986803,7.55042061603888,0.119338214430674,0.73004100284044,0.770900241503828
"ENSG00000178562",0.0531406554146794,2.45050935709159,0.119262070410366,0.730123757643152,0.770939505952812
"ENSG00000181218",-0.0714513370427216,4.32977051382703,0.119226008530005,0.730162960718229,0.770939505952812
"ENSG00000102962",0.0683441894573421,2.86574402777554,0.119112930134179,0.730285931944263,0.771024585255835
"ENSG00000082482",0.0940520403780146,3.47361603326616,0.118867688713396,0.730552853398634,0.771261626283629
"ENSG00000163083",-0.0753012048720274,5.13038210056188,0.118737247265939,0.730694951809368,0.771366868855348
"ENSG00000155393",-0.0241808501604755,4.89511415682155,0.118414622664647,0.731046783535074,0.77169349384422
"ENSG00000117174",0.0354599118767046,5.38792145193724,0.118296049482922,0.731176225865781,0.771785340145484
"ENSG00000104872",-0.027043604773305,5.68464053368533,0.118199140474295,0.731282072057506,0.771830555715917
"ENSG00000155307",0.0442477846686639,3.46798042641786,0.11817912923434,0.73130393482804,0.771830555715917
"ENSG00000069493",0.0475766430986981,3.72926565748265,0.117866268045708,0.73164601292274,0.772146784439991
"ENSG00000275580",-0.0417202475244067,-0.814641669166596,0.117750887458385,0.731772296594793,0.772235249809463
"ENSG00000205609",0.0436108953942479,-0.449529720737564,0.116700614737502,0.732925010822474,0.773406828547177
"ENSG00000156738",0.15031674059818,3.63950958584603,0.11549229692504,0.73425837649141,0.774768889692276
"ENSG00000137727",0.0505119902397272,0.983797028766858,0.11530592582169,0.734464726893707,0.774941666825777
"ENSG00000233860",-0.0755693951915781,-1.34137971184405,0.114885909504491,0.734930452808023,0.775388077943751
"ENSG00000187653",-0.0508067206712473,0.872895246031015,0.114541958221979,0.735312543292065,0.775746202865202
"ENSG00000113456",0.0249545695405045,5.46341642316216,0.114361980143144,0.735512733274218,0.775905625395212
"ENSG00000160229",0.0519517653660292,2.02576936393934,0.114319763638967,0.735559716199828,0.775905625395212
"ENSG00000280411",-0.142816022430022,4.85619191411823,0.114291085919027,0.735591637271258,0.775905625395212
"ENSG00000278000",-0.0532355122326457,-0.972464177639012,0.114078973015362,0.735827878151221,0.776109803283136
"ENSG00000112031",0.0257670015494283,2.54318930331854,0.113817132201568,0.736119841341931,0.776372726838332
"ENSG00000272305",-0.0395504745049785,-1.5728547861904,0.113483486695652,0.736492412396283,0.776720630677467
"ENSG00000174891",-0.0222641087380941,4.935986558594,0.113145278333147,0.736870701796128,0.777074524512551
"ENSG00000145506",0.0636180037384285,2.68377789708067,0.112823224472804,0.737231507860746,0.777409941150931
"ENSG00000005810",-0.0316364211228436,6.10747855174109,0.11270392280154,0.737365310405474,0.77746102093191
"ENSG00000125734",0.0238083467814892,5.88882759265087,0.11268815781507,0.737382997489334,0.77746102093191
"ENSG00000116266",0.0218330885817558,5.80219030456532,0.112665709446908,0.737408185182338,0.77746102093191
"ENSG00000236772",0.0526990632311708,-1.15871617883766,0.112365628184855,0.737745153247577,0.777771206078538
"ENSG00000146414",0.0396322850048689,3.84496834294168,0.112041423358737,0.738109773368263,0.778110505884308
"ENSG00000123297",-0.0332841050913576,-0.80267938564252,0.111660694555825,0.738538713759801,0.778517568439971
"ENSG00000100014",0.0243824630320959,5.37905540265967,0.111596510513834,0.738611105479036,0.77854875609694
"ENSG00000021488",0.0586959441532776,-1.20128114505892,0.11127273899368,0.738976633375339,0.778888908659635
"ENSG00000065665",0.0337499460026785,3.70182502787447,0.111153133749006,0.739111813465522,0.778986246932312
"ENSG00000240087",-0.049546637382873,-0.351622034697458,0.11105354854206,0.739224428223859,0.779059792591004
"ENSG00000019144",-0.0309420708732414,5.83239250427744,0.110968646276162,0.73932048327764,0.779115878663521
"ENSG00000170852",0.0185527379361744,5.99249674899565,0.110637004397299,0.739696081556563,0.779466531364471
"ENSG00000110079",0.0410241570306169,3.78560374838848,0.110530228633333,0.739817142648716,0.779548936359125
"ENSG00000278917",0.0476978010439647,-1.49746389083467,0.110294774938399,0.740084327001235,0.77978529367967
"ENSG00000133138",0.0377988961005338,3.80253160558854,0.110161765157183,0.740235401728849,0.779899292512559
"ENSG00000163357",-0.0482279534199438,-0.17082232930443,0.110093703383289,0.740312746603614,0.77993560213314
"ENSG00000242071",0.0350244786975788,1.05167947545853,0.109958319544305,0.740466674718984,0.780052584986324
"ENSG00000159885",0.0324474652668888,1.55600059980304,0.10987539749492,0.740561007026302,0.780098378561325
"ENSG00000103064",-0.0304091496746431,3.38507279679676,0.10984471103548,0.740595926029162,0.780098378561325
"ENSG00000259865",-0.0382485514455947,2.60521013631859,0.109578360958073,0.740899241165776,0.78037267768839
"ENSG00000183172",0.0293467991667338,4.96955634220313,0.10911809056198,0.741424355555226,0.780880547735159
"ENSG00000146247",-0.0247163826830987,6.51567878209211,0.109020834696447,0.741535470240939,0.78095235279341
"ENSG00000234769",-0.0350958136388188,-0.706957883567042,0.108729655866256,0.741868470740359,0.781257816329434
"ENSG00000240184",-0.0463597257497486,3.780395685829,0.108681587722753,0.7419234903962,0.781270521267143
"ENSG00000205476",-0.034748491515649,4.38179735714665,0.108419513462898,0.742223702881448,0.781541406125617
"ENSG00000272829",-0.0559416146009753,-0.557585772006919,0.108045929356212,0.74265234895306,0.781947488871035
"ENSG00000135426",-0.0638457668159769,1.94640214432368,0.107804313724536,0.742930013499066,0.782162514745693
"ENSG00000244041",0.0337431469002162,1.40101426241301,0.107793387735874,0.742942577784616,0.782162514745693
"ENSG00000077942",0.0504084809775574,7.62480473844358,0.107662302618806,0.743093373503611,0.782259726446776
"ENSG00000184056",-0.0262322126505739,1.44337246756153,0.107638353839028,0.743120934327436,0.782259726446776
"ENSG00000164845",0.0472778904450301,0.28364768782992,0.107541540287736,0.743232384297698,0.782276530973656
"ENSG00000204758",-0.0505787242589536,-1.54275710472723,0.107538490793432,0.743235895721921,0.782276530973656
"ENSG00000149499",-0.0249372319416033,5.16201741226735,0.10751240964663,0.743265929830423,0.782276530973656
"ENSG00000102471",0.0296263786395759,5.20717266702757,0.107474476517586,0.743309619459129,0.782277245615244
"ENSG00000035862",0.0386677407086415,8.4036188973153,0.107429150482542,0.743361835098501,0.782286932637363
"ENSG00000269834",-0.0537942774098014,2.92427316648937,0.107070384035672,0.743775565633428,0.782642273131202
"ENSG00000120215",-0.0430181750473449,-0.688096215117359,0.107061729175714,0.743785555919993,0.782642273131202
"ENSG00000213139",0.0445384659714102,0.775999305629789,0.106587884117833,0.744333198188946,0.78317321581977
"ENSG00000254681",0.0807320005433614,0.398266374944199,0.105393535308927,0.745719562186549,0.784586533062356
"ENSG00000273080",-0.0368137349097369,-0.419572582846886,0.105110289599971,0.746049618148232,0.7848883881814
"ENSG00000266088",-0.0648567143794564,0.17658064866151,0.104903570705096,0.746290810632329,0.785096724147192
"ENSG00000160654",-0.0668049392626152,2.5988670887945,0.104411353972031,0.7468661714346,0.785656560211249
"ENSG00000151502",-0.0240814455793605,6.09846343875413,0.104313796796324,0.746980385548324,0.785731262064249
"ENSG00000080573",0.058436134630742,5.54871567176028,0.104127098714458,0.747199125113176,0.785915896805369
"ENSG00000239763",-0.0402411421146451,-1.03475343692145,0.104056142539389,0.747282315721543,0.785957945893912
"ENSG00000186047",0.0423466590168466,-0.340147223473853,0.103377427454505,0.748079644184338,0.786751044779967
"ENSG00000076864",0.0495950192842228,4.84142931979572,0.102643401391221,0.748945208311345,0.787577301885889
"ENSG00000110881",-0.0548263863648948,3.04579167680001,0.102600007802723,0.748996484797928,0.787577301885889
"ENSG00000162654",-0.0709971891316249,6.58844375224052,0.102572724387365,0.749028730654423,0.787577301885889
"ENSG00000235313",-0.0368346241084136,-1.25480855166287,0.102549532508729,0.749056144504866,0.787577301885889
"ENSG00000234608",-0.0206638514021098,3.95908225968774,0.102527832341267,0.749081798181438,0.787577301885889
"ENSG00000135537",-0.0256790285996134,2.52395001364718,0.102477218296535,0.749141645133932,0.787594696051789
"ENSG00000187079",0.0325890754204714,6.22091631506864,0.102278911159907,0.749376284208741,0.787795841696352
"ENSG00000120328",-0.0531619386495741,0.523603373182045,0.102173506290739,0.749501102447779,0.787838780928839
"ENSG00000168876",-0.0270525708740889,3.96077969152647,0.102171260892397,0.749503762173505,0.787838780928839
"ENSG00000196440",-0.0456748853232965,3.28140635816241,0.10179891174974,0.749945264760557,0.788257309030572
"ENSG00000263002",0.0246054575398102,3.55305089087062,0.101677701960278,0.750089177843621,0.788363014540293
"ENSG00000230084",0.0565122861008513,0.194735734824514,0.101560879299318,0.750227971552925,0.788463327551405
"ENSG00000112144",-0.0301731438468058,5.74387661810353,0.100789506896191,0.751146632908196,0.789383195200454
"ENSG00000133706",0.020351627012148,7.24708314257009,0.100277840140028,0.751758136662499,0.789980181974667
"ENSG00000246523",-0.0501022261719125,-0.605118091821952,0.100207963495102,0.751841780881022,0.790022434032239
"ENSG00000277159",0.0699711126852329,0.515457380342549,0.100055038691223,0.75202494802369,0.79016925214644
"ENSG00000185345",-0.049201623886088,1.13539435507108,0.0999240547914975,0.752181957745538,0.790288570705092
"ENSG00000086288",-0.0594040653275074,-1.08513240952969,0.0996878624836043,0.752465366659888,0.790540670564351
"ENSG00000171105",0.0340993444488905,7.00267771139071,0.0996275115106528,0.752537841472606,0.790571146577934
"ENSG00000265531",-0.0471554051774185,-0.68811073921367,0.0993105009143627,0.75291893307304,0.790925814643205
"ENSG00000101049",-0.0775356573960274,0.287674867730917,0.0991792113854509,0.753076957527199,0.791046127837407
"ENSG00000174780",-0.0226129619621339,7.4797140125451,0.098991482448241,0.753303114250783,0.7912379904131
"ENSG00000121068",0.0529211909737447,3.23636472835652,0.0989347597241825,0.753371494389146,0.791264118493375
"ENSG00000130349",0.0407240439356447,4.22474837760759,0.0988604330458934,0.753461128997748,0.791312565781906
"ENSG00000006625",0.0342171688534346,5.58331704772951,0.0987570254352059,0.753585895526054,0.79139790217841
"ENSG00000128731",0.0261200083732202,6.23075233446773,0.0984350129195497,0.753974880476207,0.791760688573975
"ENSG00000236778",-0.0412291417952342,0.697986480689819,0.0982878402265304,0.754152895052697,0.791901902616388
"ENSG00000102226",-0.0273576611943374,6.21878946020614,0.0982424236964614,0.754207858747891,0.791913897639225
"ENSG00000157601",0.0660646948216277,8.00055931369478,0.098163982356037,0.754302822392723,0.791933301552594
"ENSG00000164010",-0.0278542962733757,3.6197019599558,0.0980974489762547,0.754383402546458,0.791933301552594
"ENSG00000002330",-0.0350939402840651,2.91389088969519,0.0980879552887246,0.754394903023391,0.791933301552594
"ENSG00000174775",-0.0382072423128898,5.00695018576323,0.0980833311201132,0.754400504876855,0.791933301552594
"ENSG00000104435",0.078460580576206,1.26116559654104,0.097658993882868,0.754915178117779,0.792427844381956
"ENSG00000131061",-0.0200591720192016,3.29657304834836,0.0969458746617411,0.755782884022063,0.793268928552859
"ENSG00000135476",0.030310614745607,4.9999190651716,0.0969288219010625,0.755803676209176,0.793268928552859
"ENSG00000081237",0.0515228791528839,6.1819943105934,0.0968682144038824,0.755877590309454,0.793300727786979
"ENSG00000171115",-0.0325368507046693,3.70213055338117,0.0965989985010429,0.756206220590394,0.793575946266694
"ENSG00000124786",-0.0212080369511897,5.06023937720324,0.0965819165825545,0.756227089327817,0.793575946266694
"ENSG00000187231",-0.0339144429110924,6.45044439909673,0.0964822971092992,0.756348833370976,0.79365791157626
"ENSG00000072501",0.0242522068374612,7.63862994038766,0.0962296588691607,0.756657889666423,0.793936408056589
"ENSG00000184897",0.0323563294653154,6.0137726247794,0.0959289910484342,0.757026281631161,0.794277127793918
"ENSG00000264247",0.0260887514224671,3.47667847881092,0.0954646589626104,0.757596448077834,0.794829499171645
"ENSG00000079246",0.0178690711992375,8.77791384702885,0.0952072697442742,0.757913158313903,0.795115909523751
"ENSG00000118620",0.0261584283171843,3.71083694123355,0.0947665777103643,0.75845650833786,0.795640037700369
"ENSG00000115685",0.020285039206739,5.96105873036806,0.0944834976246184,0.758806261274518,0.795961028897914
"ENSG00000267278",0.0326365366424839,2.41061235661211,0.0941441834884044,0.759226249579982,0.79635565325033
"ENSG00000126768",-0.0268139654437754,5.24984096360372,0.0937694915999005,0.759690990484202,0.796797170574169
"ENSG00000117215",0.109400128207086,3.1609352777444,0.0936980082917287,0.759779768583881,0.796817638234844
"ENSG00000124374",0.0426093507187386,3.52657848664052,0.093683231488421,0.759798125132334,0.796817638234844
"ENSG00000140471",0.0239950370161034,3.98991191651429,0.0931812081737865,0.760422709156119,0.797426674015884
"ENSG00000198081",0.0170420220181836,3.80333911599211,0.0930480862620558,0.760588639067931,0.797554693996398
"ENSG00000171490",-0.0216162512299947,7.917170073478,0.0928446859355142,0.760842418392757,0.797774812967109
"ENSG00000136870",-0.0194250968119784,4.61776774081335,0.0926570424230611,0.761076807819531,0.797974576619682
"ENSG00000111652",0.0225825756559951,6.47408700889693,0.0922402014362421,0.761598422422665,0.798475450024408
"ENSG00000284237",-0.0470878059941253,-0.36431600656522,0.0919623218886612,0.761946863122605,0.798794717071528
"ENSG00000102934",0.0492955716267772,3.28849355834079,0.0918311053555242,0.762111598975057,0.798921369576849
"ENSG00000112619",0.0671933723485865,0.275753663241381,0.0917005158065516,0.762275675351154,0.799034385356126
"ENSG00000119541",0.0228430227216798,6.41237950167642,0.0916753798308528,0.76230727153615,0.799034385356126
"ENSG00000078124",0.0323415884492516,5.26423233549545,0.0915934869607782,0.762410244554176,0.79904825275826
"ENSG00000125885",0.0243620930048307,3.46965517834552,0.091573774381251,0.762435038879189,0.79904825275826
"ENSG00000072778",-0.0247513819442498,7.4377028780154,0.0915600526508811,0.762452299682186,0.79904825275826
"ENSG00000178462",-0.0732547271227705,0.815308698980269,0.091236978627737,0.76285910886693,0.799428524548959
"ENSG00000122643",-0.0237579627865438,5.24631272566621,0.0909498648711519,0.76322129784199,0.799761996033307
"ENSG00000175518",-0.0536360761825182,-1.11603363476696,0.0908503873940156,0.763346932438965,0.799847563498093
"ENSG00000256694",0.0398522864766797,-0.95383633819621,0.0904051111033054,0.76391021381889,0.800391668237684
"ENSG00000246695",0.0495372006003688,2.42704921976462,0.0902303109906289,0.764131752180836,0.80057766754983
"ENSG00000156299",-0.0452678376653577,4.93123545384867,0.0901710326464329,0.764206933567167,0.800610316670677
"ENSG00000226465",-0.058789056443528,-0.479247608053289,0.0898094765557845,0.764666071501648,0.801045185374494
"ENSG00000175893",-0.0289486887484729,4.95140982459929,0.0896744918308695,0.764837746057236,0.801178881834303
"ENSG00000132664",0.0202867111279339,4.20462240368222,0.0895191944085442,0.765035428761877,0.801339805247697
"ENSG00000095066",-0.0292137546390506,5.19814637706935,0.0893183091370799,0.765291419007253,0.801561781105898
"ENSG00000083097",0.0271354559976023,4.48648216594726,0.0892830031884917,0.765336442154222,0.801562778411896
"ENSG00000100298",-0.0520903377536856,0.0548845996662311,0.0886217213911397,0.766181526022537,0.80240165804675
"ENSG00000137561",0.0864527260342,0.53008298254859,0.0883280895953955,0.766557872996324,0.802721092718107
"ENSG00000234648",0.0443288950862714,1.43349101246707,0.0883148869049892,0.766574810832461,0.802721092718107
"ENSG00000185065",-0.0369249987276241,0.0544009798244041,0.0881893122870699,0.766735980447943,0.802843639170247
"ENSG00000154133",-0.0284842310022884,3.71355148020861,0.0877069101631302,0.767356287092383,0.803446902863178
"ENSG00000132965",-0.0409127465174726,4.34409821412023,0.0873915775824302,0.767762767675466,0.803826227174844
"ENSG00000186818",-0.0441816462729178,5.0274735894744,0.0871564046841866,0.768066437694338,0.804097874217729
"ENSG00000270194",0.029228531643824,1.17571676665973,0.0868869592270163,0.768414910757273,0.804416392129232
"ENSG00000102221",-0.029870386314452,5.32750989697637,0.0866640604254804,0.768703629405444,0.804672322971293
"ENSG00000164022",-0.0318883748563745,6.44468014761464,0.0865981740578405,0.768789048640505,0.804715424532315
"ENSG00000120963",-0.029152171682618,6.81657803777406,0.0860989494965897,0.769437425506506,0.805347752495386
"ENSG00000115020",0.0249384503105566,5.3681755300732,0.0855106990355218,0.770204052730655,0.806101666874202
"ENSG00000172638",0.038147101889314,5.397427781157,0.0854782963903818,0.770246364009609,0.806101666874202
"ENSG00000137941",0.0515491371807782,3.49564745740094,0.085334710509861,0.770433962893906,0.806251606278157
"ENSG00000230989",0.0229297609660407,7.15688879328332,0.0852756454076757,0.770511182805125,0.806286024558978
"ENSG00000168490",-0.0488953644562032,-0.0964745184933593,0.0850876447794929,0.770757162528562,0.806497024051864
"ENSG00000163898",0.0644079249667927,4.05656121166295,0.0840783875945059,0.772082741860246,0.807837594716341
"ENSG00000153406",0.0258439990723729,5.78521687186736,0.0839023069326491,0.772314892353837,0.808034011857546
"ENSG00000169313",0.062221386742662,-0.0284898039510913,0.0838657563805268,0.772363114889311,0.80803798295121
"ENSG00000143119",-0.0387716404527068,5.74892970760975,0.0830788018168571,0.773404149764692,0.809080563437261
"ENSG00000131398",-0.0657328055937697,3.95128802425554,0.0830125687653646,0.773492010470281,0.809125938139614
"ENSG00000241404",0.0395233559450982,-0.81782332298151,0.0826774866520609,0.773937092886596,0.809544964655015
"ENSG00000115649",-0.0193891500839628,6.29147902458143,0.0825729479511388,0.774076149260194,0.809643855468653
"ENSG00000198642",0.0268452821095369,6.04607223011938,0.0824573047887033,0.774230087770976,0.80972737448472
"ENSG00000109743",-0.0335895638009884,2.29477832776267,0.0824460776443839,0.77424503901824,0.80972737448472
"ENSG00000159445",-0.0271692396257991,4.90274874600358,0.0823308020569705,0.774398615926301,0.809823371538401
"ENSG00000182621",0.0572164540198243,4.51067210812473,0.0823103468102161,0.774425879765087,0.809823371538401
"ENSG00000104888",-0.0478849608230253,-0.573240373426563,0.0820723688705688,0.774743339304159,0.810102533639248
"ENSG00000116761",-0.0358267128793487,1.98052907904778,0.0820434724648026,0.774781920642991,0.810102533639248
"ENSG00000270890",0.0417596486710542,-1.41924560584168,0.0817426661501333,0.775183982815195,0.810476332458195
"ENSG00000134716",-0.0543974576466737,3.58804912019395,0.081541025325442,0.775453947242942,0.810711984391253
"ENSG00000119314",0.0255012290407833,7.6976165608646,0.0814318451866482,0.775600272493044,0.810818355908925
"ENSG00000144535",-0.0171397895361028,4.47858089257993,0.0813094088055892,0.775764490278607,0.810943419115311
"ENSG00000160219",-0.0336985118117594,2.2827095742582,0.0811289847339469,0.776006727966825,0.811150021164403
"ENSG00000171813",-0.0313577686891171,4.47021131915599,0.081030909019538,0.776138526819427,0.811241165783101
"ENSG00000175970",-0.029132285029466,4.94132642604897,0.0809433785989996,0.776256227255389,0.811317564723653
"ENSG00000116985",0.0528906088853092,3.34526135441689,0.0804593739864055,0.776908304291401,0.811952435697983
"ENSG00000196352",-0.0348950509073507,6.63611852557112,0.0803256920976792,0.7770887811094,0.812094389267856
"ENSG00000270062",0.0301216153488516,-0.662945050510323,0.0802503009613604,0.777190634254275,0.812154165803893
"ENSG00000178209",0.0282056916784996,8.83281512089923,0.0801939190542171,0.777266839793349,0.812187135594705
"ENSG00000105248",-0.0267463031140701,3.90259765639913,0.0796728770217915,0.77797245180045,0.812877747650174
"ENSG00000258955",-0.0492891914231988,-1.0900248515413,0.0793093967135855,0.778466165241665,0.813346887259616
"ENSG00000099998",0.0383974158739971,5.06142173368406,0.0790217329909615,0.778857763904961,0.813700891155764
"ENSG00000134371",0.0192167321272767,6.32165612808464,0.0789948022955013,0.778894464208371,0.813700891155764
"ENSG00000101000",0.033864462577977,3.12598032756023,0.0788851151985862,0.779044012123685,0.813810378065911
"ENSG00000224934",0.0299630442443363,0.889813435127659,0.0788208469406321,0.779131687911367,0.813855222819432
"ENSG00000187867",0.0729501659490174,1.51662378665065,0.0785207480752788,0.77954159901937,0.814236639462718
"ENSG00000269176",0.0324738038190186,-1.49339654713233,0.0784766458955012,0.779601910257649,0.814252873766287
"ENSG00000170909",0.0368945338672713,2.72626060016264,0.0782700479534244,0.779884683702085,0.814501442846599
"ENSG00000269893",-0.0358323330523687,5.28056923465452,0.078167844558832,0.780024719716862,0.814600918822364
"ENSG00000165272",0.0849716214286806,6.09331678050207,0.0776110931823176,0.780789303079851,0.815352577620505
"ENSG00000159023",0.0272780391778884,6.10255957562038,0.0774285491920217,0.781040632878579,0.81556820707289
"ENSG00000254245",-0.0548003541607235,-0.788271871308801,0.0768861109128835,0.781789361073836,0.816303168908142
"ENSG00000183828",-0.0311511354407836,3.71738549127833,0.0766924308998632,0.782057386865052,0.816500882787332
"ENSG00000198000",-0.0170206920968551,5.61005779322072,0.0766844059973187,0.782068500057076,0.816500882787332
"ENSG00000165259",-0.0332796782593001,2.09848069174854,0.0764446511552454,0.782400811015861,0.816800938512024
"ENSG00000154263",-0.0507346565142162,0.144108864890712,0.0760103835159147,0.783004157012601,0.817383895296171
"ENSG00000175471",0.0297708676388054,3.30476094096276,0.075953466780584,0.783083371161303,0.817419671411948
"ENSG00000137955",-0.0236646787094094,5.90850176049473,0.0758169929805613,0.783273439462776,0.817571151618305
"ENSG00000043462",0.0315538396845097,4.97139120144394,0.0756940959924197,0.783444756801487,0.817703043538704
"ENSG00000196323",-0.0255216378073469,6.17095684870346,0.0756590310027025,0.783493664529135,0.817707165344345
"ENSG00000126602",-0.0235537503306906,5.95872102032103,0.0756228497288724,0.783544142004748,0.817712924878492
"ENSG00000005486",0.0229525861962416,6.60219450023124,0.0755855518854947,0.783596190838058,0.817720323539078
"ENSG00000147689",0.108098557251227,3.86914271127753,0.0755250247204104,0.783680685409433,0.817761578096774
"ENSG00000171914",-0.0316635004802841,5.06141166156964,0.0748805158894548,0.784582673344411,0.81865582369274
"ENSG00000147119",0.024830076903103,1.37230899942233,0.0747764696196596,0.78472867653332,0.818761196006655
"ENSG00000163348",0.0182787169291788,6.81475638184713,0.0747258875888949,0.784799695343744,0.818788324379741
"ENSG00000260329",-0.0323407984918707,-0.212969015165364,0.0745389469081715,0.785062390573394,0.819003993014403
"ENSG00000198839",-0.0180469394783451,4.49824961333011,0.0744954452129623,0.785123571362809,0.819003993014403
"ENSG00000236397",-0.063318731846274,0.0187256812835408,0.0744826991168252,0.785141501110574,0.819003993014403
"ENSG00000230333",-0.0530172295894266,-0.799568809579832,0.0744234604817898,0.785224852882146,0.819043965373658
"ENSG00000214078",0.0327913459227531,7.0358986713305,0.0737601119125905,0.786160663063835,0.81997305538508
"ENSG00000172748",-0.0339879505920225,1.92249943251766,0.0737240017852474,0.786211734430423,0.819979300752367
"ENSG00000196136",0.0733131120792847,2.57246255812267,0.0736297276901484,0.786345131753609,0.820071402312766
"ENSG00000273828",-0.0434402797938847,-0.346771926518653,0.0730746064427739,0.787132491569209,0.820845465091496
"ENSG00000242622",-0.0248361507102243,1.23060799258762,0.0728476440265605,0.787455329534217,0.821135049510855
"ENSG00000279457",-0.0285563049793389,0.847979491351983,0.0724480710277272,0.788025007880804,0.821681983794993
"ENSG00000158402",-0.0268498274760897,3.250879957356,0.0721529355505542,0.788446870701682,0.822074735400264
"ENSG00000198160",0.0185570254760887,5.77693596504479,0.0721091751768192,0.788509499931675,0.822092908269263
"ENSG00000101695",-0.0316264424019755,3.347190141678,0.0719718903292945,0.788706112427521,0.822250760795125
"ENSG00000185090",-0.0437834337868359,3.52081663320114,0.0716473359517949,0.789171723943534,0.822689019033931
"ENSG00000226891",-0.0591448376656884,-0.824976776579233,0.0716153449260725,0.789217679997105,0.822689773256955
"ENSG00000249700",0.0439769004441427,0.382280700136376,0.0714710381231854,0.789425117854451,0.822858848274213
"ENSG00000253200",0.0324302668090423,-1.03356832244741,0.0713973649603299,0.789531107953133,0.822922165699231
"ENSG00000137720",0.0287237977605879,3.8286723866977,0.0710602264164864,0.790016882500912,0.823381299577479
"ENSG00000205155",-0.028487162807736,4.51618370678791,0.0710109346131779,0.790088009205614,0.823408246128335
"ENSG00000257176",0.0406249982230811,0.846921470994915,0.0709534272381895,0.790171024184874,0.823447578517991
"ENSG00000158435",-0.0174134000910587,6.08319168193092,0.0708606056358741,0.790305093206824,0.823510063207024
"ENSG00000206190",0.0360792816960833,4.34799426345339,0.0708492239309219,0.790321539107027,0.823510063207024
"ENSG00000134183",0.0440308381229964,-0.913078865482302,0.0703688562405322,0.791016936724879,0.824187445299731
"ENSG00000178789",0.0401377665504083,-0.0615073302926887,0.070298919797076,0.791118390945066,0.824231713011119
"ENSG00000169228",-0.037514109823089,0.697168296560968,0.070277098401651,0.791150057496598,0.824231713011119
"ENSG00000254910",-0.0383972595363949,-0.629318527347341,0.0695327681318864,0.792233374958403,0.82531305479944
"ENSG00000159450",0.053465040625701,-0.0752205509056124,0.0694556935344501,0.792345905077864,0.825383008107456
"ENSG00000188483",-0.0319625743058164,3.33059541178989,0.0693446523878527,0.792508144380488,0.825504732260026
"ENSG00000172590",0.0222877458566796,5.01886443043013,0.069311604883197,0.792556456046255,0.825507778179435
"ENSG00000232112",0.0305846951517476,3.23361368048095,0.0691986745417535,0.792721640304335,0.825632548465627
"ENSG00000253313",-0.0299237735748901,3.89790890944196,0.06862798484211,0.793558606411514,0.826456936178002
"ENSG00000177990",0.0563882186569832,1.22148111383493,0.0685462963349429,0.793678713655825,0.826534694759355
"ENSG00000179532",0.0317947064809079,3.164882838709,0.0682882552045644,0.794058616760456,0.826882979596884
"ENSG00000128463",-0.0162209769849413,5.01799558590844,0.0680092392563853,0.794470264226579,0.827222989374726
"ENSG00000125089",0.0278157922573088,3.752829871174,0.0680014421902922,0.794481780609041,0.827222989374726
"ENSG00000121577",0.0313037076858196,1.46732102125686,0.0679741236257575,0.794522136100356,0.827222989374726
"ENSG00000112701",-0.0174570298877412,6.63723977159683,0.0679437217232847,0.794567056541481,0.827222989374726
"ENSG00000179299",0.0416130985719232,2.57233878184091,0.0677500838638372,0.794853419130916,0.827473755775463
"ENSG00000151012",0.0641240244819651,4.08895948684953,0.0674135092796442,0.795352206548009,0.827945623437225
"ENSG00000153563",-0.04962969597453,4.1585316457359,0.0668777202467595,0.796148970445481,0.828714794105506
"ENSG00000115827",0.0171773399984687,4.67636819247369,0.0668554074573558,0.796182225214406,0.828714794105506
"ENSG00000074695",0.0222868301336807,7.93756108142311,0.0668110286117302,0.796248384629685,0.828736230022587
"ENSG00000244479",0.0376579878622757,-0.718275463778101,0.0664504918268984,0.796786739412626,0.829249096843491
"ENSG00000136379",-0.0288502471925084,5.24216543746206,0.0660824565509873,0.797337900200528,0.829775231953264
"ENSG00000139133",0.0284394099633538,2.37288811285751,0.0660371741197194,0.797405827049051,0.829798442749064
"ENSG00000166377",-0.0203475480956509,4.50073618472988,0.0659180558526139,0.797584631540108,0.829914729913386
"ENSG00000116288",0.0193810619438118,7.58782223751942,0.0659019409339413,0.797608834335055,0.829914729913386
"ENSG00000261326",0.0298558276285082,2.87550080084226,0.0656843715059058,0.797935908456529,0.830207556947963
"ENSG00000063180",-0.0539172816191048,2.83362970996523,0.0652473254535955,0.79859467311072,0.83084543613647
"ENSG00000124370",0.0190521373972691,3.48713136251294,0.0651696901515353,0.798711939372099,0.830919908099281
"ENSG00000132330",-0.0232152932578987,0.504128552572089,0.0648678218444691,0.799168612857244,0.831347445129693
"ENSG00000130164",0.035433313652805,6.07798206568227,0.0647393720976117,0.799363277889629,0.831502390520823
"ENSG00000231952",0.0416266394960877,-1.48937049057218,0.064636099543018,0.799519936196046,0.83161778563043
"ENSG00000146587",0.0177104551884593,4.97745338516527,0.0645850431782748,0.799597434887893,0.831650834662377
"ENSG00000118855",0.0166972437629494,6.68631291596239,0.0643288679046235,0.799986777809447,0.832008206472908
"ENSG00000187942",-0.0327310924326169,-1.45477884346918,0.0638019201817132,0.80079025180761,0.832749763570765
"ENSG00000286681",0.0318910958514947,1.19567741665403,0.0638011910530216,0.800791366002456,0.832749763570765
"ENSG00000115568",-0.0141760369763769,5.16184966825656,0.0634888568782331,0.801269274032141,0.833199105602686
"ENSG00000128159",0.0224920842062086,5.15615076585582,0.0634453124276164,0.801336001406627,0.833220854881301
"ENSG00000188428",-0.0165025720237374,4.0786242164038,0.0629563605501948,0.80208694803485,0.833954005079624
"ENSG00000142459",0.0232212398829079,4.26901409491689,0.06289529242794,0.802180955766542,0.834004071309127
"ENSG00000182612",0.0387149557876004,1.93689365152098,0.0617665562110802,0.803927334514821,0.835724381987221
"ENSG00000171806",-0.0195918898068944,3.74153572026705,0.0617664350114576,0.803927522940863,0.835724381987221
"ENSG00000250220",0.0312309605493499,-1.3915398729678,0.0614511216372738,0.804418399142774,0.836186880242829
"ENSG00000105122",-0.035819405821122,3.42289217727966,0.0612402557632343,0.804747419143793,0.836481086946354
"ENSG00000031691",-0.0218168199416241,3.32480069584069,0.0608098508998377,0.805420863207026,0.837133245328841
"ENSG00000160321",0.0669669357782835,1.21915176165624,0.0605886745291951,0.80576791632752,0.837446106409425
"ENSG00000277224",-0.0637508026003491,0.986790178323453,0.0604844201157666,0.80593173744291,0.83756850697741
"ENSG00000007341",-0.0167632711672417,3.6466284440746,0.0603829212300106,0.806091372569664,0.837686543497717
"ENSG00000106868",-0.0242510018668788,3.65912303077933,0.0601765133754224,0.806416445623173,0.837976479060405
"ENSG00000166439",-0.0276446608283213,4.64176610017581,0.0600281571638976,0.80665045809136,0.838171762555168
"ENSG00000215835",0.0208701933182218,-1.0417875621673,0.0598232706683205,0.806974144330565,0.838460196348718
"ENSG00000069702",0.0565406892813723,5.6077147359363,0.0594554788961905,0.807556670929549,0.839017521470732
"ENSG00000157916",0.0164459989869989,6.75950278749857,0.0594107516251231,0.807627642247846,0.839043328794415
"ENSG00000281357",0.0415099823308312,-0.933345427358705,0.0591722927067828,0.808006497288214,0.839388974907359
"ENSG00000162591",-0.0365072768895139,4.71204331401986,0.0591194392456348,0.808090578423032,0.839428376284089
"ENSG00000121060",-0.0208233166765994,6.01302636627648,0.0587344202575418,0.80870428514603,0.840017906238492
"ENSG00000069966",0.0232464972641655,3.76194027309452,0.0586741739076462,0.808800508251564,0.840069878595137
"ENSG00000257727",0.0205124886976634,1.52992380407171,0.0586113584269391,0.808900890392015,0.84012616459856
"ENSG00000239713",-0.0384083834275651,4.09692720837456,0.0584529398715979,0.809154304038561,0.840341373942405
"ENSG00000261183",0.0275318449092419,2.52618067476614,0.0577577760574493,0.810270640708719,0.841452690031414
"ENSG00000101916",-0.0464887431490387,2.35065639252139,0.0576457192137083,0.810451252470509,0.841592199824928
"ENSG00000135525",0.0266568979455635,6.14753310947237,0.057462774247589,0.810746520307066,0.841850748535334
"ENSG00000168899",0.0234749233702921,4.15191876876326,0.0572739040274305,0.811051873343891,0.842119739246372
"ENSG00000175787",0.0186938300183078,1.63702275258915,0.0572435012109343,0.811101076358141,0.842122752414766
"ENSG00000171657",0.0422316635805305,0.0397892006570079,0.0571525435778937,0.811248362044747,0.842227593405438
"ENSG00000156795",-0.0220470738803125,4.52982731905682,0.0571208095265507,0.811299777451029,0.842232896819595
"ENSG00000110237",0.0195751060189711,5.8354429578068,0.057021751500945,0.811460368150709,0.842351531072719
"ENSG00000103363",-0.0236964502762575,7.08385031346625,0.0569642759173677,0.811553613920869,0.842367402038485
"ENSG00000122477",-0.0273240017457179,-0.446248575510458,0.0569552350068725,0.811568286008378,0.842367402038485
"ENSG00000198938",-0.0307863015954476,12.3664747507436,0.0568635673621358,0.811717118884131,0.842473804968305
"ENSG00000131401",0.0406726706880512,3.43705840676094,0.0567957823204928,0.811827257204815,0.842540037320467
"ENSG00000055917",0.0126054660885678,7.67881345012725,0.0566512323877136,0.812062356721415,0.842735943401181
"ENSG00000143801",0.031379625160478,0.348395532991441,0.0565600904459005,0.812210755167487,0.842841856278099
"ENSG00000227403",-0.0658094294565957,0.903353815777246,0.056520972031088,0.812274487011134,0.84285990242803
"ENSG00000059378",-0.0254659601726606,6.07213688436323,0.0564469705609775,0.81239511421404,0.842936980850303
"ENSG00000123119",0.0582698711976196,1.02536760909339,0.056360621122301,0.812535975081449,0.843035043627005
"ENSG00000180071",-0.0604023556315496,0.602005850406403,0.0563126678814955,0.812614249904445,0.843045302380401
"ENSG00000115935",0.0254748659906225,6.14995856342881,0.0562977754849608,0.812638566160831,0.843045302380401
"ENSG00000140577",-0.0151370195873237,5.78033842967632,0.0561747821733568,0.81283951928346,0.843205679389013
"ENSG00000174915",-0.0240301124753917,4.84254849283943,0.056111192580916,0.812943506539585,0.84326545551169
"ENSG00000184343",0.0540207413463762,2.15658308738099,0.056040991848607,0.813058377219728,0.843336513537064
"ENSG00000177225",-0.0220584011001639,5.81118669277193,0.0559500548751034,0.813207292011493,0.843442873352249
"ENSG00000215302",-0.0313355590252079,-1.47212633468139,0.0558886852692663,0.813307860696876,0.8434990802506
"ENSG00000114013",-0.0298175361929515,4.16976871831121,0.0557384079252829,0.813554372333759,0.843706632683682
"ENSG00000273230",0.0363322191044678,0.979238556213349,0.0555373525224711,0.813884728604755,0.844001108607291
"ENSG00000155893",0.019955790523333,4.79861126147053,0.0554949722399959,0.813954444623322,0.844025281574058
"ENSG00000120322",0.0714710945193155,1.42030204176843,0.0549408603481732,0.814868562765108,0.844910299669638
"ENSG00000135637",0.0169120125536626,3.34650511590686,0.0549213484867874,0.814900839938684,0.844910299669638
"ENSG00000120280",0.0295782831083748,2.01574810567625,0.0547811234694193,0.815132983024393,0.845102815667084
"ENSG00000109536",0.0156016838473588,4.63354862023671,0.0545190282738012,0.815567724636693,0.845505345171693
"ENSG00000216937",0.026665524586927,1.90911568683063,0.053889417309208,0.816616595476916,0.846544465006221
"ENSG00000086730",-0.0253018266190372,3.82192756592285,0.0537844633760926,0.816792065539265,0.846678108288394
"ENSG00000224543",0.0343642213813809,-0.856334586816104,0.0537272376183352,0.816887815987889,0.84671995916952
"ENSG00000184979",-0.0310912374350025,4.22171896429355,0.0537046964735715,0.81692554670699,0.84671995916952
"ENSG00000111796",-0.0440664193425133,0.943073782367028,0.053567235799644,0.81715581744639,0.8469103657026
"ENSG00000288596",0.0226202020292902,1.94514977468518,0.0532838058490751,0.817631597106619,0.84733017427083
"ENSG00000275023",0.0276614252007294,7.21465952541378,0.0532704489634555,0.817654051496995,0.84733017427083
"ENSG00000075785",0.0129117385125153,8.414003073847,0.0531362159950895,0.817879876701005,0.84751590687317
"ENSG00000089248",-0.0181241930125083,7.18606389023333,0.0530434141949562,0.818036176394066,0.847629577636602
"ENSG00000196338",-0.0300707717831503,0.336771600145635,0.0528226528649113,0.818408569227983,0.847967133252737
"ENSG00000124116",-0.0379342360450617,0.0385181297088532,0.0527011416059553,0.818613891071386,0.848131555158438
"ENSG00000281183",0.0422219754923073,-0.045481630630729,0.0526689869066835,0.818668265688085,0.848139577143706
"ENSG00000166266",-0.0167869112131268,5.42296563107964,0.0525265972520318,0.818909261398753,0.848340926486332
"ENSG00000236914",0.0237111752424187,-0.692862186396923,0.0524046929020472,0.81911585891862,0.848506620458586
"ENSG00000158042",0.0197437449025826,6.05838967522243,0.0517575480466949,0.82021686738573,0.849598746170719
"ENSG00000198804",0.0276805803202326,13.192670465296,0.0515855541682781,0.820510702579678,0.849824333014263
"ENSG00000155100",0.0220109760912276,4.45349699950404,0.0515753792393821,0.820528101608944,0.849824333014263
"ENSG00000171222",0.0304274507390375,5.13340666096673,0.0515205492777384,0.820621891396402,0.849827011283995
"ENSG00000166341",0.0322918540085739,5.00332025930613,0.0515192370100096,0.820624136748449,0.849827011283995
"ENSG00000248445",0.0382261030205106,-0.7179178213007,0.0513626115001323,0.820892346726332,0.850044894991769
"ENSG00000149657",0.0162041526573857,6.29257627500938,0.051341806343406,0.820928006406995,0.850044894991769
"ENSG00000197301",0.0535250108083941,-0.184633156951033,0.0510023797663721,0.821510854193084,0.850599989528852
"ENSG00000115641",0.0383281371827505,6.08045506043247,0.0508736820262147,0.821732380970855,0.850780927027832
"ENSG00000118946",0.0238171639194541,3.62122192139483,0.0499688061924056,0.823298322962931,0.852353705490083
"ENSG00000248527",0.0319492973784552,8.34047027173269,0.0498763526427439,0.823459155072198,0.852471689478805
"ENSG00000158869",-0.025872667324684,5.49392848344583,0.0497979803791566,0.823595614013796,0.852564429577855
"ENSG00000244926",-0.0344183498018029,-1.58165928227434,0.0495556605358897,0.82401824721569,0.85293510406045
"ENSG00000125834",0.018025518632946,6.24346993194138,0.0495389200547743,0.824047484525524,0.85293510406045
"ENSG00000159199",-0.0242528637889504,6.02447676478387,0.0494362575276769,0.82422689851526,0.853072260296793
"ENSG00000115998",0.0104539178631388,3.55907315656902,0.0493926977780703,0.824303083021439,0.853102564811309
"ENSG00000186265",-0.0540632901351638,0.99066131383772,0.0490592630932198,0.82488742043275,0.853658742693079
"ENSG00000205129",0.0300084322428556,0.325139728909332,0.0488565253251955,0.825243733238994,0.853978892816956
"ENSG00000127364",0.0339934067536925,-0.258920827170886,0.0484592235161158,0.825944249465769,0.854655174903761
"ENSG00000186231",-0.0375343759701327,-0.841163237259044,0.0484276427427536,0.82600006117715,0.854664302690295
"ENSG00000158863",0.0195991008786419,5.49952975013503,0.0482043997183037,0.826395136966205,0.855024446848019
"ENSG00000214253",0.019837120652297,6.09392712963844,0.0480583441248969,0.826654132485287,0.855243763460888
"ENSG00000169220",-0.026368359667547,4.09249318659302,0.0479898628226094,0.826775710160615,0.855320892804805
"ENSG00000177853",0.0181684237163128,5.22278060814114,0.0478152142895011,0.827086183126253,0.855593419332288
"ENSG00000141503",0.0149508529595208,6.33802911393352,0.0477049277052249,0.827282545945236,0.855747878385483
"ENSG00000136279",0.0142927678052169,6.86365167886947,0.0476661267268528,0.827351686779993,0.855770727886403
"ENSG00000223509",-0.0232371042193981,0.411981311552792,0.0475704423619713,0.827522316251611,0.855898543530526
"ENSG00000176222",0.0265521382778563,1.59865488994532,0.0472855999691375,0.828031329379224,0.856376311767845
"ENSG00000156265",0.0201700891344282,2.03751521058398,0.0472284456252168,0.828133657432532,0.85643344296258
"ENSG00000104290",-0.0319473440047207,4.34497163568089,0.0471074412149351,0.828350515640277,0.856582977272843
"ENSG00000091640",0.0186388817158492,5.0712290049589,0.0470952152319794,0.828372442668355,0.856582977272843
"ENSG00000180574",0.0354855416059324,-0.447560346353268,0.0470519025924145,0.828450146916395,0.856614626044082
"ENSG00000125966",-0.0521587129684514,1.31346726622316,0.0470011539939149,0.82854123917636,0.856625949604946
"ENSG00000140682",-0.0266433860381376,4.50549061444905,0.0469933258787108,0.828555294999461,0.856625949604946
"ENSG00000138738",-0.029487103753522,1.72158580905407,0.0468637127649645,0.828788201094745,0.856818041352311
"ENSG00000109911",-0.0149180279262305,3.76833062868204,0.0467447195743425,0.829002320996426,0.856990690819768
"ENSG00000104936",0.0214868502467729,4.12674538305869,0.0465137813238523,0.829418693898909,0.857372390146824
"ENSG00000179943",-0.0176531364979662,4.372419881744,0.046367363527099,0.829683240271094,0.857597111505494
"ENSG00000176595",-0.0429329257799449,2.84092693336512,0.0461023366533358,0.830163202513068,0.858044457993276
"ENSG00000203667",0.0310128660985489,0.00450734077059218,0.0458451853790648,0.8306302837667,0.858478440797178
"ENSG00000259494",0.0170319522174068,0.92812676975834,0.0457929333555064,0.830725360029621,0.858527919098742
"ENSG00000254531",-0.0304300613004525,1.58168930038937,0.0457201350667019,0.830857916316202,0.858616123974948
"ENSG00000186026",0.0207926043934686,1.76287716374981,0.0456847899044983,0.830922315098687,0.858633888245834
"ENSG00000263004",0.0299479791858771,1.35149447836271,0.0455049404730719,0.831250404530523,0.858886759753546
"ENSG00000215252",-0.0373418734077914,3.40467579125279,0.0454988806896973,0.831261470856701,0.858886759753546
"ENSG00000239521",0.0230100712095157,2.50079987684733,0.0454571711461297,0.831337661394027,0.858916688561381
"ENSG00000179101",-0.0263167569130397,-0.88972025374441,0.0451854002394397,0.831835000844006,0.859381709477465
"ENSG00000238249",0.0215797656891951,1.08043793407852,0.0451227571174133,0.831949859023449,0.859432967791466
"ENSG00000115750",-0.0159007365718625,4.07835022024384,0.0450976301154178,0.831995953607302,0.859432967791466
"ENSG00000213203",-0.0261158996992615,2.35805883406778,0.0450810512122469,0.832026374360685,0.859432967791466
"ENSG00000068976",-0.0286368510762154,-0.283660110948384,0.0448513640994907,0.832448432045738,0.859820096657839
"ENSG00000224635",0.0369206625574618,-0.207739814344989,0.0447195819443055,0.832691096121911,0.859978371712036
"ENSG00000248503",0.0242147479102891,-1.4007130458642,0.0446912237406948,0.832743363836722,0.859978371712036
"ENSG00000285825",0.036125940608998,-0.557066320914856,0.0446911407920335,0.832743516746887,0.859978371712036
"ENSG00000067208",0.0174680691107619,4.33624879282164,0.0446150020426738,0.832883935888839,0.860074548682576
"ENSG00000250802",-0.0293161835372044,0.898551815458394,0.0445508827374566,0.833002285262135,0.860136642374572
"ENSG00000198700",-0.0138624849296661,7.34755122940472,0.0445218319334878,0.833055935599726,0.860136642374572
"ENSG00000090104",0.0353867821477536,5.92287827869039,0.0445055888871718,0.833085940843988,0.860136642374572
"ENSG00000261888",-0.0379253121989572,0.337714425145239,0.0444135621237721,0.833256046961302,0.860263437709721
"ENSG00000082074",-0.0315536037175978,5.2646974716342,0.044360356742312,0.833354478005213,0.860316224654264
"ENSG00000100429",-0.0275217844073325,-0.835723052543552,0.0442889435033194,0.833486690925758,0.860403878458351
"ENSG00000022556",-0.0670503613039478,5.45366090100583,0.0441157547712508,0.833807791897047,0.860685925271143
"ENSG00000003987",0.0341784147103255,1.23804146472137,0.0440905609538168,0.833854557356653,0.860685925271143
"ENSG00000121552",-0.0584032733775551,4.28362326958198,0.0440549413807638,0.833920699205964,0.860705349969247
"ENSG00000271643",0.0184692051404381,2.75808688492553,0.0440225955945246,0.833980786166984,0.860718523452596
"ENSG00000274512",0.053251545711462,0.285730585970302,0.0436556736660503,0.834664016716832,0.861348335959068
"ENSG00000227782",0.0245283358407827,-0.741483296043243,0.0436440283266209,0.834685750015316,0.861348335959068
"ENSG00000169727",-0.0187194519790448,6.94714105640563,0.0434961391420397,0.83496201423425,0.861584540729181
"ENSG00000164197",0.0316447918614744,2.25412001842292,0.0431835658969749,0.835547533593588,0.862139816247812
"ENSG00000235109",0.029644366179274,3.86156089457832,0.0429491554277022,0.835988088852543,0.862545459499095
"ENSG00000119705",0.0191152784807732,5.05408755325584,0.0428179669108654,0.836235194365274,0.862751472863781
"ENSG00000162645",0.0331320327867219,7.11469581500001,0.0427188755911414,0.836422103737166,0.862877680630882
"ENSG00000061794",0.0181775546262029,6.58355578952467,0.042702821128072,0.836452407477627,0.862877680630882
"ENSG00000196696",-0.0276741045116708,0.738632764935326,0.0425271824584284,0.836784324527416,0.863171126049492
"ENSG00000137504",0.0176108675936936,6.13331120415093,0.0425014991914493,0.836832919901385,0.863172298937582
"ENSG00000185730",-0.0200957798334849,4.25733741317333,0.0423295228851275,0.837158711903621,0.863459376891406
"ENSG00000141971",-0.0199514420366273,5.06706274356224,0.0422244393923644,0.837358121806136,0.863616077085908
"ENSG00000268471",0.0193687772801888,2.07733420785603,0.0414645583820683,0.83880785938905,0.86506222196462
"ENSG00000214783",-0.0303958409935854,0.663636346667634,0.0411037948313658,0.83950098576731,0.865727954251621
"ENSG00000233237",0.0461124952501263,3.79202340887951,0.0410685074414459,0.839568952360777,0.865748957111793
"ENSG00000146555",-0.0369822975893733,3.91519095406847,0.0407073978491043,0.840266235748699,0.86641886137521
"ENSG00000122557",-0.0104839199668222,5.15822570126487,0.0406646602070061,0.840348972568305,0.866422537096816
"ENSG00000215374",0.0365578195811561,-0.556419294082304,0.0406563454275997,0.840365074605505,0.866422537096816
"ENSG00000163636",0.0114867501757351,6.03281223634086,0.0404578630235259,0.840749956853077,0.866770219660116
"ENSG00000124207",-0.0164646652006729,7.85770200219671,0.0404034369283128,0.84085566742149,0.866830067395685
"ENSG00000127334",0.0180924587550681,5.75405839191305,0.0403238743047416,0.841010333499849,0.866898394988296
"ENSG00000046889",-0.0333255362057445,2.80994510945542,0.0403203059152663,0.841017274003106,0.866898394988296
"ENSG00000270562",0.0309055194892385,-0.637830773405511,0.040249999578987,0.841154084772077,0.866959590438483
"ENSG00000287346",0.0374508962297945,-0.165105341835343,0.0402408102884362,0.841171975614026,0.866959590438483
"ENSG00000129292",0.0171359971794473,6.45126893179109,0.0401321278911284,0.841383733298222,0.867128702472125
"ENSG00000132002",-0.0161027227766297,7.64782772776638,0.0399890101224929,0.841663040679168,0.867367408004573
"ENSG00000010610",-0.0241916495986954,6.32099005106701,0.0398391732932179,0.841956018543052,0.86762017366918
"ENSG00000183010",-0.0250971065482004,6.471070194002,0.0393000709749953,0.843014899366047,0.868662114875625
"ENSG00000115718",0.0330293671876027,-0.379658123437591,0.0392572820896477,0.843099265905005,0.868699832782701
"ENSG00000251580",0.0270126207484563,0.147090756924814,0.0389951009723932,0.843617253251951,0.869184308737692
"ENSG00000130717",-0.0130436304750318,4.97934870418652,0.0388925269136907,0.843820399615953,0.869344365481757
"ENSG00000131584",0.0205130890177801,5.14210137235896,0.0387055197887173,0.844191481966012,0.869677410025366
"ENSG00000116329",0.0704348274510277,2.06551419265868,0.0385736285191857,0.844453757040475,0.86989833105189
"ENSG00000173141",-0.0165403423203585,5.2674878323927,0.0382744499068278,0.845050426534604,0.870454999961182
"ENSG00000204859",-0.0151457567152425,3.97262197410513,0.0382547195836813,0.845089860859608,0.870454999961182
"ENSG00000254604",0.0299810119021979,-1.15228532802413,0.0380401979338277,0.845519301364643,0.87084801252733
"ENSG00000196459",0.0150838852373615,4.38455681545417,0.0378548693764299,0.84589131488211,0.871175336284516
"ENSG00000183850",-0.0435625874430861,0.836745433625392,0.0378341810292697,0.845932901590106,0.871175336284516
"ENSG00000135870",0.0126448276044275,5.60697153405867,0.0377869777719139,0.846027831484526,0.871209712437741
"ENSG00000211746",-0.0416102308126947,-0.283670638615488,0.037747631780263,0.846107006766767,0.871209712437741
"ENSG00000069399",0.0216976499867948,6.00716068773659,0.0377461534436426,0.846109982433487,0.871209712437741
"ENSG00000198932",-0.0306620579355646,2.40639573276625,0.0374739644743914,0.84665889177861,0.87167755000677
"ENSG00000241506",0.0184881212936128,-0.792819256880207,0.0374733202275506,0.846660193447306,0.87167755000677
"ENSG00000221988",-0.0172689759970989,2.96935892289797,0.0372526229815952,0.847106786471371,0.872087973755663
"ENSG00000276070",-0.0341991674193734,2.30574366934319,0.0371941541819494,0.847225331112288,0.872160647626799
"ENSG00000198382",-0.0176247649719025,5.49303324040849,0.0371497914207161,0.847315340468985,0.872203939807001
"ENSG00000110811",-0.0336931572380042,5.01098708291111,0.036830572284942,0.847964667107395,0.872822940879983
"ENSG00000165168",-0.0301709042713096,6.48431706368876,0.0365866461474537,0.848462808766944,0.873286263700593
"ENSG00000233452",-0.0299077882772769,-0.355021148661757,0.036535906720949,0.84856664403697,0.873343714449096
"ENSG00000125458",-0.0233498806001329,3.23467225256522,0.0362672728475921,0.849117637129225,0.873861346919388
"ENSG00000040633",-0.011439737531497,5.28605900158793,0.0360451784815062,0.849574772476896,0.874255050696492
"ENSG00000284770",-0.0254965852520535,0.429143845457915,0.0360347232121231,0.849596328406669,0.874255050696492
"ENSG00000104660",0.0150030098823389,5.69724982450954,0.0359705348258493,0.849728738519631,0.874341836173063
"ENSG00000138674",0.011836121557066,8.19253291468763,0.0355492959402852,0.85060073917421,0.875189582174607
"ENSG00000243477",-0.018558277826121,2.70155992328583,0.0355164785757914,0.850668898081346,0.875210200152931
"ENSG00000105486",0.015143189411263,5.45233351593279,0.0354509803232016,0.850805030011257,0.875300745847884
"ENSG00000232860",0.0233600070134394,-0.7337167451352,0.0354067619447446,0.850897007384933,0.875317695913952
"ENSG00000077684",-0.0158986055660068,4.92058808582697,0.0353967900070518,0.850917757942302,0.875317695913952
"ENSG00000188917",-0.0125831569817481,4.72186680049589,0.0349653469790898,0.851818461494808,0.876194671285351
"ENSG00000150907",0.0188117517317098,4.30791108932108,0.0347507796340187,0.852268545705286,0.876608059112579
"ENSG00000171763",0.012612209587053,3.44581300179006,0.0345185502315723,0.852757301906393,0.877061174342539
"ENSG00000271605",-0.0224327536835158,2.31383638433459,0.0344620668748542,0.852876435271339,0.877111715865075
"ENSG00000131067",0.0276774452685797,4.28624972609631,0.034449529553266,0.852902892390021,0.877111715865075
"ENSG00000092020",-0.0140122860644529,3.69417976810247,0.0333963297946422,0.855143483193075,0.879366182637849
"ENSG00000227141",0.0338745223307887,-0.215121363344135,0.032957746286668,0.856087291062235,0.880286954423334
"ENSG00000132541",0.0191161336375666,4.74538873025917,0.0328248135110002,0.856374634894312,0.88052578559728
"ENSG00000144028",-0.0125252769108188,8.60652296843247,0.0328055235117905,0.856416381527154,0.88052578559728
"ENSG00000184809",0.0566388502017136,2.37442885585371,0.0325973967680678,0.856867609715431,0.880939917783295
"ENSG00000149177",-0.0208954215472569,5.75223937989357,0.032536479020142,0.856999963416811,0.881026188934262
"ENSG00000262587",0.0237548873439802,0.395558668959056,0.0325122998123437,0.857052532141356,0.881030433198835
"ENSG00000162711",-0.0215161774624686,1.95041985226205,0.0324593385239969,0.85716774740429,0.88109907255506
"ENSG00000147789",-0.0148441104551819,5.06796704884471,0.0323993249446854,0.857298422022194,0.881183157588466
"ENSG00000274180",0.021234615382923,3.96676497033381,0.0323772839569587,0.857346445826121,0.881183157588466
"ENSG00000104415",-0.0332437637652028,4.95665813441849,0.0323460690464856,0.857414487033168,0.881203293787605
"ENSG00000127526",-0.0123650838445113,6.63212895832468,0.0322807544282943,0.857556967382584,0.881299927831079
"ENSG00000069011",-0.0373523262178086,5.10040059662186,0.0319921085791029,0.858188421963244,0.88189903489844
"ENSG00000124466",-0.0412752209346661,5.96671264305664,0.0317109025509216,0.858806434578297,0.882484261701133
"ENSG00000230204",-0.0202751553801788,-1.07603104067054,0.0316804231266169,0.858873589437007,0.882503409111365
"ENSG00000165197",-0.0366738317590127,-0.569243262603517,0.0315331615547042,0.85919851918943,0.882787406339248
"ENSG00000122122",-0.02369270124004,4.18607437620744,0.0314036879124564,0.859484847452074,0.883011140267398
"ENSG00000120688",0.0121128689152422,3.88835343532581,0.0313908041282862,0.859513372954366,0.883011140267398
"ENSG00000182771",-0.0221522789834184,0.991283931359317,0.0311531995104082,0.860040530918102,0.8835028057802
"ENSG00000144366",0.0324681988067404,3.255874218146,0.0310808419190635,0.860201477549297,0.883618235268644
"ENSG00000146094",-0.0182468493785939,3.48246843952222,0.030975217048236,0.8604367685793,0.883764735721458
"ENSG00000264278",0.0196286489189414,0.197858774507008,0.030970758621177,0.860446709308208,0.883764735721458
"ENSG00000163618",-0.0443963569491194,0.345713476619529,0.0309514060926674,0.860489867214168,0.883764735721458
"ENSG00000169398",0.0148525086661098,7.68436725409236,0.0308978744551285,0.860609320168704,0.883837510741298
"ENSG00000267454",-0.0279011491888301,-0.378431378495218,0.0306086687565954,0.861256520034519,0.884405605966194
"ENSG00000162065",-0.0164901031841362,5.16507730991751,0.0305956219282924,0.861285791061806,0.884405605966194
"ENSG00000197816",0.0266895415707963,-0.365845519259265,0.0305855631992013,0.861308362573081,0.884405605966194
"ENSG00000013503",-0.0138262922092033,4.11289411443013,0.0304849107004025,0.861534435002275,0.884587800825414
"ENSG00000088833",0.0124331535456243,6.53917764425359,0.0303392946970808,0.861862180381694,0.884874362787595
"ENSG00000248734",-0.0252684517116613,-1.0119787171126,0.0303077368696308,0.86193331598569,0.88489744587648
"ENSG00000075142",-0.0141792804380957,6.17534178362938,0.0301478354580543,0.862294343307325,0.885218124743107
"ENSG00000167595",0.0150741313541459,3.80109231622643,0.030047225750088,0.862522006886347,0.885401865969572
"ENSG00000099797",0.0162325808259049,6.99852241470026,0.0300227456261496,0.86257746083661,0.885408818652083
"ENSG00000095739",-0.0390682119341211,6.70039646734511,0.0297474732261773,0.863202635934812,0.886000538509162
"ENSG00000214954",0.0225771196408772,-0.0784805366919688,0.0293427997841302,0.864127129004916,0.886899397457334
"ENSG00000110107",0.0115170580585444,7.58937890748,0.0292593985714216,0.864318476630359,0.887045731461064
"ENSG00000230732",-0.0260177026773647,-0.960962090183879,0.0292207277319545,0.864407294495745,0.887086829108424
"ENSG00000165632",-0.0113234118467935,4.38991403863897,0.0289102963756842,0.865122485562566,0.887770693264046
"ENSG00000179630",0.0150356906903732,3.56304955990395,0.0288411334328299,0.865282364941522,0.887884663106144
"ENSG00000168002",-0.0122384573481535,6.17842169542651,0.0287016335902472,0.865605438707395,0.888166067878264
"ENSG00000115232",-0.0223276588745894,4.36095139303893,0.028667361078314,0.865684935443478,0.888197529522535
"ENSG00000259448",-0.0293164380147599,-1.19383426648854,0.028288651054431,0.866566646797239,0.889052017821987
"ENSG00000105321",-0.0164344326287504,4.78580106193034,0.0281546097877377,0.866880174301978,0.889323515720254
"ENSG00000106351",-0.0170584573109744,4.17985536603885,0.0278292865585933,0.867644323756543,0.890057245374168
"ENSG00000235257",-0.0187305404243449,1.27922491776848,0.0277872551042898,0.867743385375795,0.890108662411311
"ENSG00000107175",-0.0141150699944262,5.91428879787259,0.0276771021829017,0.868003364691521,0.890325129540344
"ENSG00000149600",0.0131773537919295,5.67061526659139,0.0275629600710268,0.868273320736829,0.890551804971604
"ENSG00000114626",0.0162996609340713,4.48498930699429,0.0274884940663412,0.868449749061835,0.890682532758355
"ENSG00000181350",-0.025854688549337,1.7567909316141,0.0273723326822846,0.868725455039727,0.890901243970038
"ENSG00000175536",-0.0179787544408097,1.41017682019216,0.0273528704854953,0.868771706802335,0.890901243970038
"ENSG00000174672",-0.0511169960391822,2.20448171190093,0.0273367837152498,0.868809949653429,0.890901243970038
"ENSG00000156869",-0.0163266598595105,3.85200001294691,0.0269840007966832,0.869651540600179,0.891713959884771
"ENSG00000131069",-0.017698604403655,5.61205751866328,0.026939423345953,0.869758284738422,0.891773137314528
"ENSG00000076604",-0.0170676764156746,6.43137471330941,0.0267611521072425,0.870186078266844,0.892113778176559
"ENSG00000132950",-0.0123479983471993,3.94344415176726,0.0267600965996169,0.870188615495399,0.892113778176559
"ENSG00000157978",-0.0125694134553144,5.40058756521349,0.0266959709091816,0.870342857289633,0.892182254489907
"ENSG00000125447",0.00996495151010863,5.56591035952082,0.0266915426647387,0.870353515582495,0.892182254489907
"ENSG00000116251",-0.0136266279222776,7.04730378489001,0.0265922100326005,0.870592837212953,0.892377283770806
"ENSG00000170954",-0.0186995562086697,3.51496584608255,0.0265335201821463,0.870734454104181,0.89247214715395
"ENSG00000111364",0.0115542287536458,4.69709125004661,0.0261276780397025,0.871718170994767,0.893430074047832
"ENSG00000133935",-0.0127330652131958,5.661928619854,0.0260909435327651,0.871807597210054,0.893434689488838
"ENSG00000103496",-0.0133783077097256,5.33756180730104,0.0260854736056762,0.871820918685282,0.893434689488838
"ENSG00000128311",-0.020706641465009,4.65758142288282,0.0260227759555921,0.871973715197658,0.89354092805313
"ENSG00000262152",0.0397247347930573,0.905266997407388,0.0258910925771445,0.87229524863636,0.893820055335106
"ENSG00000279265",0.017680153942806,-1.57105093980892,0.0258658359652072,0.872357013926815,0.893832987961293
"ENSG00000164182",-0.0135721219194605,3.93500102146393,0.0255836743195078,0.873049157444556,0.894491779833347
"ENSG00000237493",-0.0217328459853944,-1.53038477256491,0.0253599729127406,0.873600684771703,0.895006435792696
"ENSG00000188761",0.0256520169750188,-0.742091736774302,0.0253000069611303,0.873748952110107,0.895107916017722
"ENSG00000141179",0.0176865569381539,4.83585460792526,0.025256367472046,0.873856965157855,0.89515880071055
"ENSG00000163519",0.0390845569890743,1.11477412601221,0.0252401795354067,0.873897056598665,0.89515880071055
"ENSG00000179029",-0.0142156575893906,3.44017968725264,0.0251993361094307,0.87399826905523,0.895212058206709
"ENSG00000161082",0.041714302855904,0.558244951472124,0.0251457286819617,0.874131239184588,0.895297836371736
"ENSG00000079459",0.0152498990979571,7.0124133719774,0.0250655130546677,0.874330481116403,0.89545147759137
"ENSG00000233822",-0.0279831744672951,1.77066248922574,0.024983534277443,0.874534440389047,0.895609932533558
"ENSG00000198830",0.0118168825589506,7.89569369640531,0.0249539108075585,0.874608226518409,0.895635066939745
"ENSG00000105953",0.00999659758257298,7.10661813508923,0.0245278865284983,0.875674374067436,0.896676360519003
"ENSG00000118200",-0.0132700800563004,6.45998524544273,0.0243691631892489,0.87607401078444,0.897035078992703
"ENSG00000101811",0.0104720756706954,4.72978627967581,0.0243090105231921,0.876225812619058,0.897140006750474
"ENSG00000224032",0.0176354726259162,3.66655666300569,0.0242311603597979,0.876422561945704,0.897289687407419
"ENSG00000143624",-0.00937931011613369,7.02011676945151,0.0242024606476686,0.876495175875073,0.897289687407419
"ENSG00000267280",0.0399628173428484,-0.849316052997166,0.024192650707165,0.876520006387047,0.897289687407419
"ENSG00000175764",-0.012781797253366,1.77553201660521,0.0241290299273455,0.876681165963427,0.897404156153918
"ENSG00000225032",-0.0208885241736805,0.153491526792445,0.0237755047885795,0.877580681165926,0.898274378358144
"ENSG00000053900",-0.00798983198020378,4.69810167222721,0.0237137612129825,0.877738483316321,0.898341076136471
"ENSG00000273151",-0.0251232481322838,1.89152687278734,0.0237113592781336,0.877744626348209,0.898341076136471
"ENSG00000166348",-0.0165833099473661,5.3986372064862,0.0234363518772217,0.878450085634378,0.899012500423028
"ENSG00000095139",-0.00985450447301602,7.91518351122284,0.0233143594173517,0.878764381397581,0.899283551952918
"ENSG00000186298",-0.00900467909391828,7.50377535159849,0.0232051333936074,0.879046501100424,0.899493500723133
"ENSG00000272914",-0.0173921863675788,-1.52453211967577,0.0231966464735526,0.879068450371326,0.899493500723133
"ENSG00000229833",0.0174441609809171,0.289939954317666,0.0231594461283318,0.87916470815985,0.899541387939433
"ENSG00000110057",0.018289871497048,5.67268195494107,0.0230778724481954,0.879376061510715,0.899707026312476
"ENSG00000129521",-0.0316247736035245,5.54029894820896,0.0230372160053095,0.879481543048201,0.899764332599881
"ENSG00000287168",0.0255019264828564,0.328138030459429,0.0229990101717115,0.879580753404334,0.89981521699297
"ENSG00000133246",0.0174968636747722,1.05890788075216,0.0226692245197049,0.88044064712316,0.900644234526211
"ENSG00000198786",0.0200775430770788,11.2066426277929,0.0225391261391932,0.880781628293525,0.900942368562096
"ENSG00000173875",0.0102536783461944,5.2503348537548,0.0224622107766267,0.880983693011671,0.901098380862461
"ENSG00000244198",0.0194013257275424,1.27122549438403,0.0223519046991661,0.881274097090223,0.901344726867063
"ENSG00000143224",0.0134990027046673,4.36126373691067,0.0221775268235678,0.881734682346635,0.901765092359458
"ENSG00000262246",0.0149602132410389,3.10999857734639,0.0220341533889255,0.882114763881718,0.902103082680949
"ENSG00000120885",0.0422938769970923,9.82975771147175,0.0219207566359453,0.882416273580811,0.902360687275823
"ENSG00000112769",0.0162929971642374,6.56171001309477,0.0218924822108961,0.882491576283957,0.902386956173195
"ENSG00000161267",0.0182915084433312,5.11678365497706,0.0217744650099861,0.882806426997762,0.902658156860541
"ENSG00000250067",-0.0258090092062,1.24501353070706,0.0217404564085478,0.882897318160607,0.902700344184896
"ENSG00000255585",-0.0292018379786603,-1.23732215441097,0.0215482381662247,0.883412410458419,0.903176218179748
"ENSG00000020256",0.00897867489639127,4.85810207687437,0.0215147049774139,0.883502510346585,0.903217562710566
"ENSG00000109066",-0.0115571861154614,5.18455082497289,0.021495830834472,0.883553254586833,0.903218670999624
"ENSG00000107566",-0.0098792047567804,5.80866008777668,0.021234209369172,0.884258997117695,0.903889318247436
"ENSG00000105426",-0.0195689395530734,5.87071784048607,0.0210079652337234,0.884872895450647,0.904466012276968
"ENSG00000142798",-0.0191373793038723,7.94085319717745,0.020854759484599,0.885290527760163,0.904842040961047
"ENSG00000138617",0.00986263517543275,4.00695110518357,0.0204889138651372,0.886294186911362,0.905816962887382
"ENSG00000178814",-0.0231639454606073,4.96236791914389,0.0204011665528357,0.886536269270382,0.90601346662301
"ENSG00000162601",-0.0127029598054079,5.24290371636189,0.0202046334930101,0.887080410837343,0.906518626379908
"ENSG00000130254",0.00909884786267889,5.54971989442092,0.019954207380909,0.887777693579344,0.907180217474078
"ENSG00000198727",0.0176689505309472,11.9812708282971,0.0195346643882175,0.888955939899646,0.908333181735661
"ENSG00000135090",-0.00936358852084648,5.78749219469475,0.0194341428925032,0.889240155694341,0.908572549394341
"ENSG00000259834",0.0264151413786064,1.90815544998782,0.0188368603136692,0.890944596152447,0.910262909494479
"ENSG00000184985",0.0270240518268616,3.01249139078879,0.0187025360287042,0.891331688740975,0.910607243432053
"ENSG00000185238",-0.0115903548891885,4.5505037814152,0.0186842032215258,0.891384629490471,0.910610179800758
"ENSG00000205482",0.0167778861333669,-1.48256553043245,0.0186587591092103,0.891458149848589,0.91063413813233
"ENSG00000144647",-0.0111471304866173,4.76316451525234,0.0185093894059887,0.891890784861294,0.9110249126731
"ENSG00000110435",-0.0113833874718236,5.69414244306547,0.0184110275086239,0.892176652314529,0.911265735513935
"ENSG00000044446",-0.010636823626024,4.55850708498442,0.0181965063384637,0.892802821417416,0.911807694947238
"ENSG00000151693",-0.0165751718213178,4.73605848480384,0.0181949002445905,0.892807523604319,0.911807694947238
"ENSG00000121903",-0.0150782385286343,2.33138922702337,0.0179113058563267,0.893641146363729,0.91260781415292
"ENSG00000196110",-0.0127457259235253,2.65796314725666,0.0178756411538784,0.893746456603402,0.912664115024573
"ENSG00000156802",-0.0148802743342353,7.29264087122085,0.0178192723321696,0.893913119998613,0.912744468096226
"ENSG00000277232",0.0207441149171971,-0.304580148547523,0.0178150847720726,0.893925511886853,0.912744468096226
"ENSG00000141968",0.0185135369369826,3.79825073608723,0.0177475744086056,0.894125494502083,0.91289501180248
"ENSG00000040487",0.0110224015966691,4.05582365358967,0.0177314433537411,0.894173336005123,0.91289501180248
"ENSG00000256223",-0.0129610410063892,3.2077311688198,0.0177002059870814,0.894266042842586,0.912938414190668
"ENSG00000152527",-0.0244507461312,2.93250629462954,0.0176456514049084,0.894428150842689,0.913016246904592
"ENSG00000181991",-0.0088727607787415,4.17631831665784,0.0176224881878965,0.894497057064652,0.913016246904592
"ENSG00000172986",-0.0217070110100217,4.05734287871764,0.0176097300991412,0.894535029667074,0.913016246904592
"ENSG00000237973",-0.0241338965398916,6.44927744287162,0.0176070262954973,0.89454307894435,0.913016246904592
"ENSG00000173575",-0.0080234023795153,6.60879636852629,0.0175463784387062,0.894723794378193,0.913149451329924
"ENSG00000198763",-0.0172334778193056,11.8801954860032,0.0174967327165517,0.894871962902783,0.913249425500831
"ENSG00000266274",0.0184816760258826,-1.15635982034051,0.0174573153880269,0.894989757010403,0.913318391993784
"ENSG00000164418",0.0345204804631927,0.147519687243754,0.0172089489572957,0.895735104185488,0.914027719643495
"ENSG00000213533",0.012206955401047,-0.265635459516196,0.0170603477789738,0.896183674339767,0.914434146922394
"ENSG00000149311",-0.0122876487910178,5.75026420077806,0.0168373149521295,0.89686067092821,0.915073593786732
"ENSG00000175175",0.0346645216734455,2.41584418197247,0.0166699750366401,0.89737161575111,0.915543554567857
"ENSG00000251301",-0.0289913283105044,0.0203709822676721,0.0166042612847662,0.89757297453143,0.915664636658503
"ENSG00000166845",-0.0141243029297727,3.33623744981196,0.016598390474199,0.897590983449772,0.915664636658503
"ENSG00000178878",-0.0146764155069394,4.71968697095784,0.0164517329955899,0.898041915726249,0.916073267707741
"ENSG00000275713",-0.0294400206622269,2.48693299821275,0.0163867805032012,0.898242279833388,0.916205110388173
"ENSG00000272034",-0.0178388573046951,-1.17933135744861,0.0163771857849757,0.898271911614356,0.916205110388173
"ENSG00000134516",0.0164438638276316,4.87394464491897,0.0161924493131769,0.898844170975845,0.916737384719827
"ENSG00000217624",-0.0154884278685811,0.482042144796613,0.0161434132008701,0.898996626917419,0.916841462956937
"ENSG00000135750",-0.0243602624556475,5.05712023669465,0.0161160101366141,0.899081927033564,0.916877044512838
"ENSG00000213250",-0.0148945439134393,-1.21884338999282,0.0160778719371703,0.899200766169552,0.916946823003578
"ENSG00000006047",-0.025318539998305,3.67818391761922,0.0159228672047314,0.899685243198169,0.917345582104958
"ENSG00000247199",-0.0176428986728208,-0.721249983342469,0.0159204932793864,0.899692681635597,0.917345582104958
"ENSG00000181135",-0.0137077570916493,4.42523661781938,0.0158426118004953,0.899937028007392,0.917543285240117
"ENSG00000145912",0.0118547047032939,5.1346563905442,0.0157618040772687,0.900191201052918,0.917750984571215
"ENSG00000259417",0.0197099418297667,-1.31282606016353,0.015697526905155,0.900393851800674,0.917906136233993
"ENSG00000280128",0.0128074382836629,3.88694416528342,0.0154417263438969,0.901204536445084,0.918666561101106
"ENSG00000198563",0.0102958324313786,6.03872267584005,0.015430337545625,0.901240787867112,0.918666561101106
"ENSG00000218336",-0.0267811372480378,3.72758230948717,0.0153894329139066,0.901371102611029,0.918747904858181
"ENSG00000258738",-0.0120834817278266,0.79812368769208,0.0153042903359463,0.90164291662335,0.918973458534351
"ENSG00000132478",0.0089975007670677,5.06325432058539,0.0152347773029563,0.901865403757738,0.919148714756569
"ENSG00000180917",0.010051577229311,5.14173228170695,0.0151771450633142,0.902050255642464,0.919285596998102
"ENSG00000282508",0.013549894539166,0.31205189490327,0.0151337327954333,0.902189733243349,0.919376225248209
"ENSG00000089682",0.00938918149162135,3.75861972065591,0.0151151751261474,0.902249418421611,0.919385535450292
"ENSG00000163528",0.0103887704899918,4.19984535300069,0.0150775118711987,0.902370665441967,0.91945757216014
"ENSG00000187210",0.0222886697870806,5.3681045546546,0.0150503700823412,0.902458136684722,0.919495187385678
"ENSG00000171843",0.0185840784030772,4.47711226568971,0.0148730650689305,0.90303152730737,0.92002786347
"ENSG00000160991",-0.0104670870462324,5.61511468403697,0.0148434796642649,0.903127541256425,0.92007414554259
"ENSG00000068394",0.00870516333051868,4.75670136552498,0.0146436128395381,0.903778731949863,0.920685985028795
"ENSG00000217165",0.0156190660904209,3.37855768214609,0.0143925699716727,0.904603083201643,0.921474146024726
"ENSG00000140832",-0.0123352618430996,4.47727398868889,0.0141979755888857,0.905247104556466,0.922078535935988
"ENSG00000084463",-0.0117420611752437,7.37977862882114,0.0140645939357043,0.905691127993242,0.922456473951726
"ENSG00000055332",0.0113305363722606,7.20499050718088,0.014056069059525,0.905719579493618,0.922456473951726
"ENSG00000167280",0.0128203416241678,4.44624891795752,0.0140383327335659,0.905778801963813,0.922465135232535
"ENSG00000135114",-0.0241679122199449,4.88950125884821,0.0140051627115593,0.905889660219733,0.922526379623545
"ENSG00000157873",-0.0147631831503036,4.97219644001705,0.0138354164498681,0.906459068158815,0.923054561988272
"ENSG00000219201",0.0162220664008768,-0.840385856401532,0.0134766343391194,0.907674361401852,0.924240358592368
"ENSG00000145907",-0.00819949475394472,7.84314078834498,0.0132311034123609,0.908515516639307,0.925029952355748
"ENSG00000166710",-0.0138267565248284,11.4251170933656,0.0132082200562002,0.908594313283306,0.925029952355748
"ENSG00000198416",-0.0156062862591352,-0.053878062988084,0.0132058783492147,0.908602380626536,0.925029952355748
"ENSG00000160691",0.00870958758630177,6.82671633917859,0.013157310398334,0.908769864279451,0.925148678580245
"ENSG00000278530",-0.0346960519545492,0.817187636508093,0.0131095963763866,0.908934708476106,0.925264704637791
"ENSG00000198300",-0.0493796576261197,4.71354305621049,0.0129457602651842,0.909503061618992,0.925791453141159
"ENSG00000179542",-0.0273864206296964,2.69824032714925,0.0128911037258342,0.909693476669252,0.925933457589141
"ENSG00000144199",-0.0124819782862866,3.51877826905036,0.0127219741299935,0.910285303025337,0.92648400063933
"ENSG00000160439",0.0106764668873632,3.8282040465028,0.0126520210788331,0.910531250234601,0.926682467644056
"ENSG00000144021",-0.00523259680271425,6.64640494479238,0.0126019814191002,0.910707606859988,0.926810091403842
"ENSG00000155304",0.0128358109984147,5.90222408768152,0.0125816355811571,0.910779413823527,0.926831308600812
"ENSG00000113263",0.0246375122497293,3.05320464470591,0.0125430002386004,0.91091593230108,0.926918371751821
"ENSG00000229931",0.0161746030873823,-0.233235895836094,0.0123946218455292,0.911442218393361,0.927402017797955
"ENSG00000175224",0.0065982221562214,6.66654272617619,0.0123165190580345,0.911720524143886,0.927633301249105
"ENSG00000183918",-0.0260505542924475,2.216014228203,0.0122799849299624,0.911851013824722,0.927714171250436
"ENSG00000160218",-0.00954572830759285,5.13725866523509,0.0122655089382874,0.911902772363761,0.927714935885003
"ENSG00000185437",-0.0221869585111171,-0.766812777970965,0.012156392734765,0.912293913618748,0.92806094864913
"ENSG00000215424",0.0120231905690068,2.41178203301693,0.0121006477412535,0.912494424638493,0.928213008687075
"ENSG00000172974",0.0134441114349992,-0.929314838621917,0.0120431570413765,0.912701705109524,0.928371937393435
"ENSG00000162144",-0.00673106770250286,4.74454634660837,0.0118966707661054,0.913232130181069,0.928859522633558
"ENSG00000115170",0.00902914367148878,5.4280894445373,0.0118645029870524,0.913349051114786,0.928926496766522
"ENSG00000114098",0.00546323157228298,5.57059850428192,0.0117172703315737,0.913886259329213,0.92942089491611
"ENSG00000149483",-0.00744849682592048,4.90979403261383,0.0115936863512352,0.914339822500675,0.929806770884853
"ENSG00000023287",-0.0101326108085281,6.95799849537958,0.0115765226643865,0.914403007661229,0.929806770884853
"ENSG00000143028",-0.0139807146414154,-0.329880562694355,0.011572166514,0.914419051617406,0.929806770884853
"ENSG00000106638",0.00741884204799077,6.07881063993647,0.0115173506386891,0.914621203359535,0.929952369970155
"ENSG00000185561",0.0136155686234125,3.5188246339414,0.0115056270472594,0.914664501121404,0.929952369970155
"ENSG00000235560",-0.0125683190898172,0.384442256043266,0.0114162609371552,0.914995285519052,0.93023668267303
"ENSG00000163512",-0.00662323174262486,4.18416123112555,0.0112592234951691,0.915579740319619,0.930713279518616
"ENSG00000213988",0.0224956399324001,1.70855455810739,0.0112544091590818,0.915597723008994,0.930713279518616
"ENSG00000271895",-0.0127109474248533,-1.09328911707697,0.011249091809843,0.915617589093171,0.930713279518616
"ENSG00000080189",0.00747639818765291,6.14281405041833,0.0112222043406513,0.915718115828754,0.930763445327673
"ENSG00000272037",0.0140389317307417,-0.324322583255652,0.0111777141059641,0.915884723545018,0.930880768473696
"ENSG00000165637",0.00855236595546733,6.29959401941922,0.0111246679881749,0.916083810286134,0.931031087476766
"ENSG00000233830",0.0140513713370666,-0.841157225668567,0.0110437018438793,0.916388610989432,0.931288822521976
"ENSG00000109339",-0.0224404725161658,3.0922886121022,0.0109164669022739,0.916869884262112,0.931725860708419
"ENSG00000164597",0.00833917325440516,5.70362829566672,0.0105736015958757,0.918181090940321,0.933006183698673
"ENSG00000079102",-0.0160112185764736,2.25115849470134,0.0104413059941443,0.918692758888342,0.93347396081906
"ENSG00000132963",0.00849586834636139,6.67801316354519,0.0104106026436569,0.918811975048945,0.933530404571406
"ENSG00000229344",0.0375274417905248,2.35578377884959,0.0104005716373148,0.918850962317864,0.933530404571406
"ENSG00000186862",0.0172022582228204,1.34372524141178,0.0103691024675448,0.918973396217489,0.933566640040154
"ENSG00000189420",-0.0165544381831232,1.25103027407355,0.0103650219988396,0.918989285423297,0.933566640040154
"ENSG00000143771",-0.00949130593179786,6.16020253089669,0.0103463300474824,0.919062111670494,0.93358847735621
"ENSG00000177508",0.0136326573138228,6.24861717285294,0.0102193173889508,0.919558739725452,0.934040788457865
"ENSG00000151164",0.0106386571668802,0.280582454126665,0.0101762693187292,0.919727767361369,0.934160307855508
"ENSG00000197728",0.0115462521218029,7.10724073860588,0.00998605728704826,0.920478992027004,0.934871113859009
"ENSG00000177272",0.0193496967417857,0.645133173652581,0.00988943721695851,0.920863352081058,0.935209260575704
"ENSG00000145362",0.0138531421939921,3.45948577331087,0.00987020163153678,0.920940098331131,0.935234980929459
"ENSG00000090674",-0.00738649619713523,4.49337837322249,0.00971936574350014,0.921544541181883,0.935796556027921
"ENSG00000084676",0.0072570612252256,6.25153732201807,0.00966485116958107,0.921764160758584,0.93596356260712
"ENSG00000180425",0.0110358317974308,3.04377402002873,0.00965301542383455,0.921811925279378,0.93596356260712
"ENSG00000176108",-0.00944103599537653,3.67651815982927,0.00938745490048437,0.922891505460088,0.937007407687177
"ENSG00000100804",-0.00777542748251169,7.01430998799138,0.00936366136434466,0.922988981224452,0.937054065895079
"ENSG00000130731",0.0103626012824236,5.46773692402531,0.00933372369316367,0.923111805640734,0.937126452388573
"ENSG00000185909",-0.00972151321581799,4.6277704324757,0.00930073198412338,0.923247390276626,0.937211784023624
"ENSG00000172728",-0.0104552695481516,2.9637063736642,0.00917887566487017,0.923750293925152,0.937669960146816
"ENSG00000135720",0.00862174960628256,6.59552240514739,0.00915052902442702,0.923867763296942,0.937699644009156
"ENSG00000052841",-0.00673759042954092,6.69932934129552,0.00914694009190379,0.923882649034753,0.937699644009156
"ENSG00000138316",0.0143272564144885,2.5446512470501,0.00910308086266264,0.924064801637182,0.937791092871545
"ENSG00000087152",-0.00561568024175279,6.30617814124603,0.00910041865144385,0.924075872357809,0.937791092871545
"ENSG00000249751",-0.0116998093620343,-0.576401958803084,0.00904822696825889,0.924293240777408,0.937959351852898
"ENSG00000081818",-0.0180873611157057,2.24861450509303,0.00894830834714608,0.924711154899875,0.938331091571018
"ENSG00000110719",0.0135157411533568,6.0272639902756,0.00890847938572037,0.924878397226718,0.938448440098162
"ENSG00000127472",-0.0160885318710759,-0.0937692600920714,0.00887370632172852,0.925024718457359,0.9385445486613
"ENSG00000128917",-0.00963170486551757,3.49087194410903,0.008524818618214,0.926509115138319,0.939981196803329
"ENSG00000182162",0.014603681970044,3.0573446693073,0.00851208819579117,0.926563852700784,0.939981196803329
"ENSG00000132561",0.0195549517723016,5.02336108887595,0.00850304907587466,0.926602743672127,0.939981196803329
"ENSG00000120675",0.0102741957561773,5.33355520395995,0.00849267660340713,0.926647397112585,0.939981196803329
"ENSG00000226944",-0.0151766852675241,-1.0536007895696,0.00820424428668462,0.927900298981611,0.941161873056882
"ENSG00000101266",0.00711236067213652,7.21892200066147,0.00820093131782452,0.927914817883,0.941161873056882
"ENSG00000286129",-0.0107693783666723,-0.724833720599859,0.00799994836591899,0.928801213158418,0.942008390393426
"ENSG00000280046",-0.0116482469947826,0.21156653217694,0.00787843011670366,0.929342597745845,0.942504916237394
"ENSG00000133997",0.00510472002698517,4.07313033857396,0.00782044622347224,0.929602408821083,0.942715841184157
"ENSG00000173692",0.00536470877748396,7.34126983175226,0.00777659799971517,0.929799526788646,0.942863168668148
"ENSG00000158321",-0.010980179761895,6.72262337262715,0.0077356009246987,0.929984334780095,0.942997997490125
"ENSG00000116747",0.0074007058243706,6.07571584305188,0.00765675932389546,0.930341132026548,0.943307197530319
"ENSG00000183726",-0.00466701494027237,7.16653342207512,0.00761347521801498,0.930537801332647,0.943406874056913
"ENSG00000128654",-0.00596352088369179,5.2921258670251,0.00760913477008641,0.930557553999354,0.943406874056913
"ENSG00000183605",0.00688524817783649,4.75785772984118,0.00759080729407374,0.930641021995025,0.943406874056913
"ENSG00000163138",0.00567695845304662,3.6946172562847,0.0075895136451428,0.930646917436174,0.943406874056913
"ENSG00000183530",0.00639128500322339,6.19184188608419,0.00753995362902085,0.930873155721275,0.943569529730911
"ENSG00000184117",0.00793967141082607,6.35002792310086,0.00753165086390042,0.930911130497662,0.943569529730911
"ENSG00000036448",-0.0148696095800021,0.0452412230595859,0.00735073695963861,0.931743884110678,0.944360978779884
"ENSG00000168237",0.00941243040219543,1.19159235875044,0.00731998887716536,0.931886441053489,0.944452835722772
"ENSG00000067167",0.0070555328693487,8.4048381634984,0.00726363928827805,0.93214847898682,0.944665767861608
"ENSG00000135776",0.00694705466857367,5.05811538506673,0.00720253511291813,0.932433786498092,0.944902257010658
"ENSG00000250654",0.0114653648305924,-1.4852210570296,0.00717029382083908,0.932584818838362,0.945002656695756
"ENSG00000135945",-0.00480357447288782,5.00990087657263,0.00711411484126721,0.932848805243866,0.945217496923423
"ENSG00000128274",-0.0128391370029094,4.16196113793194,0.0070046589738055,0.933366173638812,0.945689040507087
"ENSG00000167613",0.0097883858020945,5.10616056381652,0.00698670880088745,0.933451406798271,0.945722715399229
"ENSG00000157881",0.00574746286290513,4.22253670807546,0.00695665359101194,0.933594365778255,0.945814867976098
"ENSG00000257038",-0.0118108582075567,-1.16877088795105,0.00694219820404316,0.933663234234937,0.945831954119697
"ENSG00000163993",-0.0254943872508119,6.07072061405997,0.0068665832587681,0.934024661947007,0.946145394123763
"ENSG00000137474",-0.015166789025719,3.33094100252621,0.00681553281320683,0.93426980936128,0.946341016521662
"ENSG00000279539",0.00913244884893489,-0.800291610642624,0.00679526782345823,0.934367379315729,0.946387141225955
"ENSG00000100263",-0.00890170613408143,4.66176916594734,0.0067172855284382,0.934744214335992,0.946716102591771
"ENSG00000008130",0.00521393148549354,5.95375485160016,0.00669584657052614,0.93484819957287,0.946720979468564
"ENSG00000090615",0.00469248188336758,6.93724843037797,0.00669483019431074,0.934853133453674,0.946720979468564
"ENSG00000176410",-0.00691293485905199,3.85582229283914,0.00666599256327154,0.934993279842188,0.946810187281873
"ENSG00000110848",0.0145851486639508,2.60842867321563,0.00649866475029201,0.935812559599136,0.947587063466713
"ENSG00000128641",0.00907538382922055,6.86917486700385,0.0063713438033606,0.93644309279299,0.94816191241392
"ENSG00000185115",-0.00562424638014956,4.09487031465544,0.0063581849492019,0.936508619668076,0.94816191241392
"ENSG00000100330",0.00652564078239542,2.91203335219676,0.00635255835203207,0.936536659144275,0.94816191241392
"ENSG00000263432",-0.0102816823404025,-1.29415132231636,0.00631352860450215,0.936731504218412,0.948306389776494
"ENSG00000119698",-0.0298365969017887,1.87696115643455,0.00621040402997509,0.93724926053202,0.948777734210295
"ENSG00000164889",-0.0069824512799145,6.14095829352584,0.00612791344693854,0.93766654187789,0.949147320997053
"ENSG00000134375",-0.0058237055799351,6.63294462226583,0.00595704834206544,0.938539954332707,0.949935380473457
"ENSG00000159267",0.00520351925349931,5.72014388630244,0.00595518921875041,0.938549526451947,0.949935380473457
"ENSG00000120659",0.0153785892856959,0.358506469114933,0.00592700904955589,0.938694802947166,0.95002955183368
"ENSG00000275342",-0.0112097321502334,4.92227098777047,0.00588695051097315,0.938901914952938,0.950186291406857
"ENSG00000258890",0.00600807352544049,5.20210950113712,0.00587301613299902,0.938974125026964,0.950206497857365
"ENSG00000203993",0.00645046756347207,3.20543830424513,0.00582127940307723,0.939242989450409,0.950425697792592
"ENSG00000178458",0.00971683501368101,-0.600165914247835,0.00580369002956325,0.939334671111461,0.950465590997232
"ENSG00000165102",0.00824740537986384,7.26097130472381,0.00576212822666902,0.939551861816277,0.950625578884135
"ENSG00000251661",-0.0126937952686978,-0.426038826832576,0.0057534485772256,0.939597318649664,0.950625578884135
"ENSG00000114948",0.0107445686332576,1.23593749908474,0.00571775317222439,0.939784625227912,0.950762196220117
"ENSG00000140382",-0.00555620607698749,4.63529539747138,0.00562413667865827,0.940278676604046,0.951161542303169
"ENSG00000259248",-0.0115318188936721,-0.372301160561788,0.00562314113026127,0.940283952639706,0.951161542303169
"ENSG00000136492",0.00873547756114015,4.28717231855535,0.00560915074971998,0.94035814618276,0.95118369182871
"ENSG00000075884",0.0102618610043015,3.06060536077296,0.00556171484777845,0.940610402538019,0.951385941572767
"ENSG00000235568",-0.0102106468069734,3.80402042317572,0.00546644290688467,0.941120332504531,0.951848779824969
"ENSG00000164627",-0.0151798311198772,0.717050091073655,0.00542288034733625,0.941354983223418,0.952033164750196
"ENSG00000236305",-0.00972260987055035,-0.963786197201965,0.0053929097700475,0.941516971091401,0.952144046161268
"ENSG00000138448",0.00859555901330896,7.50554800477288,0.00537853218052034,0.941594841091869,0.95216985265089
"ENSG00000135631",0.00543784214256031,5.6936221787384,0.00525571575553762,0.942264334344596,0.952793890757743
"ENSG00000101365",-0.00549005565006824,6.19973524628704,0.00508646307229725,0.943199980946686,0.953622757369033
"ENSG00000185504",-0.00602077004490849,5.68292962238271,0.00507775413599275,0.943248545041263,0.953622757369033
"ENSG00000198468",-0.00980147044101756,1.36218240225262,0.00506929048584713,0.943295781457222,0.953622757369033
"ENSG00000249207",-0.00928012909256878,-0.923339051094677,0.00506572880958947,0.94331567135043,0.953622757369033
"ENSG00000176593",0.00883245980826775,2.45297786149285,0.00506026484674658,0.943346198074755,0.953622757369033
"ENSG00000145431",0.00996494120611137,5.02324088846468,0.00498385311944873,0.943774852655288,0.953998690283916
"ENSG00000213881",0.00753130978747939,-0.980591799846228,0.00497110539160203,0.943846685499957,0.953998690283916
"ENSG00000095485",0.0042741525412949,4.66320827947061,0.0049660077999163,0.943875436092978,0.953998690283916
"ENSG00000131779",0.00582716815846095,5.70220442215122,0.00489206149424052,0.944294175751319,0.954368885783784
"ENSG00000149262",0.0067173709205007,5.0389587918062,0.00487745904611776,0.944377240987016,0.954399803248978
"ENSG00000228630",0.0202903196279099,2.56052529054224,0.00484133579004552,0.944583264646683,0.954554973741187
"ENSG00000106479",-0.00706187921373481,4.14739860532903,0.00470859125808594,0.945347067376118,0.955273763066661
"ENSG00000002726",0.0257369544176528,2.71709777906993,0.0046818960580404,0.945501970794917,0.955322849399469
"ENSG00000241839",0.00550683910653927,5.42921109232211,0.00467554211154414,0.945538905968667,0.955322849399469
"ENSG00000232187",0.00736519511563609,1.266679602229,0.00467308112667337,0.945553218324678,0.955322849399469
"ENSG00000163933",0.00427808816748139,4.40606901225074,0.00463872233943585,0.945753435666877,0.955472059540585
"ENSG00000123064",-0.00542354676323319,5.87166132631495,0.0046077224463087,0.945934720122856,0.955602126727089
"ENSG00000213096",0.00838179048051597,4.48337145298768,0.00437931093535022,0.947289786021274,0.956917891038874
"ENSG00000236296",0.0114144480012984,-1.39676593402286,0.00428401350231478,0.947865618572781,0.957446399566907
"ENSG00000248636",0.00751365329016216,-1.82600687833049,0.00425276866015181,0.94805581242221,0.957585334388579
"ENSG00000179965",-0.00682259415663512,1.8824510845151,0.00421591149413049,0.948281073953323,0.957716118984163
"ENSG00000141429",-0.00523651920509802,7.32547352335831,0.00421435501589519,0.94829060846634,0.957716118984163
"ENSG00000261126",0.0112728324209682,-0.343348190999732,0.00419527391308324,0.948407637521549,0.957737413459526
"ENSG00000103184",0.0171054620132265,0.180832002108022,0.00419374786507255,0.948417008677124,0.957737413459526
"ENSG00000115526",-0.00788094261828917,4.13718713633405,0.00408966093973534,0.949060277273592,0.95833379541706
"ENSG00000198286",0.00964570285704244,2.97689454746134,0.0039443057555075,0.949972503689692,0.959201681957926
"ENSG00000227372",0.00515866286411812,4.36193391529729,0.00379305391863005,0.950939838260007,0.960125112594261
"ENSG00000136875",-0.00432776565494235,5.82905129040389,0.00375920570283163,0.951158952315646,0.960251265032603
"ENSG00000164056",0.00762537990058432,4.82162948449028,0.00375744524246383,0.951170375567813,0.960251265032603
"ENSG00000205544",0.00726977758062572,2.42303749874017,0.00371953760470917,0.951417005028065,0.960446938305514
"ENSG00000259134",0.00990528168283721,-1.52512116400536,0.00360659908625669,0.952159364027894,0.96114299661113
"ENSG00000150681",0.00872192403662498,0.62084177316739,0.00355527085063909,0.952500604306592,0.961434096849342
"ENSG00000259523",-0.00747493770546107,-1.28462238144624,0.003533697159269,0.952644767958609,0.961491739473639
"ENSG00000241764",0.00562764211072069,0.742754735581961,0.00352516980844264,0.952701872718658,0.961491739473639
"ENSG00000153786",0.00403393850103018,6.11161560449257,0.00351958482197856,0.952739311039442,0.961491739473639
"ENSG00000242574",0.0079720255319757,5.25319935324036,0.00351513405276226,0.952769167612348,0.961491739473639
"ENSG00000132821",0.01748148156646,2.40565279468328,0.00350390656753325,0.952844568020067,0.961514480867121
"ENSG00000018236",0.0161662871953743,3.79833263802492,0.00346037601176442,0.953138058524668,0.961757282022006
"ENSG00000156599",-0.00364609445475607,7.324805329026,0.00341675806982947,0.953434002171816,0.962002531426883
"ENSG00000125999",-0.032404940317849,5.07186755897451,0.00340712850412557,0.953499592850119,0.962015343360402
"ENSG00000125755",0.00415808662424078,6.68303730725598,0.00335772823862079,0.953837549136853,0.962302936748452
"ENSG00000249572",-0.00818559371569148,-0.691234523941107,0.00330864203134129,0.95417583674804,0.962590832479525
"ENSG00000168356",-0.0117456419876365,-0.556602357684615,0.00328107876640517,0.954366898977733,0.962730180732502
"ENSG00000166170",-0.00434110595810305,6.20058525178894,0.00326694637083379,0.954465173773901,0.962752772026388
"ENSG00000135047",-0.00525974087601009,6.88934925285019,0.00326264017912143,0.954495160830208,0.962752772026388
"ENSG00000141441",-0.0082577228095453,3.90709487063425,0.00325209703217133,0.954568664134332,0.962773518730951
"ENSG00000166896",-0.00486380344607365,2.97078306616992,0.00323437993198456,0.954692451579027,0.962836272088067
"ENSG00000163467",0.00681321365127672,0.0944265610647914,0.00322805026691033,0.954736758693,0.962836272088067
"ENSG00000139437",-0.00344778330890542,4.44951006825347,0.00320791008510488,0.954878028950555,0.962925348777595
"ENSG00000124749",0.0128422104929694,1.76342591993927,0.00319652853042168,0.954958059935339,0.962952663641623
"ENSG00000225518",-0.00859410252642681,0.952766016449175,0.00317984487732214,0.955075632135468,0.963017828876809
"ENSG00000271387",-0.0109913485492502,-1.15206762028174,0.00316274984542261,0.955196424784172,0.963086233936167
"ENSG00000271784",-0.00847126383094872,-0.702350802495018,0.0031014193799381,0.955632500556068,0.963472501114954
"ENSG00000237807",0.0108606441987096,4.15299764908762,0.00301595279063555,0.956247468905865,0.964039075686484
"ENSG00000126882",-0.00580287853283951,3.44391236457732,0.00293717022364158,0.956822132062415,0.964564956099723
"ENSG00000204237",-0.00598886448907364,4.45169816702618,0.00282397330782212,0.957661530781301,0.965357641293039
"ENSG00000105072",0.00439016316094537,2.66497297114543,0.00274274606404195,0.958274306969245,0.965921807534728
"ENSG00000164935",-0.010354228930019,0.259997855819703,0.00273151500957554,0.958359746004265,0.965954395141345
"ENSG00000180479",-0.00536266177340539,2.55554629392436,0.00272067356281092,0.958442388372419,0.965984160463125
"ENSG00000112936",-0.017881207883135,3.5277899232802,0.00265290924016916,0.958962728210296,0.966455039656944
"ENSG00000165506",0.00351026356516637,4.08886926500534,0.00262985537102498,0.959141267346041,0.966581414588309
"ENSG00000156218",-0.0102694590774049,3.34480867111218,0.00258438976299869,0.959495687233515,0.966853391884253
"ENSG00000129009",0.00783940390202075,7.19091771494482,0.00258160854284408,0.959517468853682,0.966853391884253
"ENSG00000221978",-0.00443593868578379,6.25512613154266,0.00248013018921138,0.960320419220794,0.967608874011845
"ENSG00000066735",-0.00918761182871965,2.2316436570903,0.00246540265141762,0.960438310055007,0.96764719853411
"ENSG00000166181",0.00315257240385185,7.00951918471537,0.00245664953720225,0.960508544180216,0.96764719853411
"ENSG00000210144",-0.00934698257408546,-1.08750691572543,0.00245546448117608,0.960518062587135,0.96764719853411
"ENSG00000173674",-0.0034421808033203,6.72448913293711,0.00244170519339182,0.960628746635968,0.967705103506785
"ENSG00000158864",0.00379858532975817,7.46456475311824,0.00236804362456505,0.961226694445248,0.968253828011197
"ENSG00000138032",-0.00306788794528098,4.75991568168402,0.00235186660940907,0.961359254511605,0.968333727698791
"ENSG00000136271",-0.00309163982161088,6.46055585551671,0.00234401764571516,0.96142373628163,0.968345050143443
"ENSG00000180767",-0.00822537695972501,-1.03888361688036,0.00230775804916849,0.96172303500649,0.96859286564583
"ENSG00000176083",-0.0106734818327858,2.01031545295581,0.00228047508639577,0.961949794573361,0.968767600426373
"ENSG00000156875",0.00706503214689393,-0.263407901512858,0.00222693162038003,0.962398803003179,0.969123784434078
"ENSG00000055208",-0.00380145969039861,6.96979784252139,0.00222559989008292,0.962410039281301,0.969123784434078
"ENSG00000174839",-0.00320017060826292,5.19369792755454,0.0022088982292494,0.962551244209941,0.969212314105653
"ENSG00000225138",0.00870868637025487,2.49192826106956,0.00211792162498707,0.963329984695906,0.969942745884032
"ENSG00000163013",0.0050737826576762,4.43026849691456,0.00208422688254972,0.96362264709385,0.970147841519525
"ENSG00000259972",0.00530268466713734,1.72141095645499,0.00208219601892239,0.96364036204595,0.970147841519525
"ENSG00000278997",-0.00646560008060459,-0.538754337194606,0.002060654757853,0.963828799141185,0.970247253802976
"ENSG00000231822",0.00517869977837999,-1.50591496507315,0.00205871699763302,0.963845798422706,0.970247253802976
"ENSG00000164885",0.00408833093717657,4.43981905269527,0.00204257120193343,0.96398775258587,0.970336446069611
"ENSG00000157379",0.00403590621522182,4.65782270655828,0.00203575381709186,0.964047859928975,0.970343247171455
"ENSG00000214063",0.00479816209728666,5.14193613320045,0.00200341549702284,0.964334363252545,0.970577909293193
"ENSG00000170759",-0.00382623499844656,8.27434171961321,0.00195141475570497,0.964799969669061,0.970938609524937
"ENSG00000173511",-0.00385995718944662,6.10021927364755,0.00195040258392684,0.964809093778504,0.970938609524937
"ENSG00000246339",0.00757739465840574,-0.583199667754777,0.00194554736918476,0.964852893586635,0.970938609524937
"ENSG00000164050",0.00401289277905275,6.48454554841994,0.00189002095570833,0.965357756071611,0.971392911061159
"ENSG00000168566",-0.00343114817147455,4.36102137438354,0.00185463315384276,0.965683397344751,0.971666830654256
"ENSG00000160469",0.00618048633435738,2.66734821080451,0.00176480463506955,0.966524265048509,0.972459110068169
"ENSG00000272031",-0.00702644795161085,0.530959422880559,0.00166970013829845,0.967438233784133,0.973324847663779
"ENSG00000182552",0.00280762856887439,4.01478485672922,0.00165853394861476,0.96754723489613,0.973380668637138
"ENSG00000204427",-0.00379332879647314,-0.118883975865298,0.00163938518553087,0.967735018690056,0.973515736722054
"ENSG00000121406",-0.00468235445623624,3.48644510476945,0.00160342398711715,0.968090667780898,0.973819648559204
"ENSG00000225630",-0.00737322290153053,7.16301799431018,0.00156106016475025,0.968514802195689,0.974192413578984
"ENSG00000176974",0.00373374967784366,4.91831349674447,0.00154878109277765,0.968638811232691,0.97426326929714
"ENSG00000086504",0.00382140643028375,5.71104797336701,0.00149499985025066,0.969187851701328,0.974761592940928
"ENSG00000147457",-0.00290445821195341,5.61300013438754,0.00146764183695163,0.969470939873293,0.974970949066615
"ENSG00000287787",-0.0070824949140344,-0.482432376893356,0.00146453821037724,0.96950322106987,0.974970949066615
"ENSG00000135744",-0.0138081157788652,4.87906929278961,0.00143535458377285,0.969808454945104,0.97522398289056
"ENSG00000158526",-0.00319961058047153,6.05708634564224,0.0013753302904857,0.970446181388545,0.975811319498831
"ENSG00000168724",-0.00264113656000817,6.30085377620817,0.00136396966547971,0.970568440098107,0.975880302311038
"ENSG00000148824",-0.00363535208844508,1.52240094869871,0.00130468099919782,0.971214922616727,0.976476341213545
"ENSG00000179859",-0.00299129524409653,2.44618758592464,0.00129959052787645,0.97127110837329,0.976478852417965
"ENSG00000213430",-0.00434680925599703,-0.258316385772145,0.00127986235497309,0.971489904742776,0.976644836804201
"ENSG00000221909",-0.00239929165714232,3.41816743947353,0.00121990477114467,0.972165440223318,0.977269940130531
"ENSG00000130592",0.00387701816732323,5.37199228349572,0.00119857505882841,0.972409754813326,0.977461513238906
"ENSG00000278107",0.00486772252640479,-0.754267678201063,0.00118531123779678,0.972562779941261,0.977561306525099
"ENSG00000101665",0.00282300146660992,5.26866473984509,0.00117606102388929,0.972670007895276,0.977615058775381
"ENSG00000280161",-0.00445110598835228,-1.17348877305625,0.00115517713799524,0.972913656132263,0.977805911351804
"ENSG00000128000",-0.00344499413363598,3.88530151843873,0.00114124271972713,0.973077454630168,0.977916496011355
"ENSG00000284707",0.0058129423926475,-0.285410597063776,0.00112213421435963,0.973303710819649,0.978089833271881
"ENSG00000110768",0.00220633575937225,5.5985632453367,0.00109654898250641,0.97360969722158,0.978343269230171
"ENSG00000227741",-0.0048879486506686,-1.37704104109877,0.00106038221307713,0.974048396349109,0.978730027777338
"ENSG00000134917",0.00814937937531199,0.357155501768561,0.00103189293560068,0.974399268646748,0.979018229596833
"ENSG00000133574",0.0036310370290088,5.04347492165536,0.00102837942385472,0.974442874994033,0.979018229596833
"ENSG00000288093",0.00447884502731893,-0.642744916239695,0.00101645601529184,0.974591415614329,0.979113381970472
"ENSG00000169627",0.00452552175415548,-1.00186171728866,0.00100735125382666,0.974705429968177,0.979148343491786
"ENSG00000101181",0.00264338605141795,5.40541935075764,0.00100508530442794,0.974733885378397,0.979148343491786
"ENSG00000145685",0.00277138543586936,6.31610693332963,0.00100007127007068,0.974796965128946,0.97914835228579
"ENSG00000260196",-0.00647230039666102,1.39059662292287,0.00099653381558378,0.974841563843803,0.97914835228579
"ENSG00000272047",-0.00276672910880543,5.29700583885328,0.000982875867881587,0.975014505438911,0.979267978625154
"ENSG00000111142",-0.00212007674875714,6.63656501056607,0.000961613512832694,0.975286148210996,0.979486718037636
"ENSG00000167770",0.00214676239383938,6.47768304044304,0.000892072802148859,0.976196251051623,0.980346607814417
"ENSG00000169139",-0.0027069856015122,6.61603590500564,0.000817064584835079,0.977218681524192,0.981253843833707
"ENSG00000140525",0.00289999880372044,5.96313001821028,0.000816269943863871,0.977229759244394,0.981253843833707
"ENSG00000172845",-0.00190059595691558,7.09232534830147,0.000813995355628417,0.977261498086857,0.981253843833707
"ENSG00000219507",0.00329906029305413,0.733824483168988,0.000782715069836849,0.977702559911501,0.981642515024586
"ENSG00000228906",0.00492150455066304,-1.23769413846126,0.000777217464346787,0.977780983432385,0.981667063737482
"ENSG00000110931",0.00170602278593363,6.36335746027094,0.000758126021414336,0.978055502209391,0.981888473488127
"ENSG00000186918",-0.00241796258212256,5.53906690050067,0.000742436548833591,0.978283703815962,0.98206336267826
"ENSG00000251151",-0.00759224853555123,0.477912633501152,0.000732973117253183,0.978422516381321,0.982148503115154
"ENSG00000106591",-0.00193300980382951,5.41228226525022,0.000708259152854966,0.978789316389878,0.982462477179862
"ENSG00000221914",-0.00220835717246639,5.97202363821947,0.000678755407380449,0.979235696739917,0.982856291170775
"ENSG00000268941",0.00447865161321066,-0.711571448910938,0.000675219019506588,0.979289847241118,0.982856403356222
"ENSG00000138018",0.00213720048556116,6.56096214187216,0.000658377595235299,0.979549698548524,0.983062954102552
"ENSG00000130158",0.0022449204134102,5.02129138169467,0.000635314643966825,0.979911000807255,0.983371291253716
"ENSG00000186814",0.00192200504499422,4.23281097684901,0.000621995465161815,0.980122651807583,0.983529422955935
"ENSG00000150337",0.00315106477602428,2.66774162800256,0.00061847665241056,0.980178945911575,0.983531648915355
"ENSG00000114302",0.00186579370110278,6.44062666512929,0.000538528390128693,0.981504111321804,0.984807015872509
"ENSG00000164924",0.00200448986229828,10.6133660168911,0.000530137866436417,0.981648738500845,0.984897796549722
"ENSG00000174938",0.00496377478204261,6.19763691922927,0.000499335968666835,0.982189743489288,0.985386235014792
"ENSG00000164096",0.00153101638761106,7.012529381706,0.000480037047514244,0.982537254312745,0.985680506422516
"ENSG00000140945",-0.00311828921804171,3.00679513592125,0.000475052969177848,0.982628131549613,0.985717304981764
"ENSG00000119547",-0.00683916684754252,2.69495198020422,0.000470289651012642,0.982715430363144,0.985750510006887
"ENSG00000277406",-0.00256790839352541,-0.761171097528756,0.000451094133862725,0.983071797550875,0.986053595866945
"ENSG00000119616",0.00126288067281973,5.59576972232188,0.000436906167767086,0.983340100650587,0.986265675034776
"ENSG00000114841",-0.00227742190070322,3.02300395031326,0.000432496007983543,0.983424384745768,0.986265675034776
"ENSG00000180096",-0.00283607492573252,2.79058046810139,0.000427313737986598,0.98352397621535,0.986265675034776
"ENSG00000140795",0.00507928654207428,-0.149165047754451,0.000426832883338862,0.983533247705748,0.986265675034776
"ENSG00000278053",0.00183468712790931,5.35507071369707,0.000425738605335019,0.983554366273409,0.986265675034776
"ENSG00000250896",0.0022765754301752,-1.42623656405554,0.000415073667722293,0.983761628862904,0.986419124855752
"ENSG00000114698",-0.00271751920452934,4.07247203080184,0.000412157412984609,0.983818765881561,0.986422034942329
"ENSG00000103512",-0.00153961049544807,6.06710679805591,0.000388586365448179,0.98428821325899,0.986838323287278
"ENSG00000110906",-0.00105831612585503,6.34479124537305,0.000385813631102034,0.984344361597684,0.986840218759711
"ENSG00000288612",-0.00223809237893992,-0.456781506662363,0.000342985958840062,0.985238745064103,0.987682428221678
"ENSG00000243302",0.00180821191623552,2.56126215339413,0.000339375470507963,0.985316634917667,0.987706071201638
"ENSG00000068885",-0.00126104047874701,3.70160066575272,0.000321275334475495,0.985713515313134,0.987990634660709
"ENSG00000197969",0.00173822003830717,5.40924216018371,0.000320424298355005,0.985732447783339,0.987990634660709
"ENSG00000121594",0.00249094705697528,1.00427702508179,0.000319032119892162,0.985763473014508,0.987990634660709
"ENSG00000100030",-0.00117740877277667,7.40667941705339,0.000283463227364972,0.986580454745969,0.988754976356606
"ENSG00000174738",0.00155337443936249,5.96039951957761,0.000275789240672785,0.986763332713777,0.988882683029287
"ENSG00000151725",0.00168003393895226,5.26687515248871,0.000273572971409063,0.986816620682953,0.988882683029287
"ENSG00000114850",0.00109194122540411,7.92833596592794,0.00023780863788672,0.987708452445264,0.989721851857994
"ENSG00000089505",0.00175814099628534,0.0311870387097438,0.00022621440854384,0.988011806966932,0.989971283886875
"ENSG00000151376",-0.00197508618045089,3.22219030841211,0.000206974019882466,0.988532918186867,0.990438864980044
"ENSG00000251359",0.00204599560537738,-1.59592906684479,0.000202687679821696,0.988652270342655,0.990503883055646
"ENSG00000172426",0.00210476900909414,-0.0778523081882336,0.000192624569123469,0.988937535843153,0.990735108890954
"ENSG00000207425",-0.00283007936704163,-0.0698786137112395,0.000189319340270667,0.98903285039489,0.990776023517419
"ENSG00000213963",-0.00178459694068294,-0.0760135028634223,0.000183550872522769,0.989201214308005,0.990890107717904
"ENSG00000094916",0.00127193366944873,7.61318047074434,0.000169899593338994,0.989610518897427,0.991245518102567
"ENSG00000177733",0.000740940561822155,7.39038324687852,0.000146258629217418,0.990360374650064,0.991941984367826
"ENSG00000052344",-0.00156335597868947,7.1516406201017,0.000126501980541627,0.991035016308062,0.992557726908061
"ENSG00000133731",-0.00102588513256048,4.50176370834113,0.000125115464060349,0.991084279655668,0.992557726908061
"ENSG00000100380",-0.000726860307994825,8.13537210638154,0.00012100763892054,0.991231856795972,0.992650865070209
"ENSG00000144152",0.00172953127551363,3.52520089227708,0.000109828556555884,0.991646668994059,0.993011595863236
"ENSG00000205710",-0.00178779004022849,-0.470536337577572,9.94417111939887e-05,0.992051464791057,0.993362257301241
"ENSG00000197535",0.000725289544399969,5.75118483691997,6.98470380655066e-05,0.993338393805768,0.994596130280171
"ENSG00000177697",0.000794371825609109,7.7828234416282,5.95309142895835e-05,0.99384997353911,0.995053579143969
"ENSG00000154114",-0.000534434356794745,4.1761270803538,5.7779215379731e-05,0.993941129706489,0.995090068096087
"ENSG00000167676",-0.002257333301835,4.71469292549012,5.39534970375666e-05,0.994145148114297,0.995239539514687
"ENSG00000259820",-0.00106581111606623,2.74219555803929,4.29854966433965e-05,0.994774018297619,0.99581429053867
"ENSG00000154240",0.000558289439770681,2.33402811812496,2.2426691988961e-05,0.996225225491057,0.997202214289048
"ENSG00000286181",0.000587166618086183,-0.828286783225711,2.15182700577704e-05,0.996302466246341,0.997202214289048
"ENSG00000107874",-0.000377370110156257,5.49295231101321,2.08167377277695e-05,0.99636323820008,0.997202214289048
"ENSG00000111012",-0.000834663093753768,2.57090097278561,2.06275457121184e-05,0.99637980208241,0.997202214289048
"ENSG00000257267",-0.000241709140057382,5.300531344732,1.43579333313643e-05,0.996979666101586,0.997747670686456
"ENSG00000162069",-0.000515642406405225,4.38138282459254,1.20326803572373e-05,0.997235030470194,0.99794832100093
"ENSG00000226754",-0.000368601850953472,-0.276928753186933,1.14447780907622e-05,0.997303422598783,0.997961853555604
"ENSG00000040531",0.000207527553887744,4.16682193927477,1.07793108492747e-05,0.997382993816292,0.997986570475366
"ENSG00000282936",0.000365408663523068,-0.159337583050669,9.93409592799577e-06,0.997487688496576,0.998036421959277
"ENSG00000135439",0.000368735234612855,2.42645760358427,9.4660688479507e-06,0.997547583803808,0.998041446406494
"ENSG00000161204",-0.000164756747753569,6.13866580433984,5.93394862643071e-06,0.99805830284662,0.998487159000207
"ENSG00000139496",-0.000205840562360231,6.13643417366353,5.66466167379394e-06,0.998102872101537,0.998487159000207
"ENSG00000088298",0.000183121506572439,5.39207506889865,5.19623896000405e-06,0.998183002984757,0.998512400081771
"ENSG00000156381",0.000217671095318275,4.20404730893208,2.33900624494597e-06,0.998780938671062,0.998981580813369
"ENSG00000132256",0.000165531096676589,4.26054514545969,2.30384331383385e-06,0.998790136607587,0.998981580813369
"ENSG00000063169",-9.90204702398246e-05,4.09707948270678,2.20339822006515e-06,0.998816804876354,0.998981580813369
"ENSG00000174640",0.000192779747007249,4.50454381216931,1.73817278673623e-06,0.998949112125816,0.999034884128234
"ENSG00000111605",-6.29641448048925e-05,6.75362398714538,1.63763864710344e-06,0.998979955885209,0.999034884128234
"ENSG00000232229",4.45156963078749e-05,1.23723745790938,1.098119985613e-07,0.99973585954356,0.99973585954356
